57610.0, {'1863241632': 0.0, '2330725114': 0.0, '243351999': 0.0, '243641585': 0.0, '243749571': 0.0, '30503246': 0.0, '30624898': 0.0, '32564122': 0.0, '89127267': 0.0, '89173763': 0.0, '89173808': 0.0, 'cluster_1427494838_273472399': 0.0, 'cluster_1757124350_1757124352': 0.0, 'cluster_1863241547_1863241548_1976170214': 0.0, 'cluster_306484187_cluster_1200363791_1200363826_1200363834_1200363898_1200363927_1200363938_1200363947_1200364074_1200364103_1507566554_1507566556_255882157_306484190': 0.0, 'gneJ143': 0.0, 'gneJ207': 0.0, 'gneJ208': 0.0, 'gneJ210': 0.0, 'gneJ255': 0.0, 'gneJ257': 0.0}, {'1863241632': 0, '2330725114': 0, '243351999': 0, '243641585': 0, '243749571': 0, '30503246': 0, '30624898': 0, '32564122': 0, '89127267': 0, '89173763': 0, '89173808': 0, 'cluster_1427494838_273472399': 0, 'cluster_1757124350_1757124352': 0, 'cluster_1863241547_1863241548_1976170214': 0, 'cluster_306484187_cluster_1200363791_1200363826_1200363834_1200363898_1200363927_1200363938_1200363947_1200364074_1200364103_1507566554_1507566556_255882157_306484190': 0, 'gneJ143': 0, 'gneJ207': 0, 'gneJ208': 0, 'gneJ210': 0, 'gneJ255': 0, 'gneJ257': 0}, {'1863241632': 0, '2330725114': 0, '243351999': 0, '243641585': 0, '243749571': 0, '30503246': 0, '30624898': 0, '32564122': 0, '89127267': 0, '89173763': 0, '89173808': 0, 'cluster_1427494838_273472399': 0, 'cluster_1757124350_1757124352': 0, 'cluster_1863241547_1863241548_1976170214': 0, 'cluster_306484187_cluster_1200363791_1200363826_1200363834_1200363898_1200363927_1200363938_1200363947_1200364074_1200364103_1507566554_1507566556_255882157_306484190': 0, 'gneJ143': 0, 'gneJ207': 0, 'gneJ208': 0, 'gneJ210': 0, 'gneJ255': 0, 'gneJ257': 0}, 
57620.0, {'1863241632': 0.0, '2330725114': 0.0, '243351999': 0.0, '243641585': 0.0, '243749571': 0.0, '30503246': 0.0, '30624898': 0.0, '32564122': 0.0, '89127267': 0.0, '89173763': 0.0, '89173808': 0.0, 'cluster_1427494838_273472399': 0.0, 'cluster_1757124350_1757124352': 0.0, 'cluster_1863241547_1863241548_1976170214': 0.0, 'cluster_306484187_cluster_1200363791_1200363826_1200363834_1200363898_1200363927_1200363938_1200363947_1200364074_1200364103_1507566554_1507566556_255882157_306484190': 0.0, 'gneJ143': 0.0, 'gneJ207': 0.0, 'gneJ208': 0.0, 'gneJ210': 0.0, 'gneJ255': 0.0, 'gneJ257': 0.0}, {'1863241632': 0, '2330725114': 0, '243351999': 0, '243641585': 0, '243749571': 0, '30503246': 0, '30624898': 0, '32564122': 0, '89127267': 0, '89173763': 0, '89173808': 0, 'cluster_1427494838_273472399': 0, 'cluster_1757124350_1757124352': 0, 'cluster_1863241547_1863241548_1976170214': 0, 'cluster_306484187_cluster_1200363791_1200363826_1200363834_1200363898_1200363927_1200363938_1200363947_1200364074_1200364103_1507566554_1507566556_255882157_306484190': 0, 'gneJ143': 0, 'gneJ207': 0, 'gneJ208': 0, 'gneJ210': 0, 'gneJ255': 0, 'gneJ257': 0}, {'1863241632': 0, '2330725114': 0, '243351999': 0, '243641585': 0, '243749571': 0, '30503246': 0, '30624898': 0, '32564122': 0, '89127267': 0, '89173763': 0, '89173808': 0, 'cluster_1427494838_273472399': 0, 'cluster_1757124350_1757124352': 0, 'cluster_1863241547_1863241548_1976170214': 0, 'cluster_306484187_cluster_1200363791_1200363826_1200363834_1200363898_1200363927_1200363938_1200363947_1200364074_1200364103_1507566554_1507566556_255882157_306484190': 0, 'gneJ143': 0, 'gneJ207': 0, 'gneJ208': 0, 'gneJ210': 0, 'gneJ255': 0, 'gneJ257': 0}, 
57630.0, {'1863241632': 0.0, '2330725114': 0.0, '243351999': 0.0, '243641585': 0.0, '243749571': -0.035714287, '30503246': 0.0, '30624898': 0.0, '32564122': 0.0, '89127267': 0.0, '89173763': 0.0, '89173808': 0.0, 'cluster_1427494838_273472399': -0.03125, 'cluster_1757124350_1757124352': 0.0, 'cluster_1863241547_1863241548_1976170214': 0.0, 'cluster_306484187_cluster_1200363791_1200363826_1200363834_1200363898_1200363927_1200363938_1200363947_1200364074_1200364103_1507566554_1507566556_255882157_306484190': -0.004464286, 'gneJ143': -0.026785715, 'gneJ207': 0.0, 'gneJ208': 0.0, 'gneJ210': 0.0, 'gneJ255': 0.0, 'gneJ257': 0.0}, {'1863241632': 0, '2330725114': 0, '243351999': 0, '243641585': 0, '243749571': 1, '30503246': 0, '30624898': 0, '32564122': 0, '89127267': 0, '89173763': 0, '89173808': 0, 'cluster_1427494838_273472399': 1, 'cluster_1757124350_1757124352': 0, 'cluster_1863241547_1863241548_1976170214': 0, 'cluster_306484187_cluster_1200363791_1200363826_1200363834_1200363898_1200363927_1200363938_1200363947_1200364074_1200364103_1507566554_1507566556_255882157_306484190': 1, 'gneJ143': 2, 'gneJ207': 0, 'gneJ208': 0, 'gneJ210': 0, 'gneJ255': 0, 'gneJ257': 0}, {'1863241632': 0, '2330725114': 0, '243351999': 0, '243641585': 0, '243749571': 1, '30503246': 0, '30624898': 0, '32564122': 0, '89127267': 0, '89173763': 0, '89173808': 0, 'cluster_1427494838_273472399': 1, 'cluster_1757124350_1757124352': 0, 'cluster_1863241547_1863241548_1976170214': 0, 'cluster_306484187_cluster_1200363791_1200363826_1200363834_1200363898_1200363927_1200363938_1200363947_1200364074_1200364103_1507566554_1507566556_255882157_306484190': 1, 'gneJ143': 2, 'gneJ207': 0, 'gneJ208': 0, 'gneJ210': 0, 'gneJ255': 0, 'gneJ257': 0}, 
57640.0, {'1863241632': 0.0, '2330725114': -0.035714287, '243351999': 0.0, '243641585': 0.0, '243749571': -0.08035714, '30503246': 0.0, '30624898': 0.0, '32564122': 0.0, '89127267': 0.0, '89173763': 0.0, '89173808': 0.0, 'cluster_1427494838_273472399': 0.0, 'cluster_1757124350_1757124352': 0.0, 'cluster_1863241547_1863241548_1976170214': 0.0, 'cluster_306484187_cluster_1200363791_1200363826_1200363834_1200363898_1200363927_1200363938_1200363947_1200364074_1200364103_1507566554_1507566556_255882157_306484190': 0.0, 'gneJ143': -0.17410715, 'gneJ207': 0.0, 'gneJ208': 0.0, 'gneJ210': 0.0, 'gneJ255': 0.0, 'gneJ257': 0.0}, {'1863241632': 0, '2330725114': 2, '243351999': 0, '243641585': 0, '243749571': 1, '30503246': 0, '30624898': 0, '32564122': 0, '89127267': 0, '89173763': 0, '89173808': 0, 'cluster_1427494838_273472399': 0, 'cluster_1757124350_1757124352': 0, 'cluster_1863241547_1863241548_1976170214': 0, 'cluster_306484187_cluster_1200363791_1200363826_1200363834_1200363898_1200363927_1200363938_1200363947_1200364074_1200364103_1507566554_1507566556_255882157_306484190': 0, 'gneJ143': 4, 'gneJ207': 0, 'gneJ208': 0, 'gneJ210': 0, 'gneJ255': 0, 'gneJ257': 0}, {'1863241632': 0, '2330725114': 2, '243351999': 0, '243641585': 0, '243749571': 1, '30503246': 0, '30624898': 0, '32564122': 0, '89127267': 0, '89173763': 0, '89173808': 0, 'cluster_1427494838_273472399': 0, 'cluster_1757124350_1757124352': 0, 'cluster_1863241547_1863241548_1976170214': 0, 'cluster_306484187_cluster_1200363791_1200363826_1200363834_1200363898_1200363927_1200363938_1200363947_1200364074_1200364103_1507566554_1507566556_255882157_306484190': 0, 'gneJ143': 4, 'gneJ207': 0, 'gneJ208': 0, 'gneJ210': 0, 'gneJ255': 0, 'gneJ257': 0}, 
57650.0, {'1863241632': 0.0, '2330725114': 0.0, '243351999': 0.0, '243641585': 0.0, '243749571': -0.125, '30503246': 0.0, '30624898': 0.0, '32564122': 0.0, '89127267': 0.0, '89173763': 0.0, '89173808': 0.0, 'cluster_1427494838_273472399': 0.0, 'cluster_1757124350_1757124352': 0.0, 'cluster_1863241547_1863241548_1976170214': 0.0, 'cluster_306484187_cluster_1200363791_1200363826_1200363834_1200363898_1200363927_1200363938_1200363947_1200364074_1200364103_1507566554_1507566556_255882157_306484190': 0.0, 'gneJ143': -0.35267857, 'gneJ207': 0.0, 'gneJ208': 0.0, 'gneJ210': 0.0, 'gneJ255': 0.0, 'gneJ257': 0.0}, {'1863241632': 0, '2330725114': 0, '243351999': 0, '243641585': 0, '243749571': 1, '30503246': 0, '30624898': 0, '32564122': 0, '89127267': 0, '89173763': 0, '89173808': 0, 'cluster_1427494838_273472399': 0, 'cluster_1757124350_1757124352': 0, 'cluster_1863241547_1863241548_1976170214': 0, 'cluster_306484187_cluster_1200363791_1200363826_1200363834_1200363898_1200363927_1200363938_1200363947_1200364074_1200364103_1507566554_1507566556_255882157_306484190': 0, 'gneJ143': 4, 'gneJ207': 0, 'gneJ208': 0, 'gneJ210': 0, 'gneJ255': 0, 'gneJ257': 0}, {'1863241632': 0, '2330725114': 0, '243351999': 0, '243641585': 0, '243749571': 1, '30503246': 0, '30624898': 0, '32564122': 0, '89127267': 0, '89173763': 0, '89173808': 0, 'cluster_1427494838_273472399': 0, 'cluster_1757124350_1757124352': 0, 'cluster_1863241547_1863241548_1976170214': 0, 'cluster_306484187_cluster_1200363791_1200363826_1200363834_1200363898_1200363927_1200363938_1200363947_1200364074_1200364103_1507566554_1507566556_255882157_306484190': 0, 'gneJ143': 4, 'gneJ207': 0, 'gneJ208': 0, 'gneJ210': 0, 'gneJ255': 0, 'gneJ257': 0}, 
57660.0, {'1863241632': 0.0, '2330725114': 0.0, '243351999': 0.0, '243641585': 0.0, '243749571': -0.16964285, '30503246': 0.0, '30624898': 0.0, '32564122': 0.0, '89127267': 0.0, '89173763': -0.03125, '89173808': 0.0, 'cluster_1427494838_273472399': 0.0, 'cluster_1757124350_1757124352': 0.0, 'cluster_1863241547_1863241548_1976170214': 0.0, 'cluster_306484187_cluster_1200363791_1200363826_1200363834_1200363898_1200363927_1200363938_1200363947_1200364074_1200364103_1507566554_1507566556_255882157_306484190': 0.0, 'gneJ143': -0.11160714, 'gneJ207': 0.0, 'gneJ208': 0.0, 'gneJ210': 0.0, 'gneJ255': 0.0, 'gneJ257': 0.0}, {'1863241632': 0, '2330725114': 0, '243351999': 0, '243641585': 0, '243749571': 1, '30503246': 0, '30624898': 0, '32564122': 0, '89127267': 0, '89173763': 1, '89173808': 0, 'cluster_1427494838_273472399': 0, 'cluster_1757124350_1757124352': 0, 'cluster_1863241547_1863241548_1976170214': 0, 'cluster_306484187_cluster_1200363791_1200363826_1200363834_1200363898_1200363927_1200363938_1200363947_1200364074_1200364103_1507566554_1507566556_255882157_306484190': 0, 'gneJ143': 1, 'gneJ207': 0, 'gneJ208': 0, 'gneJ210': 0, 'gneJ255': 0, 'gneJ257': 0}, {'1863241632': 0, '2330725114': 0, '243351999': 0, '243641585': 0, '243749571': 1, '30503246': 0, '30624898': 0, '32564122': 0, '89127267': 0, '89173763': 1, '89173808': 0, 'cluster_1427494838_273472399': 0, 'cluster_1757124350_1757124352': 0, 'cluster_1863241547_1863241548_1976170214': 0, 'cluster_306484187_cluster_1200363791_1200363826_1200363834_1200363898_1200363927_1200363938_1200363947_1200364074_1200364103_1507566554_1507566556_255882157_306484190': 0, 'gneJ143': 1, 'gneJ207': 0, 'gneJ208': 0, 'gneJ210': 0, 'gneJ255': 0, 'gneJ257': 0}, 
57670.0, {'1863241632': 0.0, '2330725114': 0.0, '243351999': 0.0, '243641585': 0.0, '243749571': -0.21428572, '30503246': 0.0, '30624898': 0.0, '32564122': 0.0, '89127267': 0.0, '89173763': -0.07589286, '89173808': 0.0, 'cluster_1427494838_273472399': 0.0, 'cluster_1757124350_1757124352': 0.0, 'cluster_1863241547_1863241548_1976170214': 0.0, 'cluster_306484187_cluster_1200363791_1200363826_1200363834_1200363898_1200363927_1200363938_1200363947_1200364074_1200364103_1507566554_1507566556_255882157_306484190': -0.04464286, 'gneJ143': 0.0, 'gneJ207': 0.0, 'gneJ208': -0.04464286, 'gneJ210': 0.0, 'gneJ255': 0.0, 'gneJ257': 0.0}, {'1863241632': 0, '2330725114': 0, '243351999': 0, '243641585': 0, '243749571': 1, '30503246': 0, '30624898': 0, '32564122': 0, '89127267': 0, '89173763': 1, '89173808': 0, 'cluster_1427494838_273472399': 0, 'cluster_1757124350_1757124352': 0, 'cluster_1863241547_1863241548_1976170214': 0, 'cluster_306484187_cluster_1200363791_1200363826_1200363834_1200363898_1200363927_1200363938_1200363947_1200364074_1200364103_1507566554_1507566556_255882157_306484190': 1, 'gneJ143': 0, 'gneJ207': 0, 'gneJ208': 2, 'gneJ210': 0, 'gneJ255': 0, 'gneJ257': 0}, {'1863241632': 0, '2330725114': 0, '243351999': 0, '243641585': 0, '243749571': 1, '30503246': 0, '30624898': 0, '32564122': 0, '89127267': 0, '89173763': 1, '89173808': 0, 'cluster_1427494838_273472399': 0, 'cluster_1757124350_1757124352': 0, 'cluster_1863241547_1863241548_1976170214': 0, 'cluster_306484187_cluster_1200363791_1200363826_1200363834_1200363898_1200363927_1200363938_1200363947_1200364074_1200364103_1507566554_1507566556_255882157_306484190': 1, 'gneJ143': 0, 'gneJ207': 0, 'gneJ208': 2, 'gneJ210': 0, 'gneJ255': 0, 'gneJ257': 0}, 
57680.0, {'1863241632': 0.0, '2330725114': 0.0, '243351999': 0.0, '243641585': 0.0, '243749571': 0.0, '30503246': 0.0, '30624898': 0.0, '32564122': 0.0, '89127267': 0.0, '89173763': 0.0, '89173808': 0.0, 'cluster_1427494838_273472399': 0.0, 'cluster_1757124350_1757124352': 0.0, 'cluster_1863241547_1863241548_1976170214': 0.0, 'cluster_306484187_cluster_1200363791_1200363826_1200363834_1200363898_1200363927_1200363938_1200363947_1200364074_1200364103_1507566554_1507566556_255882157_306484190': -0.08928572, 'gneJ143': -0.0625, 'gneJ207': 0.0, 'gneJ208': -0.17857143, 'gneJ210': 0.0, 'gneJ255': 0.0, 'gneJ257': 0.0}, {'1863241632': 0, '2330725114': 0, '243351999': 0, '243641585': 0, '243749571': 0, '30503246': 0, '30624898': 0, '32564122': 0, '89127267': 0, '89173763': 0, '89173808': 0, 'cluster_1427494838_273472399': 0, 'cluster_1757124350_1757124352': 0, 'cluster_1863241547_1863241548_1976170214': 0, 'cluster_306484187_cluster_1200363791_1200363826_1200363834_1200363898_1200363927_1200363938_1200363947_1200364074_1200364103_1507566554_1507566556_255882157_306484190': 1, 'gneJ143': 4, 'gneJ207': 0, 'gneJ208': 5, 'gneJ210': 0, 'gneJ255': 0, 'gneJ257': 0}, {'1863241632': 0, '2330725114': 0, '243351999': 0, '243641585': 0, '243749571': 0, '30503246': 0, '30624898': 0, '32564122': 0, '89127267': 0, '89173763': 0, '89173808': 0, 'cluster_1427494838_273472399': 0, 'cluster_1757124350_1757124352': 0, 'cluster_1863241547_1863241548_1976170214': 0, 'cluster_306484187_cluster_1200363791_1200363826_1200363834_1200363898_1200363927_1200363938_1200363947_1200364074_1200364103_1507566554_1507566556_255882157_306484190': 1, 'gneJ143': 4, 'gneJ207': 0, 'gneJ208': 5, 'gneJ210': 0, 'gneJ255': 0, 'gneJ257': 0}, 
57690.0, {'1863241632': 0.0, '2330725114': 0.0, '243351999': 0.0, '243641585': 0.0, '243749571': 0.0, '30503246': 0.0, '30624898': 0.0, '32564122': 0.0, '89127267': 0.0, '89173763': -0.03125, '89173808': 0.0, 'cluster_1427494838_273472399': 0.0, 'cluster_1757124350_1757124352': 0.0, 'cluster_1863241547_1863241548_1976170214': 0.0, 'cluster_306484187_cluster_1200363791_1200363826_1200363834_1200363898_1200363927_1200363938_1200363947_1200364074_1200364103_1507566554_1507566556_255882157_306484190': -0.13392857, 'gneJ143': -0.24107143, 'gneJ207': 0.0, 'gneJ208': -0.4017857, 'gneJ210': 0.0, 'gneJ255': -0.02232143, 'gneJ257': 0.0}, {'1863241632': 0, '2330725114': 0, '243351999': 0, '243641585': 0, '243749571': 0, '30503246': 0, '30624898': 0, '32564122': 0, '89127267': 0, '89173763': 2, '89173808': 0, 'cluster_1427494838_273472399': 0, 'cluster_1757124350_1757124352': 0, 'cluster_1863241547_1863241548_1976170214': 0, 'cluster_306484187_cluster_1200363791_1200363826_1200363834_1200363898_1200363927_1200363938_1200363947_1200364074_1200364103_1507566554_1507566556_255882157_306484190': 1, 'gneJ143': 4, 'gneJ207': 0, 'gneJ208': 5, 'gneJ210': 0, 'gneJ255': 1, 'gneJ257': 0}, {'1863241632': 0, '2330725114': 0, '243351999': 0, '243641585': 0, '243749571': 0, '30503246': 0, '30624898': 0, '32564122': 0, '89127267': 0, '89173763': 2, '89173808': 0, 'cluster_1427494838_273472399': 0, 'cluster_1757124350_1757124352': 0, 'cluster_1863241547_1863241548_1976170214': 0, 'cluster_306484187_cluster_1200363791_1200363826_1200363834_1200363898_1200363927_1200363938_1200363947_1200364074_1200364103_1507566554_1507566556_255882157_306484190': 1, 'gneJ143': 4, 'gneJ207': 0, 'gneJ208': 5, 'gneJ210': 0, 'gneJ255': 1, 'gneJ257': 0}, 
57700.0, {'1863241632': 0.0, '2330725114': 0.0, '243351999': 0.0, '243641585': 0.0, '243749571': -0.035714287, '30503246': 0.0, '30624898': 0.0, '32564122': -0.004464286, '89127267': 0.0, '89173763': -0.12053572, '89173808': 0.0, 'cluster_1427494838_273472399': 0.0, 'cluster_1757124350_1757124352': 0.0, 'cluster_1863241547_1863241548_1976170214': 0.0, 'cluster_306484187_cluster_1200363791_1200363826_1200363834_1200363898_1200363927_1200363938_1200363947_1200364074_1200364103_1507566554_1507566556_255882157_306484190': 0.0, 'gneJ143': -0.41964287, 'gneJ207': 0.0, 'gneJ208': -0.19642857, 'gneJ210': 0.0, 'gneJ255': -0.06696428, 'gneJ257': 0.0}, {'1863241632': 0, '2330725114': 0, '243351999': 0, '243641585': 0, '243749571': 1, '30503246': 0, '30624898': 0, '32564122': 1, '89127267': 0, '89173763': 2, '89173808': 0, 'cluster_1427494838_273472399': 0, 'cluster_1757124350_1757124352': 0, 'cluster_1863241547_1863241548_1976170214': 0, 'cluster_306484187_cluster_1200363791_1200363826_1200363834_1200363898_1200363927_1200363938_1200363947_1200364074_1200364103_1507566554_1507566556_255882157_306484190': 0, 'gneJ143': 4, 'gneJ207': 0, 'gneJ208': 2, 'gneJ210': 0, 'gneJ255': 1, 'gneJ257': 0}, {'1863241632': 0, '2330725114': 0, '243351999': 0, '243641585': 0, '243749571': 2, '30503246': 0, '30624898': 0, '32564122': 1, '89127267': 0, '89173763': 2, '89173808': 0, 'cluster_1427494838_273472399': 0, 'cluster_1757124350_1757124352': 0, 'cluster_1863241547_1863241548_1976170214': 0, 'cluster_306484187_cluster_1200363791_1200363826_1200363834_1200363898_1200363927_1200363938_1200363947_1200364074_1200364103_1507566554_1507566556_255882157_306484190': 0, 'gneJ143': 4, 'gneJ207': 0, 'gneJ208': 2, 'gneJ210': 0, 'gneJ255': 1, 'gneJ257': 0}, 
57710.0, {'1863241632': 0.0, '2330725114': -0.02232143, '243351999': -0.04464286, '243641585': 0.0, '243749571': -0.15625, '30503246': 0.0, '30624898': -0.008928572, '32564122': -0.04910714, '89127267': -0.004464286, '89173763': -0.33035713, '89173808': 0.0, 'cluster_1427494838_273472399': 0.0, 'cluster_1757124350_1757124352': 0.0, 'cluster_1863241547_1863241548_1976170214': -0.026785715, 'cluster_306484187_cluster_1200363791_1200363826_1200363834_1200363898_1200363927_1200363938_1200363947_1200364074_1200364103_1507566554_1507566556_255882157_306484190': 0.0, 'gneJ143': -0.2857143, 'gneJ207': 0.0, 'gneJ208': -0.29464287, 'gneJ210': 0.0, 'gneJ255': -0.11160714, 'gneJ257': 0.0}, {'1863241632': 0, '2330725114': 2, '243351999': 1, '243641585': 0, '243749571': 2, '30503246': 0, '30624898': 1, '32564122': 1, '89127267': 1, '89173763': 7, '89173808': 0, 'cluster_1427494838_273472399': 0, 'cluster_1757124350_1757124352': 0, 'cluster_1863241547_1863241548_1976170214': 1, 'cluster_306484187_cluster_1200363791_1200363826_1200363834_1200363898_1200363927_1200363938_1200363947_1200364074_1200364103_1507566554_1507566556_255882157_306484190': 0, 'gneJ143': 2, 'gneJ207': 0, 'gneJ208': 3, 'gneJ210': 0, 'gneJ255': 1, 'gneJ257': 0}, {'1863241632': 0, '2330725114': 2, '243351999': 1, '243641585': 0, '243749571': 3, '30503246': 0, '30624898': 1, '32564122': 1, '89127267': 1, '89173763': 7, '89173808': 0, 'cluster_1427494838_273472399': 0, 'cluster_1757124350_1757124352': 0, 'cluster_1863241547_1863241548_1976170214': 1, 'cluster_306484187_cluster_1200363791_1200363826_1200363834_1200363898_1200363927_1200363938_1200363947_1200364074_1200364103_1507566554_1507566556_255882157_306484190': 0, 'gneJ143': 2, 'gneJ207': 0, 'gneJ208': 3, 'gneJ210': 0, 'gneJ255': 1, 'gneJ257': 0}, 
57720.0, {'1863241632': 0.0, '2330725114': 0.0, '243351999': 0.0, '243641585': 0.0, '243749571': 0.0, '30503246': 0.0, '30624898': -0.102678575, '32564122': -0.09375, '89127267': -0.013392857, '89173763': -0.6785714, '89173808': -0.008928572, 'cluster_1427494838_273472399': 0.0, 'cluster_1757124350_1757124352': 0.0, 'cluster_1863241547_1863241548_1976170214': -0.071428575, 'cluster_306484187_cluster_1200363791_1200363826_1200363834_1200363898_1200363927_1200363938_1200363947_1200364074_1200364103_1507566554_1507566556_255882157_306484190': 0.0, 'gneJ143': -0.38392857, 'gneJ207': 0.0, 'gneJ208': -0.51339287, 'gneJ210': 0.0, 'gneJ255': 0.0, 'gneJ257': 0.0}, {'1863241632': 0, '2330725114': 0, '243351999': 0, '243641585': 0, '243749571': 0, '30503246': 0, '30624898': 2, '32564122': 1, '89127267': 1, '89173763': 8, '89173808': 1, 'cluster_1427494838_273472399': 0, 'cluster_1757124350_1757124352': 0, 'cluster_1863241547_1863241548_1976170214': 1, 'cluster_306484187_cluster_1200363791_1200363826_1200363834_1200363898_1200363927_1200363938_1200363947_1200364074_1200364103_1507566554_1507566556_255882157_306484190': 0, 'gneJ143': 3, 'gneJ207': 0, 'gneJ208': 5, 'gneJ210': 0, 'gneJ255': 0, 'gneJ257': 0}, {'1863241632': 0, '2330725114': 0, '243351999': 0, '243641585': 0, '243749571': 0, '30503246': 0, '30624898': 3, '32564122': 1, '89127267': 1, '89173763': 8, '89173808': 1, 'cluster_1427494838_273472399': 0, 'cluster_1757124350_1757124352': 0, 'cluster_1863241547_1863241548_1976170214': 1, 'cluster_306484187_cluster_1200363791_1200363826_1200363834_1200363898_1200363927_1200363938_1200363947_1200364074_1200364103_1507566554_1507566556_255882157_306484190': 0, 'gneJ143': 3, 'gneJ207': 0, 'gneJ208': 5, 'gneJ210': 0, 'gneJ255': 0, 'gneJ257': 0}, 
57730.0, {'1863241632': 0.0, '2330725114': 0.0, '243351999': 0.0, '243641585': 0.0, '243749571': -0.07589286, '30503246': 0.0, '30624898': -0.23660715, '32564122': -0.13839285, '89127267': -0.008928572, '89173763': -1.0357143, '89173808': 0.0, 'cluster_1427494838_273472399': 0.0, 'cluster_1757124350_1757124352': 0.0, 'cluster_1863241547_1863241548_1976170214': -0.12946428, 'cluster_306484187_cluster_1200363791_1200363826_1200363834_1200363898_1200363927_1200363938_1200363947_1200364074_1200364103_1507566554_1507566556_255882157_306484190': 0.0, 'gneJ143': -0.5625, 'gneJ207': 0.0, 'gneJ208': -0.17410715, 'gneJ210': 0.0, 'gneJ255': 0.0, 'gneJ257': 0.0}, {'1863241632': 0, '2330725114': 0, '243351999': 0, '243641585': 0, '243749571': 1, '30503246': 0, '30624898': 2, '32564122': 1, '89127267': 1, '89173763': 8, '89173808': 0, 'cluster_1427494838_273472399': 0, 'cluster_1757124350_1757124352': 0, 'cluster_1863241547_1863241548_1976170214': 1, 'cluster_306484187_cluster_1200363791_1200363826_1200363834_1200363898_1200363927_1200363938_1200363947_1200364074_1200364103_1507566554_1507566556_255882157_306484190': 0, 'gneJ143': 4, 'gneJ207': 0, 'gneJ208': 2, 'gneJ210': 0, 'gneJ255': 0, 'gneJ257': 0}, {'1863241632': 0, '2330725114': 0, '243351999': 0, '243641585': 0, '243749571': 2, '30503246': 0, '30624898': 3, '32564122': 1, '89127267': 1, '89173763': 8, '89173808': 0, 'cluster_1427494838_273472399': 0, 'cluster_1757124350_1757124352': 0, 'cluster_1863241547_1863241548_1976170214': 2, 'cluster_306484187_cluster_1200363791_1200363826_1200363834_1200363898_1200363927_1200363938_1200363947_1200364074_1200364103_1507566554_1507566556_255882157_306484190': 0, 'gneJ143': 4, 'gneJ207': 0, 'gneJ208': 2, 'gneJ210': 0, 'gneJ255': 0, 'gneJ257': 0}, 
57740.0, {'1863241632': 0.0, '2330725114': 0.0, '243351999': -0.04464286, '243641585': 0.0, '243749571': -0.08928572, '30503246': 0.0, '30624898': -0.3705357, '32564122': 0.0, '89127267': 0.0, '89173763': -1.4419643, '89173808': 0.0, 'cluster_1427494838_273472399': 0.0, 'cluster_1757124350_1757124352': 0.0, 'cluster_1863241547_1863241548_1976170214': -0.32142857, 'cluster_306484187_cluster_1200363791_1200363826_1200363834_1200363898_1200363927_1200363938_1200363947_1200364074_1200364103_1507566554_1507566556_255882157_306484190': 0.0, 'gneJ143': -0.08928572, 'gneJ207': 0.0, 'gneJ208': -0.29464287, 'gneJ210': -0.013392857, 'gneJ255': 0.0, 'gneJ257': 0.0}, {'1863241632': 0, '2330725114': 0, '243351999': 3, '243641585': 0, '243749571': 1, '30503246': 0, '30624898': 2, '32564122': 0, '89127267': 0, '89173763': 9, '89173808': 0, 'cluster_1427494838_273472399': 0, 'cluster_1757124350_1757124352': 0, 'cluster_1863241547_1863241548_1976170214': 3, 'cluster_306484187_cluster_1200363791_1200363826_1200363834_1200363898_1200363927_1200363938_1200363947_1200364074_1200364103_1507566554_1507566556_255882157_306484190': 0, 'gneJ143': 1, 'gneJ207': 0, 'gneJ208': 4, 'gneJ210': 1, 'gneJ255': 0, 'gneJ257': 0}, {'1863241632': 0, '2330725114': 0, '243351999': 3, '243641585': 0, '243749571': 1, '30503246': 0, '30624898': 3, '32564122': 0, '89127267': 0, '89173763': 10, '89173808': 0, 'cluster_1427494838_273472399': 0, 'cluster_1757124350_1757124352': 0, 'cluster_1863241547_1863241548_1976170214': 6, 'cluster_306484187_cluster_1200363791_1200363826_1200363834_1200363898_1200363927_1200363938_1200363947_1200364074_1200364103_1507566554_1507566556_255882157_306484190': 0, 'gneJ143': 1, 'gneJ207': 0, 'gneJ208': 5, 'gneJ210': 1, 'gneJ255': 0, 'gneJ257': 0}, 
57750.0, {'1863241632': 0.0, '2330725114': 0.0, '243351999': 0.0, '243641585': 0.0, '243749571': -0.13392857, '30503246': 0.0, '30624898': -0.16964285, '32564122': 0.0, '89127267': 0.0, '89173763': -1.1383928, '89173808': 0.0, 'cluster_1427494838_273472399': 0.0, 'cluster_1757124350_1757124352': 0.0, 'cluster_1863241547_1863241548_1976170214': -0.46875, 'cluster_306484187_cluster_1200363791_1200363826_1200363834_1200363898_1200363927_1200363938_1200363947_1200364074_1200364103_1507566554_1507566556_255882157_306484190': 0.0, 'gneJ143': -0.2767857, 'gneJ207': 0.0, 'gneJ208': -0.50446427, 'gneJ210': 0.0, 'gneJ255': 0.0, 'gneJ257': 0.0}, {'1863241632': 0, '2330725114': 0, '243351999': 0, '243641585': 0, '243749571': 1, '30503246': 0, '30624898': 1, '32564122': 0, '89127267': 0, '89173763': 7, '89173808': 0, 'cluster_1427494838_273472399': 0, 'cluster_1757124350_1757124352': 0, 'cluster_1863241547_1863241548_1976170214': 4, 'cluster_306484187_cluster_1200363791_1200363826_1200363834_1200363898_1200363927_1200363938_1200363947_1200364074_1200364103_1507566554_1507566556_255882157_306484190': 0, 'gneJ143': 3, 'gneJ207': 0, 'gneJ208': 5, 'gneJ210': 0, 'gneJ255': 0, 'gneJ257': 0}, {'1863241632': 0, '2330725114': 0, '243351999': 0, '243641585': 0, '243749571': 1, '30503246': 0, '30624898': 2, '32564122': 0, '89127267': 0, '89173763': 8, '89173808': 0, 'cluster_1427494838_273472399': 0, 'cluster_1757124350_1757124352': 0, 'cluster_1863241547_1863241548_1976170214': 7, 'cluster_306484187_cluster_1200363791_1200363826_1200363834_1200363898_1200363927_1200363938_1200363947_1200364074_1200364103_1507566554_1507566556_255882157_306484190': 0, 'gneJ143': 7, 'gneJ207': 0, 'gneJ208': 5, 'gneJ210': 0, 'gneJ255': 0, 'gneJ257': 0}, 
57760.0, {'1863241632': 0.0, '2330725114': 0.0, '243351999': -0.026785715, '243641585': 0.0, '243749571': -0.17857143, '30503246': 0.0, '30624898': -0.22321428, '32564122': 0.0, '89127267': -0.026785715, '89173763': -0.3080357, '89173808': 0.0, 'cluster_1427494838_273472399': 0.0, 'cluster_1757124350_1757124352': 0.0, 'cluster_1863241547_1863241548_1976170214': -0.78125, 'cluster_306484187_cluster_1200363791_1200363826_1200363834_1200363898_1200363927_1200363938_1200363947_1200364074_1200364103_1507566554_1507566556_255882157_306484190': 0.0, 'gneJ143': -0.38392857, 'gneJ207': 0.0, 'gneJ208': -0.18303572, 'gneJ210': 0.0, 'gneJ255': 0.0, 'gneJ257': 0.0}, {'1863241632': 0, '2330725114': 0, '243351999': 1, '243641585': 0, '243749571': 1, '30503246': 0, '30624898': 2, '32564122': 0, '89127267': 1, '89173763': 2, '89173808': 0, 'cluster_1427494838_273472399': 0, 'cluster_1757124350_1757124352': 0, 'cluster_1863241547_1863241548_1976170214': 4, 'cluster_306484187_cluster_1200363791_1200363826_1200363834_1200363898_1200363927_1200363938_1200363947_1200364074_1200364103_1507566554_1507566556_255882157_306484190': 0, 'gneJ143': 3, 'gneJ207': 0, 'gneJ208': 2, 'gneJ210': 0, 'gneJ255': 0, 'gneJ257': 0}, {'1863241632': 0, '2330725114': 0, '243351999': 1, '243641585': 0, '243749571': 1, '30503246': 0, '30624898': 3, '32564122': 0, '89127267': 1, '89173763': 3, '89173808': 0, 'cluster_1427494838_273472399': 0, 'cluster_1757124350_1757124352': 0, 'cluster_1863241547_1863241548_1976170214': 7, 'cluster_306484187_cluster_1200363791_1200363826_1200363834_1200363898_1200363927_1200363938_1200363947_1200364074_1200364103_1507566554_1507566556_255882157_306484190': 0, 'gneJ143': 4, 'gneJ207': 0, 'gneJ208': 2, 'gneJ210': 0, 'gneJ255': 0, 'gneJ257': 0}, 
57770.0, {'1863241632': 0.0, '2330725114': 0.0, '243351999': -0.071428575, '243641585': -0.013392857, '243749571': 0.0, '30503246': 0.0, '30624898': -0.11160714, '32564122': 0.0, '89127267': -0.071428575, '89173763': -0.48660713, '89173808': 0.0, 'cluster_1427494838_273472399': -0.03125, 'cluster_1757124350_1757124352': 0.0, 'cluster_1863241547_1863241548_1976170214': -1.1339285, 'cluster_306484187_cluster_1200363791_1200363826_1200363834_1200363898_1200363927_1200363938_1200363947_1200364074_1200364103_1507566554_1507566556_255882157_306484190': 0.0, 'gneJ143': -0.5625, 'gneJ207': 0.0, 'gneJ208': 0.0, 'gneJ210': 0.0, 'gneJ255': 0.0, 'gneJ257': 0.0}, {'1863241632': 0, '2330725114': 0, '243351999': 1, '243641585': 1, '243749571': 0, '30503246': 0, '30624898': 2, '32564122': 0, '89127267': 1, '89173763': 3, '89173808': 0, 'cluster_1427494838_273472399': 2, 'cluster_1757124350_1757124352': 0, 'cluster_1863241547_1863241548_1976170214': 4, 'cluster_306484187_cluster_1200363791_1200363826_1200363834_1200363898_1200363927_1200363938_1200363947_1200364074_1200364103_1507566554_1507566556_255882157_306484190': 0, 'gneJ143': 3, 'gneJ207': 0, 'gneJ208': 0, 'gneJ210': 0, 'gneJ255': 0, 'gneJ257': 0}, {'1863241632': 0, '2330725114': 0, '243351999': 1, '243641585': 1, '243749571': 0, '30503246': 0, '30624898': 2, '32564122': 0, '89127267': 1, '89173763': 5, '89173808': 0, 'cluster_1427494838_273472399': 2, 'cluster_1757124350_1757124352': 0, 'cluster_1863241547_1863241548_1976170214': 8, 'cluster_306484187_cluster_1200363791_1200363826_1200363834_1200363898_1200363927_1200363938_1200363947_1200364074_1200364103_1507566554_1507566556_255882157_306484190': 0, 'gneJ143': 4, 'gneJ207': 0, 'gneJ208': 0, 'gneJ210': 0, 'gneJ255': 0, 'gneJ257': 0}, 
57780.0, {'1863241632': 0.0, '2330725114': 0.0, '243351999': -0.14285715, '243641585': -0.0625, '243749571': -0.035714287, '30503246': 0.0, '30624898': 0.0, '32564122': 0.0, '89127267': 0.0, '89173763': -0.20535715, '89173808': 0.0, 'cluster_1427494838_273472399': 0.0, 'cluster_1757124350_1757124352': 0.0, 'cluster_1863241547_1863241548_1976170214': -1.40625, 'cluster_306484187_cluster_1200363791_1200363826_1200363834_1200363898_1200363927_1200363938_1200363947_1200364074_1200364103_1507566554_1507566556_255882157_306484190': 0.0, 'gneJ143': -0.15178572, 'gneJ207': 0.0, 'gneJ208': -0.04017857, 'gneJ210': -0.035714287, 'gneJ255': 0.0, 'gneJ257': 0.0}, {'1863241632': 0, '2330725114': 0, '243351999': 3, '243641585': 2, '243749571': 3, '30503246': 0, '30624898': 0, '32564122': 0, '89127267': 0, '89173763': 2, '89173808': 0, 'cluster_1427494838_273472399': 0, 'cluster_1757124350_1757124352': 0, 'cluster_1863241547_1863241548_1976170214': 4, 'cluster_306484187_cluster_1200363791_1200363826_1200363834_1200363898_1200363927_1200363938_1200363947_1200364074_1200364103_1507566554_1507566556_255882157_306484190': 0, 'gneJ143': 1, 'gneJ207': 0, 'gneJ208': 2, 'gneJ210': 2, 'gneJ255': 0, 'gneJ257': 0}, {'1863241632': 0, '2330725114': 0, '243351999': 3, '243641585': 2, '243749571': 3, '30503246': 0, '30624898': 0, '32564122': 0, '89127267': 0, '89173763': 2, '89173808': 0, 'cluster_1427494838_273472399': 0, 'cluster_1757124350_1757124352': 0, 'cluster_1863241547_1863241548_1976170214': 7, 'cluster_306484187_cluster_1200363791_1200363826_1200363834_1200363898_1200363927_1200363938_1200363947_1200364074_1200364103_1507566554_1507566556_255882157_306484190': 0, 'gneJ143': 1, 'gneJ207': 0, 'gneJ208': 2, 'gneJ210': 2, 'gneJ255': 0, 'gneJ257': 0}, 
57790.0, {'1863241632': 0.0, '2330725114': 0.0, '243351999': 0.0, '243641585': -0.0625, '243749571': -0.2857143, '30503246': 0.0, '30624898': 0.0, '32564122': 0.0, '89127267': 0.0, '89173763': -0.33035713, '89173808': 0.0, 'cluster_1427494838_273472399': -0.004464286, 'cluster_1757124350_1757124352': 0.0, 'cluster_1863241547_1863241548_1976170214': -1.71875, 'cluster_306484187_cluster_1200363791_1200363826_1200363834_1200363898_1200363927_1200363938_1200363947_1200364074_1200364103_1507566554_1507566556_255882157_306484190': 0.0, 'gneJ143': 0.0, 'gneJ207': 0.0, 'gneJ208': -0.12946428, 'gneJ210': 0.0, 'gneJ255': 0.0, 'gneJ257': 0.0}, {'1863241632': 0, '2330725114': 0, '243351999': 0, '243641585': 2, '243749571': 8, '30503246': 0, '30624898': 0, '32564122': 0, '89127267': 0, '89173763': 3, '89173808': 0, 'cluster_1427494838_273472399': 1, 'cluster_1757124350_1757124352': 0, 'cluster_1863241547_1863241548_1976170214': 4, 'cluster_306484187_cluster_1200363791_1200363826_1200363834_1200363898_1200363927_1200363938_1200363947_1200364074_1200364103_1507566554_1507566556_255882157_306484190': 0, 'gneJ143': 0, 'gneJ207': 0, 'gneJ208': 2, 'gneJ210': 0, 'gneJ255': 0, 'gneJ257': 0}, {'1863241632': 0, '2330725114': 0, '243351999': 0, '243641585': 2, '243749571': 8, '30503246': 0, '30624898': 0, '32564122': 0, '89127267': 0, '89173763': 3, '89173808': 0, 'cluster_1427494838_273472399': 1, 'cluster_1757124350_1757124352': 0, 'cluster_1863241547_1863241548_1976170214': 7, 'cluster_306484187_cluster_1200363791_1200363826_1200363834_1200363898_1200363927_1200363938_1200363947_1200364074_1200364103_1507566554_1507566556_255882157_306484190': 0, 'gneJ143': 0, 'gneJ207': 0, 'gneJ208': 2, 'gneJ210': 0, 'gneJ255': 0, 'gneJ257': 0}, 
57800.0, {'1863241632': 0.0, '2330725114': 0.0, '243351999': -0.008928572, '243641585': -0.21428572, '243749571': -0.64285713, '30503246': 0.0, '30624898': 0.0, '32564122': 0.0, '89127267': -0.026785715, '89173763': -0.6026786, '89173808': 0.0, 'cluster_1427494838_273472399': -0.04910714, 'cluster_1757124350_1757124352': 0.0, 'cluster_1863241547_1863241548_1976170214': -2.044643, 'cluster_306484187_cluster_1200363791_1200363826_1200363834_1200363898_1200363927_1200363938_1200363947_1200364074_1200364103_1507566554_1507566556_255882157_306484190': 0.0, 'gneJ143': 0.0, 'gneJ207': -0.04464286, 'gneJ208': 0.0, 'gneJ210': 0.0, 'gneJ255': 0.0, 'gneJ257': -0.11160714}, {'1863241632': 0, '2330725114': 0, '243351999': 1, '243641585': 4, '243749571': 8, '30503246': 0, '30624898': 0, '32564122': 0, '89127267': 1, '89173763': 3, '89173808': 0, 'cluster_1427494838_273472399': 1, 'cluster_1757124350_1757124352': 0, 'cluster_1863241547_1863241548_1976170214': 4, 'cluster_306484187_cluster_1200363791_1200363826_1200363834_1200363898_1200363927_1200363938_1200363947_1200364074_1200364103_1507566554_1507566556_255882157_306484190': 0, 'gneJ143': 0, 'gneJ207': 1, 'gneJ208': 0, 'gneJ210': 0, 'gneJ255': 0, 'gneJ257': 2}, {'1863241632': 0, '2330725114': 0, '243351999': 1, '243641585': 5, '243749571': 8, '30503246': 0, '30624898': 0, '32564122': 0, '89127267': 1, '89173763': 9, '89173808': 0, 'cluster_1427494838_273472399': 1, 'cluster_1757124350_1757124352': 0, 'cluster_1863241547_1863241548_1976170214': 8, 'cluster_306484187_cluster_1200363791_1200363826_1200363834_1200363898_1200363927_1200363938_1200363947_1200364074_1200364103_1507566554_1507566556_255882157_306484190': 0, 'gneJ143': 0, 'gneJ207': 2, 'gneJ208': 0, 'gneJ210': 0, 'gneJ255': 0, 'gneJ257': 4}, 
57810.0, {'1863241632': 0.0, '2330725114': 0.0, '243351999': 0.0, '243641585': -0.19196428, '243749571': -1.0, '30503246': 0.0, '30624898': 0.0, '32564122': 0.0, '89127267': 0.0, '89173763': -1.0535715, '89173808': -0.004464286, 'cluster_1427494838_273472399': -0.09375, 'cluster_1757124350_1757124352': 0.0, 'cluster_1863241547_1863241548_1976170214': -1.7053572, 'cluster_306484187_cluster_1200363791_1200363826_1200363834_1200363898_1200363927_1200363938_1200363947_1200364074_1200364103_1507566554_1507566556_255882157_306484190': 0.0, 'gneJ143': -0.004464286, 'gneJ207': 0.0, 'gneJ208': -0.03125, 'gneJ210': 0.0, 'gneJ255': -0.035714287, 'gneJ257': -0.29017857}, {'1863241632': 0, '2330725114': 0, '243351999': 0, '243641585': 2, '243749571': 8, '30503246': 0, '30624898': 0, '32564122': 0, '89127267': 0, '89173763': 4, '89173808': 1, 'cluster_1427494838_273472399': 1, 'cluster_1757124350_1757124352': 0, 'cluster_1863241547_1863241548_1976170214': 3, 'cluster_306484187_cluster_1200363791_1200363826_1200363834_1200363898_1200363927_1200363938_1200363947_1200364074_1200364103_1507566554_1507566556_255882157_306484190': 0, 'gneJ143': 1, 'gneJ207': 0, 'gneJ208': 1, 'gneJ210': 0, 'gneJ255': 1, 'gneJ257': 2}, {'1863241632': 0, '2330725114': 0, '243351999': 0, '243641585': 5, '243749571': 8, '30503246': 0, '30624898': 0, '32564122': 0, '89127267': 0, '89173763': 11, '89173808': 1, 'cluster_1427494838_273472399': 1, 'cluster_1757124350_1757124352': 0, 'cluster_1863241547_1863241548_1976170214': 7, 'cluster_306484187_cluster_1200363791_1200363826_1200363834_1200363898_1200363927_1200363938_1200363947_1200364074_1200364103_1507566554_1507566556_255882157_306484190': 0, 'gneJ143': 1, 'gneJ207': 0, 'gneJ208': 1, 'gneJ210': 0, 'gneJ255': 1, 'gneJ257': 4}, 
57820.0, {'1863241632': 0.0, '2330725114': -0.04910714, '243351999': 0.0, '243641585': -0.50446427, '243749571': -1.4151785, '30503246': -0.013392857, '30624898': 0.0, '32564122': -0.004464286, '89127267': -0.03125, '89173763': -1.09375, '89173808': -0.02232143, 'cluster_1427494838_273472399': -0.17857143, 'cluster_1757124350_1757124352': 0.0, 'cluster_1863241547_1863241548_1976170214': -0.16517857, 'cluster_306484187_cluster_1200363791_1200363826_1200363834_1200363898_1200363927_1200363938_1200363947_1200364074_1200364103_1507566554_1507566556_255882157_306484190': 0.0, 'gneJ143': -0.05357143, 'gneJ207': 0.0, 'gneJ208': 0.0, 'gneJ210': 0.0, 'gneJ255': -0.02232143, 'gneJ257': 0.0}, {'1863241632': 0, '2330725114': 2, '243351999': 0, '243641585': 6, '243749571': 11, '30503246': 1, '30624898': 0, '32564122': 1, '89127267': 1, '89173763': 6, '89173808': 1, 'cluster_1427494838_273472399': 1, 'cluster_1757124350_1757124352': 0, 'cluster_1863241547_1863241548_1976170214': 1, 'cluster_306484187_cluster_1200363791_1200363826_1200363834_1200363898_1200363927_1200363938_1200363947_1200364074_1200364103_1507566554_1507566556_255882157_306484190': 0, 'gneJ143': 1, 'gneJ207': 0, 'gneJ208': 0, 'gneJ210': 0, 'gneJ255': 1, 'gneJ257': 0}, {'1863241632': 0, '2330725114': 3, '243351999': 0, '243641585': 11, '243749571': 11, '30503246': 1, '30624898': 0, '32564122': 1, '89127267': 1, '89173763': 13, '89173808': 1, 'cluster_1427494838_273472399': 3, 'cluster_1757124350_1757124352': 0, 'cluster_1863241547_1863241548_1976170214': 2, 'cluster_306484187_cluster_1200363791_1200363826_1200363834_1200363898_1200363927_1200363938_1200363947_1200364074_1200364103_1507566554_1507566556_255882157_306484190': 0, 'gneJ143': 2, 'gneJ207': 0, 'gneJ208': 0, 'gneJ210': 0, 'gneJ255': 1, 'gneJ257': 0}, 
57830.0, {'1863241632': 0.0, '2330725114': 0.0, '243351999': 0.0, '243641585': -1.03125, '243749571': -1.9285715, '30503246': -0.058035713, '30624898': 0.0, '32564122': -0.04910714, '89127267': -0.07589286, '89173763': -0.6651786, '89173808': -0.06696428, 'cluster_1427494838_273472399': -0.18303572, 'cluster_1757124350_1757124352': 0.0, 'cluster_1863241547_1863241548_1976170214': 0.0, 'cluster_306484187_cluster_1200363791_1200363826_1200363834_1200363898_1200363927_1200363938_1200363947_1200364074_1200364103_1507566554_1507566556_255882157_306484190': 0.0, 'gneJ143': 0.0, 'gneJ207': 0.0, 'gneJ208': -0.004464286, 'gneJ210': 0.0, 'gneJ255': 0.0, 'gneJ257': 0.0}, {'1863241632': 0, '2330725114': 0, '243351999': 0, '243641585': 7, '243749571': 11, '30503246': 1, '30624898': 0, '32564122': 1, '89127267': 1, '89173763': 3, '89173808': 1, 'cluster_1427494838_273472399': 1, 'cluster_1757124350_1757124352': 0, 'cluster_1863241547_1863241548_1976170214': 0, 'cluster_306484187_cluster_1200363791_1200363826_1200363834_1200363898_1200363927_1200363938_1200363947_1200364074_1200364103_1507566554_1507566556_255882157_306484190': 0, 'gneJ143': 0, 'gneJ207': 0, 'gneJ208': 1, 'gneJ210': 0, 'gneJ255': 0, 'gneJ257': 0}, {'1863241632': 0, '2330725114': 0, '243351999': 0, '243641585': 13, '243749571': 12, '30503246': 1, '30624898': 0, '32564122': 1, '89127267': 1, '89173763': 7, '89173808': 1, 'cluster_1427494838_273472399': 1, 'cluster_1757124350_1757124352': 0, 'cluster_1863241547_1863241548_1976170214': 0, 'cluster_306484187_cluster_1200363791_1200363826_1200363834_1200363898_1200363927_1200363938_1200363947_1200364074_1200364103_1507566554_1507566556_255882157_306484190': 0, 'gneJ143': 0, 'gneJ207': 0, 'gneJ208': 1, 'gneJ210': 0, 'gneJ255': 0, 'gneJ257': 0}, 
57840.0, {'1863241632': 0.0, '2330725114': -0.07589286, '243351999': -0.04464286, '243641585': -0.79464287, '243749571': -2.4598215, '30503246': 0.0, '30624898': 0.0, '32564122': -0.017857144, '89127267': -0.13839285, '89173763': -0.34375, '89173808': 0.0, 'cluster_1427494838_273472399': -0.22767857, 'cluster_1757124350_1757124352': -0.004464286, 'cluster_1863241547_1863241548_1976170214': -0.026785715, 'cluster_306484187_cluster_1200363791_1200363826_1200363834_1200363898_1200363927_1200363938_1200363947_1200364074_1200364103_1507566554_1507566556_255882157_306484190': 0.0, 'gneJ143': -0.026785715, 'gneJ207': 0.0, 'gneJ208': -0.04910714, 'gneJ210': 0.0, 'gneJ255': 0.0, 'gneJ257': 0.0}, {'1863241632': 0, '2330725114': 4, '243351999': 1, '243641585': 4, '243749571': 13, '30503246': 0, '30624898': 0, '32564122': 1, '89127267': 2, '89173763': 2, '89173808': 0, 'cluster_1427494838_273472399': 1, 'cluster_1757124350_1757124352': 1, 'cluster_1863241547_1863241548_1976170214': 2, 'cluster_306484187_cluster_1200363791_1200363826_1200363834_1200363898_1200363927_1200363938_1200363947_1200364074_1200364103_1507566554_1507566556_255882157_306484190': 0, 'gneJ143': 1, 'gneJ207': 0, 'gneJ208': 1, 'gneJ210': 0, 'gneJ255': 0, 'gneJ257': 0}, {'1863241632': 0, '2330725114': 4, '243351999': 1, '243641585': 7, '243749571': 13, '30503246': 0, '30624898': 0, '32564122': 1, '89127267': 2, '89173763': 2, '89173808': 0, 'cluster_1427494838_273472399': 1, 'cluster_1757124350_1757124352': 1, 'cluster_1863241547_1863241548_1976170214': 2, 'cluster_306484187_cluster_1200363791_1200363826_1200363834_1200363898_1200363927_1200363938_1200363947_1200364074_1200364103_1507566554_1507566556_255882157_306484190': 0, 'gneJ143': 1, 'gneJ207': 0, 'gneJ208': 1, 'gneJ210': 0, 'gneJ255': 0, 'gneJ257': 0}, 
57850.0, {'1863241632': 0.0, '2330725114': -0.06696428, '243351999': 0.0, '243641585': -0.5714286, '243749571': -2.3839285, '30503246': -0.013392857, '30624898': 0.0, '32564122': 0.0, '89127267': -0.22767857, '89173763': 0.0, '89173808': 0.0, 'cluster_1427494838_273472399': -0.035714287, 'cluster_1757124350_1757124352': 0.0, 'cluster_1863241547_1863241548_1976170214': -0.05357143, 'cluster_306484187_cluster_1200363791_1200363826_1200363834_1200363898_1200363927_1200363938_1200363947_1200364074_1200364103_1507566554_1507566556_255882157_306484190': 0.0, 'gneJ143': 0.0, 'gneJ207': -0.017857144, 'gneJ208': -0.125, 'gneJ210': 0.0, 'gneJ255': -0.03125, 'gneJ257': 0.0}, {'1863241632': 0, '2330725114': 2, '243351999': 0, '243641585': 4, '243749571': 11, '30503246': 1, '30624898': 0, '32564122': 0, '89127267': 2, '89173763': 0, '89173808': 0, 'cluster_1427494838_273472399': 1, 'cluster_1757124350_1757124352': 0, 'cluster_1863241547_1863241548_1976170214': 1, 'cluster_306484187_cluster_1200363791_1200363826_1200363834_1200363898_1200363927_1200363938_1200363947_1200364074_1200364103_1507566554_1507566556_255882157_306484190': 0, 'gneJ143': 0, 'gneJ207': 1, 'gneJ208': 4, 'gneJ210': 0, 'gneJ255': 1, 'gneJ257': 0}, {'1863241632': 0, '2330725114': 2, '243351999': 0, '243641585': 4, '243749571': 11, '30503246': 1, '30624898': 0, '32564122': 0, '89127267': 2, '89173763': 0, '89173808': 0, 'cluster_1427494838_273472399': 1, 'cluster_1757124350_1757124352': 0, 'cluster_1863241547_1863241548_1976170214': 1, 'cluster_306484187_cluster_1200363791_1200363826_1200363834_1200363898_1200363927_1200363938_1200363947_1200364074_1200364103_1507566554_1507566556_255882157_306484190': 0, 'gneJ143': 0, 'gneJ207': 1, 'gneJ208': 4, 'gneJ210': 0, 'gneJ255': 1, 'gneJ257': 0}, 
57860.0, {'1863241632': 0.0, '2330725114': -0.1875, '243351999': -0.013392857, '243641585': -0.75, '243749571': -2.513393, '30503246': -0.058035713, '30624898': 0.0, '32564122': 0.0, '89127267': 0.0, '89173763': 0.0, '89173808': 0.0, 'cluster_1427494838_273472399': -0.13392857, 'cluster_1757124350_1757124352': 0.0, 'cluster_1863241547_1863241548_1976170214': 0.0, 'cluster_306484187_cluster_1200363791_1200363826_1200363834_1200363898_1200363927_1200363938_1200363947_1200364074_1200364103_1507566554_1507566556_255882157_306484190': 0.0, 'gneJ143': 0.0, 'gneJ207': -0.084821425, 'gneJ208': -0.04910714, 'gneJ210': 0.0, 'gneJ255': -0.11160714, 'gneJ257': 0.0}, {'1863241632': 0, '2330725114': 5, '243351999': 1, '243641585': 4, '243749571': 10, '30503246': 1, '30624898': 0, '32564122': 0, '89127267': 0, '89173763': 0, '89173808': 0, 'cluster_1427494838_273472399': 2, 'cluster_1757124350_1757124352': 0, 'cluster_1863241547_1863241548_1976170214': 0, 'cluster_306484187_cluster_1200363791_1200363826_1200363834_1200363898_1200363927_1200363938_1200363947_1200364074_1200364103_1507566554_1507566556_255882157_306484190': 0, 'gneJ143': 0, 'gneJ207': 1, 'gneJ208': 1, 'gneJ210': 0, 'gneJ255': 2, 'gneJ257': 0}, {'1863241632': 0, '2330725114': 5, '243351999': 1, '243641585': 4, '243749571': 10, '30503246': 1, '30624898': 0, '32564122': 0, '89127267': 0, '89173763': 0, '89173808': 0, 'cluster_1427494838_273472399': 3, 'cluster_1757124350_1757124352': 0, 'cluster_1863241547_1863241548_1976170214': 0, 'cluster_306484187_cluster_1200363791_1200363826_1200363834_1200363898_1200363927_1200363938_1200363947_1200364074_1200364103_1507566554_1507566556_255882157_306484190': 0, 'gneJ143': 0, 'gneJ207': 2, 'gneJ208': 1, 'gneJ210': 0, 'gneJ255': 2, 'gneJ257': 0}, 
57870.0, {'1863241632': 0.0, '2330725114': -0.59821427, '243351999': 0.0, '243641585': -0.97321427, '243749571': -1.8258928, '30503246': -0.102678575, '30624898': 0.0, '32564122': -0.017857144, '89127267': 0.0, '89173763': -0.02232143, '89173808': 0.0, 'cluster_1427494838_273472399': -0.26785713, 'cluster_1757124350_1757124352': 0.0, 'cluster_1863241547_1863241548_1976170214': 0.0, 'cluster_306484187_cluster_1200363791_1200363826_1200363834_1200363898_1200363927_1200363938_1200363947_1200364074_1200364103_1507566554_1507566556_255882157_306484190': 0.0, 'gneJ143': -0.035714287, 'gneJ207': -0.10714286, 'gneJ208': -0.12946428, 'gneJ210': -0.04910714, 'gneJ255': -0.08035714, 'gneJ257': 0.0}, {'1863241632': 0, '2330725114': 8, '243351999': 0, '243641585': 5, '243749571': 8, '30503246': 1, '30624898': 0, '32564122': 1, '89127267': 0, '89173763': 1, '89173808': 0, 'cluster_1427494838_273472399': 2, 'cluster_1757124350_1757124352': 0, 'cluster_1863241547_1863241548_1976170214': 0, 'cluster_306484187_cluster_1200363791_1200363826_1200363834_1200363898_1200363927_1200363938_1200363947_1200364074_1200364103_1507566554_1507566556_255882157_306484190': 0, 'gneJ143': 1, 'gneJ207': 1, 'gneJ208': 3, 'gneJ210': 1, 'gneJ255': 1, 'gneJ257': 0}, {'1863241632': 0, '2330725114': 11, '243351999': 0, '243641585': 5, '243749571': 9, '30503246': 1, '30624898': 0, '32564122': 1, '89127267': 0, '89173763': 1, '89173808': 0, 'cluster_1427494838_273472399': 3, 'cluster_1757124350_1757124352': 0, 'cluster_1863241547_1863241548_1976170214': 0, 'cluster_306484187_cluster_1200363791_1200363826_1200363834_1200363898_1200363927_1200363938_1200363947_1200364074_1200364103_1507566554_1507566556_255882157_306484190': 0, 'gneJ143': 1, 'gneJ207': 1, 'gneJ208': 3, 'gneJ210': 2, 'gneJ255': 1, 'gneJ257': 0}, 
57880.0, {'1863241632': -0.017857144, '2330725114': -0.5848214, '243351999': 0.0, '243641585': -1.1964285, '243749571': -0.8839286, '30503246': -0.14732143, '30624898': 0.0, '32564122': -0.084821425, '89127267': -0.004464286, '89173763': -0.026785715, '89173808': 0.0, 'cluster_1427494838_273472399': 0.0, 'cluster_1757124350_1757124352': 0.0, 'cluster_1863241547_1863241548_1976170214': -0.008928572, 'cluster_306484187_cluster_1200363791_1200363826_1200363834_1200363898_1200363927_1200363938_1200363947_1200364074_1200364103_1507566554_1507566556_255882157_306484190': 0.0, 'gneJ143': -0.08035714, 'gneJ207': -0.15178572, 'gneJ208': 0.0, 'gneJ210': 0.0, 'gneJ255': 0.0, 'gneJ257': 0.0}, {'1863241632': 1, '2330725114': 7, '243351999': 0, '243641585': 5, '243749571': 4, '30503246': 1, '30624898': 0, '32564122': 1, '89127267': 1, '89173763': 2, '89173808': 0, 'cluster_1427494838_273472399': 0, 'cluster_1757124350_1757124352': 0, 'cluster_1863241547_1863241548_1976170214': 1, 'cluster_306484187_cluster_1200363791_1200363826_1200363834_1200363898_1200363927_1200363938_1200363947_1200364074_1200364103_1507566554_1507566556_255882157_306484190': 0, 'gneJ143': 1, 'gneJ207': 1, 'gneJ208': 0, 'gneJ210': 0, 'gneJ255': 0, 'gneJ257': 0}, {'1863241632': 1, '2330725114': 7, '243351999': 0, '243641585': 5, '243749571': 9, '30503246': 1, '30624898': 0, '32564122': 2, '89127267': 1, '89173763': 2, '89173808': 0, 'cluster_1427494838_273472399': 0, 'cluster_1757124350_1757124352': 0, 'cluster_1863241547_1863241548_1976170214': 1, 'cluster_306484187_cluster_1200363791_1200363826_1200363834_1200363898_1200363927_1200363938_1200363947_1200364074_1200364103_1507566554_1507566556_255882157_306484190': 0, 'gneJ143': 1, 'gneJ207': 1, 'gneJ208': 0, 'gneJ210': 0, 'gneJ255': 0, 'gneJ257': 0}, 
57890.0, {'1863241632': -0.0625, '2330725114': -0.41964287, '243351999': 0.0, '243641585': -1.4196428, '243749571': -0.9375, '30503246': -0.19196428, '30624898': 0.0, '32564122': -0.03125, '89127267': 0.0, '89173763': -0.15625, '89173808': 0.0, 'cluster_1427494838_273472399': -0.013392857, 'cluster_1757124350_1757124352': 0.0, 'cluster_1863241547_1863241548_1976170214': 0.0, 'cluster_306484187_cluster_1200363791_1200363826_1200363834_1200363898_1200363927_1200363938_1200363947_1200364074_1200364103_1507566554_1507566556_255882157_306484190': 0.0, 'gneJ143': -0.04464286, 'gneJ207': -0.03125, 'gneJ208': -0.026785715, 'gneJ210': -0.02232143, 'gneJ255': -0.084821425, 'gneJ257': -0.008928572}, {'1863241632': 1, '2330725114': 4, '243351999': 0, '243641585': 5, '243749571': 4, '30503246': 1, '30624898': 0, '32564122': 2, '89127267': 0, '89173763': 2, '89173808': 0, 'cluster_1427494838_273472399': 1, 'cluster_1757124350_1757124352': 0, 'cluster_1863241547_1863241548_1976170214': 0, 'cluster_306484187_cluster_1200363791_1200363826_1200363834_1200363898_1200363927_1200363938_1200363947_1200364074_1200364103_1507566554_1507566556_255882157_306484190': 0, 'gneJ143': 1, 'gneJ207': 2, 'gneJ208': 1, 'gneJ210': 1, 'gneJ255': 1, 'gneJ257': 1}, {'1863241632': 1, '2330725114': 4, '243351999': 0, '243641585': 5, '243749571': 5, '30503246': 1, '30624898': 0, '32564122': 2, '89127267': 0, '89173763': 4, '89173808': 0, 'cluster_1427494838_273472399': 1, 'cluster_1757124350_1757124352': 0, 'cluster_1863241547_1863241548_1976170214': 0, 'cluster_306484187_cluster_1200363791_1200363826_1200363834_1200363898_1200363927_1200363938_1200363947_1200364074_1200364103_1507566554_1507566556_255882157_306484190': 0, 'gneJ143': 1, 'gneJ207': 2, 'gneJ208': 1, 'gneJ210': 1, 'gneJ255': 2, 'gneJ257': 1}, 
57900.0, {'1863241632': -0.10714286, '2330725114': -0.11160714, '243351999': 0.0, '243641585': -1.6428572, '243749571': -1.3348215, '30503246': -0.23660715, '30624898': 0.0, '32564122': -0.04464286, '89127267': 0.0, '89173763': -0.035714287, '89173808': 0.0, 'cluster_1427494838_273472399': 0.0, 'cluster_1757124350_1757124352': 0.0, 'cluster_1863241547_1863241548_1976170214': 0.0, 'cluster_306484187_cluster_1200363791_1200363826_1200363834_1200363898_1200363927_1200363938_1200363947_1200364074_1200364103_1507566554_1507566556_255882157_306484190': 0.0, 'gneJ143': -0.116071425, 'gneJ207': 0.0, 'gneJ208': -0.026785715, 'gneJ210': 0.0, 'gneJ255': 0.0, 'gneJ257': -0.026785715}, {'1863241632': 1, '2330725114': 1, '243351999': 0, '243641585': 5, '243749571': 10, '30503246': 1, '30624898': 0, '32564122': 1, '89127267': 0, '89173763': 1, '89173808': 0, 'cluster_1427494838_273472399': 0, 'cluster_1757124350_1757124352': 0, 'cluster_1863241547_1863241548_1976170214': 0, 'cluster_306484187_cluster_1200363791_1200363826_1200363834_1200363898_1200363927_1200363938_1200363947_1200364074_1200364103_1507566554_1507566556_255882157_306484190': 0, 'gneJ143': 1, 'gneJ207': 0, 'gneJ208': 1, 'gneJ210': 0, 'gneJ255': 0, 'gneJ257': 1}, {'1863241632': 1, '2330725114': 1, '243351999': 0, '243641585': 5, '243749571': 13, '30503246': 1, '30624898': 0, '32564122': 2, '89127267': 0, '89173763': 1, '89173808': 0, 'cluster_1427494838_273472399': 0, 'cluster_1757124350_1757124352': 0, 'cluster_1863241547_1863241548_1976170214': 0, 'cluster_306484187_cluster_1200363791_1200363826_1200363834_1200363898_1200363927_1200363938_1200363947_1200364074_1200364103_1507566554_1507566556_255882157_306484190': 0, 'gneJ143': 2, 'gneJ207': 0, 'gneJ208': 1, 'gneJ210': 0, 'gneJ255': 0, 'gneJ257': 1}, 
57910.0, {'1863241632': 0.0, '2330725114': 0.0, '243351999': 0.0, '243641585': -0.59375, '243749571': -1.9330357, '30503246': 0.0, '30624898': 0.0, '32564122': -0.13392857, '89127267': 0.0, '89173763': -0.08035714, '89173808': 0.0, 'cluster_1427494838_273472399': -0.017857144, 'cluster_1757124350_1757124352': 0.0, 'cluster_1863241547_1863241548_1976170214': -0.008928572, 'cluster_306484187_cluster_1200363791_1200363826_1200363834_1200363898_1200363927_1200363938_1200363947_1200364074_1200364103_1507566554_1507566556_255882157_306484190': 0.0, 'gneJ143': 0.0, 'gneJ207': -0.03125, 'gneJ208': -0.084821425, 'gneJ210': 0.0, 'gneJ255': -0.03125, 'gneJ257': -0.13392857}, {'1863241632': 0, '2330725114': 0, '243351999': 0, '243641585': 2, '243749571': 10, '30503246': 0, '30624898': 0, '32564122': 1, '89127267': 0, '89173763': 1, '89173808': 0, 'cluster_1427494838_273472399': 1, 'cluster_1757124350_1757124352': 0, 'cluster_1863241547_1863241548_1976170214': 1, 'cluster_306484187_cluster_1200363791_1200363826_1200363834_1200363898_1200363927_1200363938_1200363947_1200364074_1200364103_1507566554_1507566556_255882157_306484190': 0, 'gneJ143': 0, 'gneJ207': 1, 'gneJ208': 3, 'gneJ210': 0, 'gneJ255': 1, 'gneJ257': 3}, {'1863241632': 0, '2330725114': 0, '243351999': 0, '243641585': 3, '243749571': 14, '30503246': 0, '30624898': 0, '32564122': 2, '89127267': 0, '89173763': 1, '89173808': 0, 'cluster_1427494838_273472399': 1, 'cluster_1757124350_1757124352': 0, 'cluster_1863241547_1863241548_1976170214': 1, 'cluster_306484187_cluster_1200363791_1200363826_1200363834_1200363898_1200363927_1200363938_1200363947_1200364074_1200364103_1507566554_1507566556_255882157_306484190': 0, 'gneJ143': 0, 'gneJ207': 1, 'gneJ208': 5, 'gneJ210': 0, 'gneJ255': 1, 'gneJ257': 7}, 
57920.0, {'1863241632': -0.017857144, '2330725114': 0.0, '243351999': 0.0, '243641585': -0.8660714, '243749571': -1.4598215, '30503246': 0.0, '30624898': 0.0, '32564122': -0.22321428, '89127267': 0.0, '89173763': -0.16964285, '89173808': 0.0, 'cluster_1427494838_273472399': 0.0, 'cluster_1757124350_1757124352': 0.0, 'cluster_1863241547_1863241548_1976170214': -0.05357143, 'cluster_306484187_cluster_1200363791_1200363826_1200363834_1200363898_1200363927_1200363938_1200363947_1200364074_1200364103_1507566554_1507566556_255882157_306484190': -0.02232143, 'gneJ143': 0.0, 'gneJ207': 0.0, 'gneJ208': -0.22321428, 'gneJ210': -0.02232143, 'gneJ255': -0.07589286, 'gneJ257': -0.17857143}, {'1863241632': 1, '2330725114': 0, '243351999': 0, '243641585': 5, '243749571': 10, '30503246': 0, '30624898': 0, '32564122': 1, '89127267': 0, '89173763': 1, '89173808': 0, 'cluster_1427494838_273472399': 0, 'cluster_1757124350_1757124352': 0, 'cluster_1863241547_1863241548_1976170214': 1, 'cluster_306484187_cluster_1200363791_1200363826_1200363834_1200363898_1200363927_1200363938_1200363947_1200364074_1200364103_1507566554_1507566556_255882157_306484190': 1, 'gneJ143': 0, 'gneJ207': 0, 'gneJ208': 5, 'gneJ210': 1, 'gneJ255': 1, 'gneJ257': 2}, {'1863241632': 1, '2330725114': 0, '243351999': 0, '243641585': 10, '243749571': 16, '30503246': 0, '30624898': 0, '32564122': 2, '89127267': 0, '89173763': 4, '89173808': 0, 'cluster_1427494838_273472399': 0, 'cluster_1757124350_1757124352': 0, 'cluster_1863241547_1863241548_1976170214': 1, 'cluster_306484187_cluster_1200363791_1200363826_1200363834_1200363898_1200363927_1200363938_1200363947_1200364074_1200364103_1507566554_1507566556_255882157_306484190': 1, 'gneJ143': 0, 'gneJ207': 0, 'gneJ208': 5, 'gneJ210': 2, 'gneJ255': 1, 'gneJ257': 4}, 
57930.0, {'1863241632': 0.0, '2330725114': 0.0, '243351999': 0.0, '243641585': -1.40625, '243749571': -1.8705357, '30503246': 0.0, '30624898': -0.008928572, '32564122': -0.013392857, '89127267': 0.0, '89173763': -0.41517857, '89173808': -0.004464286, 'cluster_1427494838_273472399': 0.0, 'cluster_1757124350_1757124352': 0.0, 'cluster_1863241547_1863241548_1976170214': -0.125, 'cluster_306484187_cluster_1200363791_1200363826_1200363834_1200363898_1200363927_1200363938_1200363947_1200364074_1200364103_1507566554_1507566556_255882157_306484190': -0.11160714, 'gneJ143': 0.0, 'gneJ207': 0.0, 'gneJ208': -0.12946428, 'gneJ210': -0.017857144, 'gneJ255': 0.0, 'gneJ257': -0.35714287}, {'1863241632': 0, '2330725114': 0, '243351999': 0, '243641585': 5, '243749571': 10, '30503246': 0, '30624898': 1, '32564122': 1, '89127267': 0, '89173763': 2, '89173808': 1, 'cluster_1427494838_273472399': 0, 'cluster_1757124350_1757124352': 0, 'cluster_1863241547_1863241548_1976170214': 1, 'cluster_306484187_cluster_1200363791_1200363826_1200363834_1200363898_1200363927_1200363938_1200363947_1200364074_1200364103_1507566554_1507566556_255882157_306484190': 1, 'gneJ143': 0, 'gneJ207': 0, 'gneJ208': 2, 'gneJ210': 1, 'gneJ255': 0, 'gneJ257': 2}, {'1863241632': 0, '2330725114': 0, '243351999': 0, '243641585': 13, '243749571': 14, '30503246': 0, '30624898': 1, '32564122': 1, '89127267': 0, '89173763': 6, '89173808': 1, 'cluster_1427494838_273472399': 0, 'cluster_1757124350_1757124352': 0, 'cluster_1863241547_1863241548_1976170214': 2, 'cluster_306484187_cluster_1200363791_1200363826_1200363834_1200363898_1200363927_1200363938_1200363947_1200364074_1200364103_1507566554_1507566556_255882157_306484190': 3, 'gneJ143': 0, 'gneJ207': 0, 'gneJ208': 2, 'gneJ210': 2, 'gneJ255': 0, 'gneJ257': 4}, 
57940.0, {'1863241632': 0.0, '2330725114': -0.035714287, '243351999': 0.0, '243641585': -1.5223215, '243749571': -2.294643, '30503246': 0.0, '30624898': 0.0, '32564122': 0.0, '89127267': 0.0, '89173763': -0.29017857, '89173808': 0.0, 'cluster_1427494838_273472399': -0.05357143, 'cluster_1757124350_1757124352': 0.0, 'cluster_1863241547_1863241548_1976170214': -0.20535715, 'cluster_306484187_cluster_1200363791_1200363826_1200363834_1200363898_1200363927_1200363938_1200363947_1200364074_1200364103_1507566554_1507566556_255882157_306484190': 0.0, 'gneJ143': -0.04464286, 'gneJ207': 0.0, 'gneJ208': -0.25, 'gneJ210': 0.0, 'gneJ255': 0.0, 'gneJ257': -0.17857143}, {'1863241632': 0, '2330725114': 2, '243351999': 0, '243641585': 7, '243749571': 11, '30503246': 0, '30624898': 0, '32564122': 0, '89127267': 0, '89173763': 2, '89173808': 0, 'cluster_1427494838_273472399': 1, 'cluster_1757124350_1757124352': 0, 'cluster_1863241547_1863241548_1976170214': 2, 'cluster_306484187_cluster_1200363791_1200363826_1200363834_1200363898_1200363927_1200363938_1200363947_1200364074_1200364103_1507566554_1507566556_255882157_306484190': 0, 'gneJ143': 1, 'gneJ207': 0, 'gneJ208': 4, 'gneJ210': 0, 'gneJ255': 0, 'gneJ257': 1}, {'1863241632': 0, '2330725114': 2, '243351999': 0, '243641585': 11, '243749571': 14, '30503246': 0, '30624898': 0, '32564122': 0, '89127267': 0, '89173763': 2, '89173808': 0, 'cluster_1427494838_273472399': 3, 'cluster_1757124350_1757124352': 0, 'cluster_1863241547_1863241548_1976170214': 3, 'cluster_306484187_cluster_1200363791_1200363826_1200363834_1200363898_1200363927_1200363938_1200363947_1200364074_1200364103_1507566554_1507566556_255882157_306484190': 0, 'gneJ143': 2, 'gneJ207': 0, 'gneJ208': 4, 'gneJ210': 0, 'gneJ255': 0, 'gneJ257': 1}, 
57950.0, {'1863241632': -0.04464286, '2330725114': -0.102678575, '243351999': 0.0, '243641585': -0.73660713, '243749571': -2.5580356, '30503246': 0.0, '30624898': -0.026785715, '32564122': 0.0, '89127267': 0.0, '89173763': -0.3794643, '89173808': -0.04464286, 'cluster_1427494838_273472399': 0.0, 'cluster_1757124350_1757124352': 0.0, 'cluster_1863241547_1863241548_1976170214': -0.3392857, 'cluster_306484187_cluster_1200363791_1200363826_1200363834_1200363898_1200363927_1200363938_1200363947_1200364074_1200364103_1507566554_1507566556_255882157_306484190': -0.02232143, 'gneJ143': -0.17410715, 'gneJ207': 0.0, 'gneJ208': -0.42857143, 'gneJ210': 0.0, 'gneJ255': -0.017857144, 'gneJ257': 0.0}, {'1863241632': 1, '2330725114': 2, '243351999': 0, '243641585': 5, '243749571': 16, '30503246': 0, '30624898': 2, '32564122': 0, '89127267': 0, '89173763': 2, '89173808': 2, 'cluster_1427494838_273472399': 0, 'cluster_1757124350_1757124352': 0, 'cluster_1863241547_1863241548_1976170214': 2, 'cluster_306484187_cluster_1200363791_1200363826_1200363834_1200363898_1200363927_1200363938_1200363947_1200364074_1200364103_1507566554_1507566556_255882157_306484190': 2, 'gneJ143': 2, 'gneJ207': 0, 'gneJ208': 4, 'gneJ210': 0, 'gneJ255': 1, 'gneJ257': 0}, {'1863241632': 1, '2330725114': 2, '243351999': 0, '243641585': 7, '243749571': 17, '30503246': 0, '30624898': 2, '32564122': 0, '89127267': 0, '89173763': 2, '89173808': 2, 'cluster_1427494838_273472399': 0, 'cluster_1757124350_1757124352': 0, 'cluster_1863241547_1863241548_1976170214': 3, 'cluster_306484187_cluster_1200363791_1200363826_1200363834_1200363898_1200363927_1200363938_1200363947_1200364074_1200364103_1507566554_1507566556_255882157_306484190': 2, 'gneJ143': 3, 'gneJ207': 0, 'gneJ208': 4, 'gneJ210': 0, 'gneJ255': 1, 'gneJ257': 0}, 
57960.0, {'1863241632': 0.0, '2330725114': -0.19196428, '243351999': 0.0, '243641585': -1.0803572, '243749571': -2.2232144, '30503246': -0.05357143, '30624898': -0.026785715, '32564122': 0.0, '89127267': 0.0, '89173763': -0.48660713, '89173808': -0.04910714, 'cluster_1427494838_273472399': 0.0, 'cluster_1757124350_1757124352': 0.0, 'cluster_1863241547_1863241548_1976170214': 0.0, 'cluster_306484187_cluster_1200363791_1200363826_1200363834_1200363898_1200363927_1200363938_1200363947_1200364074_1200364103_1507566554_1507566556_255882157_306484190': 0.0, 'gneJ143': -0.03125, 'gneJ207': -0.08928572, 'gneJ208': -0.102678575, 'gneJ210': -0.04017857, 'gneJ255': -0.017857144, 'gneJ257': -0.10714286}, {'1863241632': 0, '2330725114': 2, '243351999': 0, '243641585': 5, '243749571': 13, '30503246': 2, '30624898': 1, '32564122': 0, '89127267': 0, '89173763': 2, '89173808': 1, 'cluster_1427494838_273472399': 0, 'cluster_1757124350_1757124352': 0, 'cluster_1863241547_1863241548_1976170214': 0, 'cluster_306484187_cluster_1200363791_1200363826_1200363834_1200363898_1200363927_1200363938_1200363947_1200364074_1200364103_1507566554_1507566556_255882157_306484190': 0, 'gneJ143': 2, 'gneJ207': 5, 'gneJ208': 1, 'gneJ210': 1, 'gneJ255': 1, 'gneJ257': 2}, {'1863241632': 0, '2330725114': 2, '243351999': 0, '243641585': 8, '243749571': 13, '30503246': 3, '30624898': 1, '32564122': 0, '89127267': 0, '89173763': 3, '89173808': 1, 'cluster_1427494838_273472399': 0, 'cluster_1757124350_1757124352': 0, 'cluster_1863241547_1863241548_1976170214': 0, 'cluster_306484187_cluster_1200363791_1200363826_1200363834_1200363898_1200363927_1200363938_1200363947_1200364074_1200364103_1507566554_1507566556_255882157_306484190': 0, 'gneJ143': 2, 'gneJ207': 5, 'gneJ208': 1, 'gneJ210': 1, 'gneJ255': 1, 'gneJ257': 4}, 
57970.0, {'1863241632': -0.035714287, '2330725114': -0.29910713, '243351999': 0.0, '243641585': -0.87946427, '243749571': -2.8035715, '30503246': 0.0, '30624898': -0.071428575, '32564122': 0.0, '89127267': 0.0, '89173763': -0.625, '89173808': -0.09375, 'cluster_1427494838_273472399': 0.0, 'cluster_1757124350_1757124352': 0.0, 'cluster_1863241547_1863241548_1976170214': -0.08035714, 'cluster_306484187_cluster_1200363791_1200363826_1200363834_1200363898_1200363927_1200363938_1200363947_1200364074_1200364103_1507566554_1507566556_255882157_306484190': 0.0, 'gneJ143': -0.19642857, 'gneJ207': -0.35714287, 'gneJ208': -0.16964285, 'gneJ210': -0.08035714, 'gneJ255': -0.0625, 'gneJ257': -0.10714286}, {'1863241632': 1, '2330725114': 3, '243351999': 0, '243641585': 4, '243749571': 13, '30503246': 0, '30624898': 1, '32564122': 0, '89127267': 0, '89173763': 2, '89173808': 1, 'cluster_1427494838_273472399': 0, 'cluster_1757124350_1757124352': 0, 'cluster_1863241547_1863241548_1976170214': 2, 'cluster_306484187_cluster_1200363791_1200363826_1200363834_1200363898_1200363927_1200363938_1200363947_1200364074_1200364103_1507566554_1507566556_255882157_306484190': 0, 'gneJ143': 2, 'gneJ207': 6, 'gneJ208': 1, 'gneJ210': 2, 'gneJ255': 1, 'gneJ257': 1}, {'1863241632': 1, '2330725114': 3, '243351999': 0, '243641585': 6, '243749571': 13, '30503246': 0, '30624898': 1, '32564122': 0, '89127267': 0, '89173763': 4, '89173808': 1, 'cluster_1427494838_273472399': 0, 'cluster_1757124350_1757124352': 0, 'cluster_1863241547_1863241548_1976170214': 3, 'cluster_306484187_cluster_1200363791_1200363826_1200363834_1200363898_1200363927_1200363938_1200363947_1200364074_1200364103_1507566554_1507566556_255882157_306484190': 0, 'gneJ143': 5, 'gneJ207': 7, 'gneJ208': 2, 'gneJ210': 3, 'gneJ255': 1, 'gneJ257': 2}, 
57980.0, {'1863241632': -0.084821425, '2330725114': -0.4330357, '243351999': 0.0, '243641585': -0.83035713, '243749571': -3.3973215, '30503246': -0.04464286, '30624898': -0.13392857, '32564122': 0.0, '89127267': -0.035714287, '89173763': -0.6473214, '89173808': -0.05357143, 'cluster_1427494838_273472399': 0.0, 'cluster_1757124350_1757124352': -0.035714287, 'cluster_1863241547_1863241548_1976170214': -0.24107143, 'cluster_306484187_cluster_1200363791_1200363826_1200363834_1200363898_1200363927_1200363938_1200363947_1200364074_1200364103_1507566554_1507566556_255882157_306484190': 0.0, 'gneJ143': -0.23660715, 'gneJ207': -0.66964287, 'gneJ208': 0.0, 'gneJ210': -0.06696428, 'gneJ255': -0.14732143, 'gneJ257': -0.04910714}, {'1863241632': 2, '2330725114': 3, '243351999': 0, '243641585': 4, '243749571': 13, '30503246': 1, '30624898': 2, '32564122': 0, '89127267': 1, '89173763': 2, '89173808': 1, 'cluster_1427494838_273472399': 0, 'cluster_1757124350_1757124352': 1, 'cluster_1863241547_1863241548_1976170214': 2, 'cluster_306484187_cluster_1200363791_1200363826_1200363834_1200363898_1200363927_1200363938_1200363947_1200364074_1200364103_1507566554_1507566556_255882157_306484190': 0, 'gneJ143': 2, 'gneJ207': 6, 'gneJ208': 0, 'gneJ210': 1, 'gneJ255': 1, 'gneJ257': 2}, {'1863241632': 2, '2330725114': 3, '243351999': 0, '243641585': 5, '243749571': 14, '30503246': 2, '30624898': 2, '32564122': 0, '89127267': 3, '89173763': 2, '89173808': 2, 'cluster_1427494838_273472399': 0, 'cluster_1757124350_1757124352': 1, 'cluster_1863241547_1863241548_1976170214': 4, 'cluster_306484187_cluster_1200363791_1200363826_1200363834_1200363898_1200363927_1200363938_1200363947_1200364074_1200364103_1507566554_1507566556_255882157_306484190': 0, 'gneJ143': 4, 'gneJ207': 7, 'gneJ208': 0, 'gneJ210': 1, 'gneJ255': 2, 'gneJ257': 5}, 
57990.0, {'1863241632': -0.21875, '2330725114': -0.56696427, '243351999': 0.0, '243641585': -1.1428572, '243749571': -4.0, '30503246': 0.0, '30624898': 0.0, '32564122': 0.0, '89127267': -0.11160714, '89173763': -0.75, '89173808': 0.0, 'cluster_1427494838_273472399': 0.0, 'cluster_1757124350_1757124352': 0.0, 'cluster_1863241547_1863241548_1976170214': -0.41964287, 'cluster_306484187_cluster_1200363791_1200363826_1200363834_1200363898_1200363927_1200363938_1200363947_1200364074_1200364103_1507566554_1507566556_255882157_306484190': 0.0, 'gneJ143': -0.004464286, 'gneJ207': -1.0178572, 'gneJ208': 0.0, 'gneJ210': 0.0, 'gneJ255': -0.23660715, 'gneJ257': -0.16964285}, {'1863241632': 2, '2330725114': 3, '243351999': 0, '243641585': 9, '243749571': 15, '30503246': 0, '30624898': 0, '32564122': 0, '89127267': 1, '89173763': 3, '89173808': 0, 'cluster_1427494838_273472399': 0, 'cluster_1757124350_1757124352': 0, 'cluster_1863241547_1863241548_1976170214': 2, 'cluster_306484187_cluster_1200363791_1200363826_1200363834_1200363898_1200363927_1200363938_1200363947_1200364074_1200364103_1507566554_1507566556_255882157_306484190': 0, 'gneJ143': 1, 'gneJ207': 6, 'gneJ208': 0, 'gneJ210': 0, 'gneJ255': 1, 'gneJ257': 2}, {'1863241632': 3, '2330725114': 3, '243351999': 0, '243641585': 10, '243749571': 16, '30503246': 0, '30624898': 0, '32564122': 0, '89127267': 2, '89173763': 3, '89173808': 0, 'cluster_1427494838_273472399': 0, 'cluster_1757124350_1757124352': 0, 'cluster_1863241547_1863241548_1976170214': 4, 'cluster_306484187_cluster_1200363791_1200363826_1200363834_1200363898_1200363927_1200363938_1200363947_1200364074_1200364103_1507566554_1507566556_255882157_306484190': 0, 'gneJ143': 1, 'gneJ207': 9, 'gneJ208': 0, 'gneJ210': 0, 'gneJ255': 2, 'gneJ257': 5}, 
58000.0, {'1863241632': 0.0, '2330725114': -0.41964287, '243351999': 0.0, '243641585': -1.6651785, '243749571': -4.0, '30503246': -0.03125, '30624898': 0.0, '32564122': -0.035714287, '89127267': 0.0, '89173763': -0.058035713, '89173808': 0.0, 'cluster_1427494838_273472399': 0.0, 'cluster_1757124350_1757124352': 0.0, 'cluster_1863241547_1863241548_1976170214': 0.0, 'cluster_306484187_cluster_1200363791_1200363826_1200363834_1200363898_1200363927_1200363938_1200363947_1200364074_1200364103_1507566554_1507566556_255882157_306484190': 0.0, 'gneJ143': -0.13392857, 'gneJ207': -0.53125, 'gneJ208': 0.0, 'gneJ210': 0.0, 'gneJ255': 0.0, 'gneJ257': -0.26339287}, {'1863241632': 0, '2330725114': 2, '243351999': 0, '243641585': 11, '243749571': 17, '30503246': 1, '30624898': 0, '32564122': 1, '89127267': 0, '89173763': 1, '89173808': 0, 'cluster_1427494838_273472399': 0, 'cluster_1757124350_1757124352': 0, 'cluster_1863241547_1863241548_1976170214': 0, 'cluster_306484187_cluster_1200363791_1200363826_1200363834_1200363898_1200363927_1200363938_1200363947_1200364074_1200364103_1507566554_1507566556_255882157_306484190': 0, 'gneJ143': 4, 'gneJ207': 3, 'gneJ208': 0, 'gneJ210': 0, 'gneJ255': 0, 'gneJ257': 2}, {'1863241632': 0, '2330725114': 2, '243351999': 0, '243641585': 12, '243749571': 18, '30503246': 2, '30624898': 0, '32564122': 1, '89127267': 0, '89173763': 1, '89173808': 0, 'cluster_1427494838_273472399': 0, 'cluster_1757124350_1757124352': 0, 'cluster_1863241547_1863241548_1976170214': 0, 'cluster_306484187_cluster_1200363791_1200363826_1200363834_1200363898_1200363927_1200363938_1200363947_1200364074_1200364103_1507566554_1507566556_255882157_306484190': 0, 'gneJ143': 4, 'gneJ207': 3, 'gneJ208': 0, 'gneJ210': 0, 'gneJ255': 0, 'gneJ257': 5}, 
58010.0, {'1863241632': -0.035714287, '2330725114': -0.20982143, '243351999': 0.0, '243641585': -2.455357, '243749571': -4.0, '30503246': -0.013392857, '30624898': 0.0, '32564122': -0.03125, '89127267': 0.0, '89173763': -0.16964285, '89173808': 0.0, 'cluster_1427494838_273472399': 0.0, 'cluster_1757124350_1757124352': 0.0, 'cluster_1863241547_1863241548_1976170214': -0.07589286, 'cluster_306484187_cluster_1200363791_1200363826_1200363834_1200363898_1200363927_1200363938_1200363947_1200364074_1200364103_1507566554_1507566556_255882157_306484190': 0.0, 'gneJ143': -0.15178572, 'gneJ207': -0.42857143, 'gneJ208': -0.02232143, 'gneJ210': 0.0, 'gneJ255': -0.05357143, 'gneJ257': -0.5401786}, {'1863241632': 1, '2330725114': 2, '243351999': 0, '243641585': 16, '243749571': 17, '30503246': 1, '30624898': 0, '32564122': 2, '89127267': 0, '89173763': 3, '89173808': 0, 'cluster_1427494838_273472399': 0, 'cluster_1757124350_1757124352': 0, 'cluster_1863241547_1863241548_1976170214': 2, 'cluster_306484187_cluster_1200363791_1200363826_1200363834_1200363898_1200363927_1200363938_1200363947_1200364074_1200364103_1507566554_1507566556_255882157_306484190': 0, 'gneJ143': 2, 'gneJ207': 2, 'gneJ208': 1, 'gneJ210': 0, 'gneJ255': 1, 'gneJ257': 4}, {'1863241632': 2, '2330725114': 2, '243351999': 0, '243641585': 21, '243749571': 18, '30503246': 1, '30624898': 0, '32564122': 2, '89127267': 0, '89173763': 3, '89173808': 0, 'cluster_1427494838_273472399': 0, 'cluster_1757124350_1757124352': 0, 'cluster_1863241547_1863241548_1976170214': 3, 'cluster_306484187_cluster_1200363791_1200363826_1200363834_1200363898_1200363927_1200363938_1200363947_1200364074_1200364103_1507566554_1507566556_255882157_306484190': 0, 'gneJ143': 3, 'gneJ207': 2, 'gneJ208': 1, 'gneJ210': 0, 'gneJ255': 2, 'gneJ257': 8}, 
58020.0, {'1863241632': 0.0, '2330725114': -0.026785715, '243351999': 0.0, '243641585': -1.9866072, '243749571': -4.0, '30503246': -0.10714286, '30624898': 0.0, '32564122': -0.058035713, '89127267': 0.0, '89173763': -0.3169643, '89173808': 0.0, 'cluster_1427494838_273472399': 0.0, 'cluster_1757124350_1757124352': 0.0, 'cluster_1863241547_1863241548_1976170214': -0.0625, 'cluster_306484187_cluster_1200363791_1200363826_1200363834_1200363898_1200363927_1200363938_1200363947_1200364074_1200364103_1507566554_1507566556_255882157_306484190': 0.0, 'gneJ143': -0.2857143, 'gneJ207': -0.035714287, 'gneJ208': 0.0, 'gneJ210': 0.0, 'gneJ255': -0.14285715, 'gneJ257': -0.16517857}, {'1863241632': 0, '2330725114': 2, '243351999': 0, '243641585': 15, '243749571': 17, '30503246': 2, '30624898': 0, '32564122': 1, '89127267': 0, '89173763': 3, '89173808': 0, 'cluster_1427494838_273472399': 0, 'cluster_1757124350_1757124352': 0, 'cluster_1863241547_1863241548_1976170214': 1, 'cluster_306484187_cluster_1200363791_1200363826_1200363834_1200363898_1200363927_1200363938_1200363947_1200364074_1200364103_1507566554_1507566556_255882157_306484190': 0, 'gneJ143': 2, 'gneJ207': 1, 'gneJ208': 0, 'gneJ210': 0, 'gneJ255': 1, 'gneJ257': 1}, {'1863241632': 0, '2330725114': 2, '243351999': 0, '243641585': 19, '243749571': 19, '30503246': 4, '30624898': 0, '32564122': 1, '89127267': 0, '89173763': 4, '89173808': 0, 'cluster_1427494838_273472399': 0, 'cluster_1757124350_1757124352': 0, 'cluster_1863241547_1863241548_1976170214': 1, 'cluster_306484187_cluster_1200363791_1200363826_1200363834_1200363898_1200363927_1200363938_1200363947_1200364074_1200364103_1507566554_1507566556_255882157_306484190': 0, 'gneJ143': 6, 'gneJ207': 1, 'gneJ208': 0, 'gneJ210': 0, 'gneJ255': 2, 'gneJ257': 3}, 
58030.0, {'1863241632': 0.0, '2330725114': -0.24107143, '243351999': 0.0, '243641585': -2.84375, '243749571': -4.0, '30503246': 0.0, '30624898': -0.084821425, '32564122': -0.14285715, '89127267': -0.017857144, '89173763': -0.23660715, '89173808': 0.0, 'cluster_1427494838_273472399': 0.0, 'cluster_1757124350_1757124352': 0.0, 'cluster_1863241547_1863241548_1976170214': -0.017857144, 'cluster_306484187_cluster_1200363791_1200363826_1200363834_1200363898_1200363927_1200363938_1200363947_1200364074_1200364103_1507566554_1507566556_255882157_306484190': 0.0, 'gneJ143': -0.41517857, 'gneJ207': -0.08928572, 'gneJ208': 0.0, 'gneJ210': 0.0, 'gneJ255': 0.0, 'gneJ257': -0.19196428}, {'1863241632': 0, '2330725114': 5, '243351999': 0, '243641585': 15, '243749571': 17, '30503246': 0, '30624898': 3, '32564122': 2, '89127267': 2, '89173763': 2, '89173808': 0, 'cluster_1427494838_273472399': 0, 'cluster_1757124350_1757124352': 0, 'cluster_1863241547_1863241548_1976170214': 1, 'cluster_306484187_cluster_1200363791_1200363826_1200363834_1200363898_1200363927_1200363938_1200363947_1200364074_1200364103_1507566554_1507566556_255882157_306484190': 0, 'gneJ143': 2, 'gneJ207': 4, 'gneJ208': 0, 'gneJ210': 0, 'gneJ255': 0, 'gneJ257': 1}, {'1863241632': 0, '2330725114': 9, '243351999': 0, '243641585': 21, '243749571': 23, '30503246': 0, '30624898': 4, '32564122': 2, '89127267': 2, '89173763': 4, '89173808': 0, 'cluster_1427494838_273472399': 0, 'cluster_1757124350_1757124352': 0, 'cluster_1863241547_1863241548_1976170214': 1, 'cluster_306484187_cluster_1200363791_1200363826_1200363834_1200363898_1200363927_1200363938_1200363947_1200364074_1200364103_1507566554_1507566556_255882157_306484190': 0, 'gneJ143': 6, 'gneJ207': 4, 'gneJ208': 0, 'gneJ210': 0, 'gneJ255': 0, 'gneJ257': 2}, 
58040.0, {'1863241632': 0.0, '2330725114': -0.70535713, '243351999': 0.0, '243641585': -2.799107, '243749571': -4.0, '30503246': -0.10714286, '30624898': -0.084821425, '32564122': 0.0, '89127267': -0.10714286, '89173763': -0.21875, '89173808': -0.02232143, 'cluster_1427494838_273472399': 0.0, 'cluster_1757124350_1757124352': 0.0, 'cluster_1863241547_1863241548_1976170214': -0.12946428, 'cluster_306484187_cluster_1200363791_1200363826_1200363834_1200363898_1200363927_1200363938_1200363947_1200364074_1200364103_1507566554_1507566556_255882157_306484190': 0.0, 'gneJ143': -0.7276786, 'gneJ207': -0.07589286, 'gneJ208': -0.04464286, 'gneJ210': 0.0, 'gneJ255': -0.035714287, 'gneJ257': -0.15625}, {'1863241632': 0, '2330725114': 8, '243351999': 0, '243641585': 12, '243749571': 17, '30503246': 2, '30624898': 2, '32564122': 0, '89127267': 2, '89173763': 3, '89173808': 1, 'cluster_1427494838_273472399': 0, 'cluster_1757124350_1757124352': 0, 'cluster_1863241547_1863241548_1976170214': 1, 'cluster_306484187_cluster_1200363791_1200363826_1200363834_1200363898_1200363927_1200363938_1200363947_1200364074_1200364103_1507566554_1507566556_255882157_306484190': 0, 'gneJ143': 3, 'gneJ207': 1, 'gneJ208': 1, 'gneJ210': 0, 'gneJ255': 1, 'gneJ257': 1}, {'1863241632': 0, '2330725114': 13, '243351999': 0, '243641585': 18, '243749571': 23, '30503246': 4, '30624898': 3, '32564122': 0, '89127267': 2, '89173763': 3, '89173808': 1, 'cluster_1427494838_273472399': 0, 'cluster_1757124350_1757124352': 0, 'cluster_1863241547_1863241548_1976170214': 4, 'cluster_306484187_cluster_1200363791_1200363826_1200363834_1200363898_1200363927_1200363938_1200363947_1200364074_1200364103_1507566554_1507566556_255882157_306484190': 0, 'gneJ143': 8, 'gneJ207': 2, 'gneJ208': 1, 'gneJ210': 0, 'gneJ255': 1, 'gneJ257': 1}, 
58050.0, {'1863241632': -0.013392857, '2330725114': -0.54464287, '243351999': -0.013392857, '243641585': -2.9464285, '243749571': -4.0, '30503246': 0.0, '30624898': -0.04017857, '32564122': 0.0, '89127267': -0.008928572, '89173763': -0.35267857, '89173808': 0.0, 'cluster_1427494838_273472399': -0.05357143, 'cluster_1757124350_1757124352': 0.0, 'cluster_1863241547_1863241548_1976170214': -0.10714286, 'cluster_306484187_cluster_1200363791_1200363826_1200363834_1200363898_1200363927_1200363938_1200363947_1200364074_1200364103_1507566554_1507566556_255882157_306484190': 0.0, 'gneJ143': 0.0, 'gneJ207': -0.19642857, 'gneJ208': 0.0, 'gneJ210': 0.0, 'gneJ255': -0.08035714, 'gneJ257': -0.21428572}, {'1863241632': 1, '2330725114': 8, '243351999': 1, '243641585': 12, '243749571': 17, '30503246': 0, '30624898': 2, '32564122': 0, '89127267': 1, '89173763': 3, '89173808': 0, 'cluster_1427494838_273472399': 1, 'cluster_1757124350_1757124352': 0, 'cluster_1863241547_1863241548_1976170214': 1, 'cluster_306484187_cluster_1200363791_1200363826_1200363834_1200363898_1200363927_1200363938_1200363947_1200364074_1200364103_1507566554_1507566556_255882157_306484190': 0, 'gneJ143': 0, 'gneJ207': 4, 'gneJ208': 0, 'gneJ210': 0, 'gneJ255': 1, 'gneJ257': 2}, {'1863241632': 1, '2330725114': 10, '243351999': 1, '243641585': 15, '243749571': 22, '30503246': 0, '30624898': 2, '32564122': 0, '89127267': 1, '89173763': 3, '89173808': 0, 'cluster_1427494838_273472399': 2, 'cluster_1757124350_1757124352': 0, 'cluster_1863241547_1863241548_1976170214': 1, 'cluster_306484187_cluster_1200363791_1200363826_1200363834_1200363898_1200363927_1200363938_1200363947_1200364074_1200364103_1507566554_1507566556_255882157_306484190': 0, 'gneJ143': 0, 'gneJ207': 6, 'gneJ208': 0, 'gneJ210': 0, 'gneJ255': 1, 'gneJ257': 2}, 
58060.0, {'1863241632': -0.102678575, '2330725114': -0.4642857, '243351999': 0.0, '243641585': -3.625, '243749571': -4.0, '30503246': -0.08928572, '30624898': -0.12946428, '32564122': -0.035714287, '89127267': -0.008928572, '89173763': -0.48660713, '89173808': 0.0, 'cluster_1427494838_273472399': -0.14285715, 'cluster_1757124350_1757124352': -0.004464286, 'cluster_1863241547_1863241548_1976170214': -0.03125, 'cluster_306484187_cluster_1200363791_1200363826_1200363834_1200363898_1200363927_1200363938_1200363947_1200364074_1200364103_1507566554_1507566556_255882157_306484190': 0.0, 'gneJ143': 0.0, 'gneJ207': -0.04910714, 'gneJ208': 0.0, 'gneJ210': -0.04017857, 'gneJ255': 0.0, 'gneJ257': -0.3705357}, {'1863241632': 2, '2330725114': 4, '243351999': 0, '243641585': 12, '243749571': 17, '30503246': 2, '30624898': 2, '32564122': 1, '89127267': 1, '89173763': 3, '89173808': 0, 'cluster_1427494838_273472399': 1, 'cluster_1757124350_1757124352': 1, 'cluster_1863241547_1863241548_1976170214': 1, 'cluster_306484187_cluster_1200363791_1200363826_1200363834_1200363898_1200363927_1200363938_1200363947_1200364074_1200364103_1507566554_1507566556_255882157_306484190': 0, 'gneJ143': 0, 'gneJ207': 1, 'gneJ208': 0, 'gneJ210': 1, 'gneJ255': 0, 'gneJ257': 2}, {'1863241632': 2, '2330725114': 7, '243351999': 0, '243641585': 16, '243749571': 21, '30503246': 4, '30624898': 2, '32564122': 1, '89127267': 1, '89173763': 3, '89173808': 0, 'cluster_1427494838_273472399': 2, 'cluster_1757124350_1757124352': 1, 'cluster_1863241547_1863241548_1976170214': 1, 'cluster_306484187_cluster_1200363791_1200363826_1200363834_1200363898_1200363927_1200363938_1200363947_1200364074_1200364103_1507566554_1507566556_255882157_306484190': 0, 'gneJ143': 0, 'gneJ207': 1, 'gneJ208': 0, 'gneJ210': 2, 'gneJ255': 0, 'gneJ257': 4}, 
58070.0, {'1863241632': -0.19642857, '2330725114': -0.78125, '243351999': 0.0, '243641585': -4.0, '243749571': -4.0, '30503246': -0.26785713, '30624898': 0.0, '32564122': -0.08035714, '89127267': -0.05357143, '89173763': -0.6473214, '89173808': -0.035714287, 'cluster_1427494838_273472399': 0.0, 'cluster_1757124350_1757124352': -0.3125, 'cluster_1863241547_1863241548_1976170214': -0.084821425, 'cluster_306484187_cluster_1200363791_1200363826_1200363834_1200363898_1200363927_1200363938_1200363947_1200364074_1200364103_1507566554_1507566556_255882157_306484190': 0.0, 'gneJ143': -0.14285715, 'gneJ207': -0.13392857, 'gneJ208': -0.04017857, 'gneJ210': 0.0, 'gneJ255': 0.0, 'gneJ257': -0.54910713}, {'1863241632': 2, '2330725114': 5, '243351999': 0, '243641585': 17, '243749571': 17, '30503246': 2, '30624898': 0, '32564122': 1, '89127267': 1, '89173763': 3, '89173808': 2, 'cluster_1427494838_273472399': 0, 'cluster_1757124350_1757124352': 6, 'cluster_1863241547_1863241548_1976170214': 1, 'cluster_306484187_cluster_1200363791_1200363826_1200363834_1200363898_1200363927_1200363938_1200363947_1200364074_1200364103_1507566554_1507566556_255882157_306484190': 0, 'gneJ143': 4, 'gneJ207': 4, 'gneJ208': 1, 'gneJ210': 0, 'gneJ255': 0, 'gneJ257': 2}, {'1863241632': 3, '2330725114': 8, '243351999': 0, '243641585': 26, '243749571': 22, '30503246': 4, '30624898': 0, '32564122': 1, '89127267': 1, '89173763': 4, '89173808': 2, 'cluster_1427494838_273472399': 0, 'cluster_1757124350_1757124352': 12, 'cluster_1863241547_1863241548_1976170214': 2, 'cluster_306484187_cluster_1200363791_1200363826_1200363834_1200363898_1200363927_1200363938_1200363947_1200364074_1200364103_1507566554_1507566556_255882157_306484190': 0, 'gneJ143': 4, 'gneJ207': 4, 'gneJ208': 1, 'gneJ210': 0, 'gneJ255': 0, 'gneJ257': 4}, 
58080.0, {'1863241632': -0.33035713, '2330725114': -0.20089285, '243351999': -0.035714287, '243641585': -4.0, '243749571': -4.0, '30503246': 0.0, '30624898': 0.0, '32564122': -0.02232143, '89127267': 0.0, '89173763': -0.75446427, '89173808': -0.125, 'cluster_1427494838_273472399': -0.017857144, 'cluster_1757124350_1757124352': -0.36160713, 'cluster_1863241547_1863241548_1976170214': -0.12053572, 'cluster_306484187_cluster_1200363791_1200363826_1200363834_1200363898_1200363927_1200363938_1200363947_1200364074_1200364103_1507566554_1507566556_255882157_306484190': 0.0, 'gneJ143': -0.32589287, 'gneJ207': -0.04910714, 'gneJ208': 0.0, 'gneJ210': 0.0, 'gneJ255': -0.026785715, 'gneJ257': -0.49107143}, {'1863241632': 2, '2330725114': 2, '243351999': 1, '243641585': 16, '243749571': 17, '30503246': 0, '30624898': 0, '32564122': 2, '89127267': 0, '89173763': 3, '89173808': 2, 'cluster_1427494838_273472399': 1, 'cluster_1757124350_1757124352': 3, 'cluster_1863241547_1863241548_1976170214': 1, 'cluster_306484187_cluster_1200363791_1200363826_1200363834_1200363898_1200363927_1200363938_1200363947_1200364074_1200364103_1507566554_1507566556_255882157_306484190': 0, 'gneJ143': 3, 'gneJ207': 1, 'gneJ208': 0, 'gneJ210': 0, 'gneJ255': 1, 'gneJ257': 3}, {'1863241632': 3, '2330725114': 2, '243351999': 1, '243641585': 23, '243749571': 22, '30503246': 0, '30624898': 0, '32564122': 2, '89127267': 0, '89173763': 3, '89173808': 2, 'cluster_1427494838_273472399': 1, 'cluster_1757124350_1757124352': 6, 'cluster_1863241547_1863241548_1976170214': 1, 'cluster_306484187_cluster_1200363791_1200363826_1200363834_1200363898_1200363927_1200363938_1200363947_1200364074_1200364103_1507566554_1507566556_255882157_306484190': 0, 'gneJ143': 6, 'gneJ207': 1, 'gneJ208': 0, 'gneJ210': 0, 'gneJ255': 1, 'gneJ257': 3}, 
58090.0, {'1863241632': 0.0, '2330725114': 0.0, '243351999': 0.0, '243641585': -4.0, '243749571': -4.0, '30503246': -0.04017857, '30624898': 0.0, '32564122': -0.18303572, '89127267': -0.04017857, '89173763': -0.98214287, '89173808': -0.22767857, 'cluster_1427494838_273472399': -0.017857144, 'cluster_1757124350_1757124352': 0.0, 'cluster_1863241547_1863241548_1976170214': 0.0, 'cluster_306484187_cluster_1200363791_1200363826_1200363834_1200363898_1200363927_1200363938_1200363947_1200364074_1200364103_1507566554_1507566556_255882157_306484190': 0.0, 'gneJ143': -0.24107143, 'gneJ207': -0.13392857, 'gneJ208': 0.0, 'gneJ210': -0.0625, 'gneJ255': -0.071428575, 'gneJ257': -0.70089287}, {'1863241632': 0, '2330725114': 0, '243351999': 0, '243641585': 17, '243749571': 17, '30503246': 1, '30624898': 0, '32564122': 3, '89127267': 2, '89173763': 6, '89173808': 2, 'cluster_1427494838_273472399': 1, 'cluster_1757124350_1757124352': 0, 'cluster_1863241547_1863241548_1976170214': 0, 'cluster_306484187_cluster_1200363791_1200363826_1200363834_1200363898_1200363927_1200363938_1200363947_1200364074_1200364103_1507566554_1507566556_255882157_306484190': 0, 'gneJ143': 2, 'gneJ207': 3, 'gneJ208': 0, 'gneJ210': 1, 'gneJ255': 1, 'gneJ257': 5}, {'1863241632': 0, '2330725114': 0, '243351999': 0, '243641585': 25, '243749571': 25, '30503246': 2, '30624898': 0, '32564122': 4, '89127267': 2, '89173763': 6, '89173808': 3, 'cluster_1427494838_273472399': 1, 'cluster_1757124350_1757124352': 0, 'cluster_1863241547_1863241548_1976170214': 0, 'cluster_306484187_cluster_1200363791_1200363826_1200363834_1200363898_1200363927_1200363938_1200363947_1200364074_1200364103_1507566554_1507566556_255882157_306484190': 0, 'gneJ143': 5, 'gneJ207': 3, 'gneJ208': 0, 'gneJ210': 2, 'gneJ255': 1, 'gneJ257': 5}, 
58100.0, {'1863241632': 0.0, '2330725114': 0.0, '243351999': 0.0, '243641585': -4.0, '243749571': -4.0, '30503246': -0.008928572, '30624898': 0.0, '32564122': -0.4017857, '89127267': -0.12946428, '89173763': -0.5625, '89173808': 0.0, 'cluster_1427494838_273472399': -0.0625, 'cluster_1757124350_1757124352': 0.0, 'cluster_1863241547_1863241548_1976170214': -0.017857144, 'cluster_306484187_cluster_1200363791_1200363826_1200363834_1200363898_1200363927_1200363938_1200363947_1200364074_1200364103_1507566554_1507566556_255882157_306484190': 0.0, 'gneJ143': -0.66071427, 'gneJ207': -0.26785713, 'gneJ208': -0.013392857, 'gneJ210': -0.15178572, 'gneJ255': -0.02232143, 'gneJ257': -0.9375}, {'1863241632': 0, '2330725114': 0, '243351999': 0, '243641585': 14, '243749571': 17, '30503246': 1, '30624898': 0, '32564122': 4, '89127267': 2, '89173763': 4, '89173808': 0, 'cluster_1427494838_273472399': 1, 'cluster_1757124350_1757124352': 0, 'cluster_1863241547_1863241548_1976170214': 1, 'cluster_306484187_cluster_1200363791_1200363826_1200363834_1200363898_1200363927_1200363938_1200363947_1200364074_1200364103_1507566554_1507566556_255882157_306484190': 0, 'gneJ143': 4, 'gneJ207': 3, 'gneJ208': 2, 'gneJ210': 1, 'gneJ255': 1, 'gneJ257': 5}, {'1863241632': 0, '2330725114': 0, '243351999': 0, '243641585': 21, '243749571': 24, '30503246': 1, '30624898': 0, '32564122': 6, '89127267': 2, '89173763': 6, '89173808': 0, 'cluster_1427494838_273472399': 1, 'cluster_1757124350_1757124352': 0, 'cluster_1863241547_1863241548_1976170214': 1, 'cluster_306484187_cluster_1200363791_1200363826_1200363834_1200363898_1200363927_1200363938_1200363947_1200364074_1200364103_1507566554_1507566556_255882157_306484190': 0, 'gneJ143': 13, 'gneJ207': 3, 'gneJ208': 2, 'gneJ210': 2, 'gneJ255': 2, 'gneJ257': 6}, 
58110.0, {'1863241632': -0.017857144, '2330725114': -0.04464286, '243351999': 0.0, '243641585': -4.0, '243749571': -4.0, '30503246': -0.07589286, '30624898': 0.0, '32564122': -0.71428573, '89127267': 0.0, '89173763': -0.36160713, '89173808': 0.0, 'cluster_1427494838_273472399': -0.017857144, 'cluster_1757124350_1757124352': 0.0, 'cluster_1863241547_1863241548_1976170214': -0.10714286, 'cluster_306484187_cluster_1200363791_1200363826_1200363834_1200363898_1200363927_1200363938_1200363947_1200364074_1200364103_1507566554_1507566556_255882157_306484190': 0.0, 'gneJ143': -1.3258928, 'gneJ207': -0.48660713, 'gneJ208': -0.13392857, 'gneJ210': -0.05357143, 'gneJ255': 0.0, 'gneJ257': -1.1473215}, {'1863241632': 1, '2330725114': 2, '243351999': 0, '243641585': 14, '243749571': 18, '30503246': 2, '30624898': 0, '32564122': 4, '89127267': 0, '89173763': 2, '89173808': 0, 'cluster_1427494838_273472399': 2, 'cluster_1757124350_1757124352': 0, 'cluster_1863241547_1863241548_1976170214': 1, 'cluster_306484187_cluster_1200363791_1200363826_1200363834_1200363898_1200363927_1200363938_1200363947_1200364074_1200364103_1507566554_1507566556_255882157_306484190': 0, 'gneJ143': 4, 'gneJ207': 3, 'gneJ208': 3, 'gneJ210': 1, 'gneJ255': 0, 'gneJ257': 5}, {'1863241632': 1, '2330725114': 3, '243351999': 0, '243641585': 21, '243749571': 26, '30503246': 3, '30624898': 0, '32564122': 9, '89127267': 0, '89173763': 4, '89173808': 0, 'cluster_1427494838_273472399': 2, 'cluster_1757124350_1757124352': 0, 'cluster_1863241547_1863241548_1976170214': 2, 'cluster_306484187_cluster_1200363791_1200363826_1200363834_1200363898_1200363927_1200363938_1200363947_1200364074_1200364103_1507566554_1507566556_255882157_306484190': 0, 'gneJ143': 16, 'gneJ207': 6, 'gneJ208': 3, 'gneJ210': 2, 'gneJ255': 0, 'gneJ257': 5}, 
58120.0, {'1863241632': 0.0, '2330725114': 0.0, '243351999': -0.04464286, '243641585': -4.0, '243749571': -4.0, '30503246': -0.2544643, '30624898': -0.02232143, '32564122': -0.116071425, '89127267': 0.0, '89173763': -0.29910713, '89173808': -0.013392857, 'cluster_1427494838_273472399': 0.0, 'cluster_1757124350_1757124352': 0.0, 'cluster_1863241547_1863241548_1976170214': 0.0, 'cluster_306484187_cluster_1200363791_1200363826_1200363834_1200363898_1200363927_1200363938_1200363947_1200364074_1200364103_1507566554_1507566556_255882157_306484190': 0.0, 'gneJ143': -0.27232143, 'gneJ207': -0.06696428, 'gneJ208': 0.0, 'gneJ210': 0.0, 'gneJ255': -0.026785715, 'gneJ257': -0.38392857}, {'1863241632': 0, '2330725114': 0, '243351999': 1, '243641585': 14, '243749571': 19, '30503246': 2, '30624898': 1, '32564122': 1, '89127267': 0, '89173763': 3, '89173808': 1, 'cluster_1427494838_273472399': 0, 'cluster_1757124350_1757124352': 0, 'cluster_1863241547_1863241548_1976170214': 0, 'cluster_306484187_cluster_1200363791_1200363826_1200363834_1200363898_1200363927_1200363938_1200363947_1200364074_1200364103_1507566554_1507566556_255882157_306484190': 0, 'gneJ143': 2, 'gneJ207': 1, 'gneJ208': 0, 'gneJ210': 0, 'gneJ255': 2, 'gneJ257': 2}, {'1863241632': 0, '2330725114': 0, '243351999': 1, '243641585': 23, '243749571': 29, '30503246': 4, '30624898': 1, '32564122': 1, '89127267': 0, '89173763': 4, '89173808': 1, 'cluster_1427494838_273472399': 0, 'cluster_1757124350_1757124352': 0, 'cluster_1863241547_1863241548_1976170214': 0, 'cluster_306484187_cluster_1200363791_1200363826_1200363834_1200363898_1200363927_1200363938_1200363947_1200364074_1200364103_1507566554_1507566556_255882157_306484190': 0, 'gneJ143': 3, 'gneJ207': 1, 'gneJ208': 0, 'gneJ210': 0, 'gneJ255': 2, 'gneJ257': 5}, 
58130.0, {'1863241632': 0.0, '2330725114': -0.026785715, '243351999': 0.0, '243641585': -4.0, '243749571': -4.0, '30503246': 0.0, '30624898': -0.035714287, '32564122': -0.0625, '89127267': -0.026785715, '89173763': -0.026785715, '89173808': -0.058035713, 'cluster_1427494838_273472399': 0.0, 'cluster_1757124350_1757124352': -0.017857144, 'cluster_1863241547_1863241548_1976170214': -0.058035713, 'cluster_306484187_cluster_1200363791_1200363826_1200363834_1200363898_1200363927_1200363938_1200363947_1200364074_1200364103_1507566554_1507566556_255882157_306484190': 0.0, 'gneJ143': -0.0625, 'gneJ207': -0.24107143, 'gneJ208': -0.026785715, 'gneJ210': -0.013392857, 'gneJ255': -0.116071425, 'gneJ257': -0.45089287}, {'1863241632': 0, '2330725114': 1, '243351999': 0, '243641585': 14, '243749571': 19, '30503246': 0, '30624898': 3, '32564122': 2, '89127267': 1, '89173763': 1, '89173808': 1, 'cluster_1427494838_273472399': 0, 'cluster_1757124350_1757124352': 1, 'cluster_1863241547_1863241548_1976170214': 1, 'cluster_306484187_cluster_1200363791_1200363826_1200363834_1200363898_1200363927_1200363938_1200363947_1200364074_1200364103_1507566554_1507566556_255882157_306484190': 0, 'gneJ143': 1, 'gneJ207': 5, 'gneJ208': 1, 'gneJ210': 1, 'gneJ255': 2, 'gneJ257': 3}, {'1863241632': 0, '2330725114': 1, '243351999': 0, '243641585': 25, '243749571': 29, '30503246': 0, '30624898': 3, '32564122': 2, '89127267': 1, '89173763': 1, '89173808': 1, 'cluster_1427494838_273472399': 0, 'cluster_1757124350_1757124352': 2, 'cluster_1863241547_1863241548_1976170214': 2, 'cluster_306484187_cluster_1200363791_1200363826_1200363834_1200363898_1200363927_1200363938_1200363947_1200364074_1200364103_1507566554_1507566556_255882157_306484190': 0, 'gneJ143': 1, 'gneJ207': 8, 'gneJ208': 1, 'gneJ210': 1, 'gneJ255': 2, 'gneJ257': 3}, 
58140.0, {'1863241632': 0.0, '2330725114': -0.10714286, '243351999': 0.0, '243641585': -4.0, '243749571': -4.0, '30503246': -0.08928572, '30624898': -0.12053572, '32564122': -0.16517857, '89127267': 0.0, '89173763': -0.09375, '89173808': -0.14732143, 'cluster_1427494838_273472399': 0.0, 'cluster_1757124350_1757124352': 0.0, 'cluster_1863241547_1863241548_1976170214': -0.071428575, 'cluster_306484187_cluster_1200363791_1200363826_1200363834_1200363898_1200363927_1200363938_1200363947_1200364074_1200364103_1507566554_1507566556_255882157_306484190': -0.017857144, 'gneJ143': -0.116071425, 'gneJ207': -0.42410713, 'gneJ208': -0.08035714, 'gneJ210': -0.14285715, 'gneJ255': -0.035714287, 'gneJ257': -0.66964287}, {'1863241632': 0, '2330725114': 3, '243351999': 0, '243641585': 15, '243749571': 19, '30503246': 2, '30624898': 2, '32564122': 2, '89127267': 0, '89173763': 1, '89173808': 2, 'cluster_1427494838_273472399': 0, 'cluster_1757124350_1757124352': 0, 'cluster_1863241547_1863241548_1976170214': 1, 'cluster_306484187_cluster_1200363791_1200363826_1200363834_1200363898_1200363927_1200363938_1200363947_1200364074_1200364103_1507566554_1507566556_255882157_306484190': 1, 'gneJ143': 3, 'gneJ207': 5, 'gneJ208': 2, 'gneJ210': 2, 'gneJ255': 1, 'gneJ257': 5}, {'1863241632': 0, '2330725114': 3, '243351999': 0, '243641585': 26, '243749571': 30, '30503246': 4, '30624898': 3, '32564122': 3, '89127267': 0, '89173763': 2, '89173808': 2, 'cluster_1427494838_273472399': 0, 'cluster_1757124350_1757124352': 0, 'cluster_1863241547_1863241548_1976170214': 1, 'cluster_306484187_cluster_1200363791_1200363826_1200363834_1200363898_1200363927_1200363938_1200363947_1200364074_1200364103_1507566554_1507566556_255882157_306484190': 1, 'gneJ143': 5, 'gneJ207': 9, 'gneJ208': 2, 'gneJ210': 4, 'gneJ255': 3, 'gneJ257': 5}, 
58150.0, {'1863241632': 0.0, '2330725114': -0.24107143, '243351999': 0.0, '243641585': -4.0, '243749571': -4.0, '30503246': 0.0, '30624898': -0.017857144, '32564122': -0.17410715, '89127267': 0.0, '89173763': -0.12946428, '89173808': -0.24553572, 'cluster_1427494838_273472399': -0.026785715, 'cluster_1757124350_1757124352': -0.026785715, 'cluster_1863241547_1863241548_1976170214': 0.0, 'cluster_306484187_cluster_1200363791_1200363826_1200363834_1200363898_1200363927_1200363938_1200363947_1200364074_1200364103_1507566554_1507566556_255882157_306484190': -0.22767857, 'gneJ143': 0.0, 'gneJ207': -0.54464287, 'gneJ208': 0.0, 'gneJ210': -0.17857143, 'gneJ255': -0.071428575, 'gneJ257': -0.93303573}, {'1863241632': 0, '2330725114': 3, '243351999': 0, '243641585': 17, '243749571': 19, '30503246': 0, '30624898': 1, '32564122': 1, '89127267': 0, '89173763': 2, '89173808': 3, 'cluster_1427494838_273472399': 1, 'cluster_1757124350_1757124352': 1, 'cluster_1863241547_1863241548_1976170214': 0, 'cluster_306484187_cluster_1200363791_1200363826_1200363834_1200363898_1200363927_1200363938_1200363947_1200364074_1200364103_1507566554_1507566556_255882157_306484190': 3, 'gneJ143': 0, 'gneJ207': 5, 'gneJ208': 0, 'gneJ210': 2, 'gneJ255': 1, 'gneJ257': 5}, {'1863241632': 0, '2330725114': 3, '243351999': 0, '243641585': 30, '243749571': 31, '30503246': 0, '30624898': 3, '32564122': 2, '89127267': 0, '89173763': 2, '89173808': 3, 'cluster_1427494838_273472399': 1, 'cluster_1757124350_1757124352': 1, 'cluster_1863241547_1863241548_1976170214': 0, 'cluster_306484187_cluster_1200363791_1200363826_1200363834_1200363898_1200363927_1200363938_1200363947_1200364074_1200364103_1507566554_1507566556_255882157_306484190': 8, 'gneJ143': 0, 'gneJ207': 7, 'gneJ208': 0, 'gneJ210': 3, 'gneJ255': 2, 'gneJ257': 7}, 
58160.0, {'1863241632': -0.026785715, '2330725114': -0.008928572, '243351999': -0.017857144, '243641585': -4.0, '243749571': -4.0, '30503246': -0.04017857, '30624898': -0.19196428, '32564122': -0.102678575, '89127267': 0.0, '89173763': -0.28125, '89173808': 0.0, 'cluster_1427494838_273472399': 0.0, 'cluster_1757124350_1757124352': 0.0, 'cluster_1863241547_1863241548_1976170214': -0.02232143, 'cluster_306484187_cluster_1200363791_1200363826_1200363834_1200363898_1200363927_1200363938_1200363947_1200364074_1200364103_1507566554_1507566556_255882157_306484190': -0.69196427, 'gneJ143': 0.0, 'gneJ207': -0.4017857, 'gneJ208': 0.0, 'gneJ210': -0.11160714, 'gneJ255': 0.0, 'gneJ257': -1.2098215}, {'1863241632': 1, '2330725114': 1, '243351999': 1, '243641585': 15, '243749571': 19, '30503246': 1, '30624898': 3, '32564122': 1, '89127267': 0, '89173763': 4, '89173808': 0, 'cluster_1427494838_273472399': 0, 'cluster_1757124350_1757124352': 0, 'cluster_1863241547_1863241548_1976170214': 1, 'cluster_306484187_cluster_1200363791_1200363826_1200363834_1200363898_1200363927_1200363938_1200363947_1200364074_1200364103_1507566554_1507566556_255882157_306484190': 4, 'gneJ143': 0, 'gneJ207': 2, 'gneJ208': 0, 'gneJ210': 1, 'gneJ255': 0, 'gneJ257': 5}, {'1863241632': 1, '2330725114': 1, '243351999': 1, '243641585': 27, '243749571': 30, '30503246': 2, '30624898': 5, '32564122': 1, '89127267': 0, '89173763': 4, '89173808': 0, 'cluster_1427494838_273472399': 0, 'cluster_1757124350_1757124352': 0, 'cluster_1863241547_1863241548_1976170214': 1, 'cluster_306484187_cluster_1200363791_1200363826_1200363834_1200363898_1200363927_1200363938_1200363947_1200364074_1200364103_1507566554_1507566556_255882157_306484190': 11, 'gneJ143': 0, 'gneJ207': 4, 'gneJ208': 0, 'gneJ210': 2, 'gneJ255': 0, 'gneJ257': 9}, 
58170.0, {'1863241632': -0.071428575, '2330725114': -0.02232143, '243351999': -0.116071425, '243641585': -4.0, '243749571': -4.0, '30503246': 0.0, '30624898': -0.3169643, '32564122': -0.14732143, '89127267': 0.0, '89173763': -0.54464287, '89173808': 0.0, 'cluster_1427494838_273472399': 0.0, 'cluster_1757124350_1757124352': 0.0, 'cluster_1863241547_1863241548_1976170214': -0.09821428, 'cluster_306484187_cluster_1200363791_1200363826_1200363834_1200363898_1200363927_1200363938_1200363947_1200364074_1200364103_1507566554_1507566556_255882157_306484190': -0.2767857, 'gneJ143': -0.026785715, 'gneJ207': -0.65178573, 'gneJ208': -0.02232143, 'gneJ210': -0.04017857, 'gneJ255': 0.0, 'gneJ257': -1.4508928}, {'1863241632': 1, '2330725114': 2, '243351999': 3, '243641585': 10, '243749571': 17, '30503246': 0, '30624898': 4, '32564122': 1, '89127267': 0, '89173763': 4, '89173808': 0, 'cluster_1427494838_273472399': 0, 'cluster_1757124350_1757124352': 0, 'cluster_1863241547_1863241548_1976170214': 1, 'cluster_306484187_cluster_1200363791_1200363826_1200363834_1200363898_1200363927_1200363938_1200363947_1200364074_1200364103_1507566554_1507566556_255882157_306484190': 1, 'gneJ143': 1, 'gneJ207': 5, 'gneJ208': 1, 'gneJ210': 1, 'gneJ255': 0, 'gneJ257': 5}, {'1863241632': 1, '2330725114': 2, '243351999': 3, '243641585': 22, '243749571': 27, '30503246': 0, '30624898': 4, '32564122': 1, '89127267': 0, '89173763': 8, '89173808': 0, 'cluster_1427494838_273472399': 0, 'cluster_1757124350_1757124352': 0, 'cluster_1863241547_1863241548_1976170214': 2, 'cluster_306484187_cluster_1200363791_1200363826_1200363834_1200363898_1200363927_1200363938_1200363947_1200364074_1200364103_1507566554_1507566556_255882157_306484190': 3, 'gneJ143': 2, 'gneJ207': 9, 'gneJ208': 1, 'gneJ210': 1, 'gneJ255': 0, 'gneJ257': 9}, 
58180.0, {'1863241632': -0.116071425, '2330725114': -0.05357143, '243351999': 0.0, '243641585': -4.0, '243749571': -4.0, '30503246': -0.02232143, '30624898': -0.16071428, '32564122': -0.20982143, '89127267': 0.0, '89173763': -0.9464286, '89173808': -0.03125, 'cluster_1427494838_273472399': -0.02232143, 'cluster_1757124350_1757124352': 0.0, 'cluster_1863241547_1863241548_1976170214': -0.1875, 'cluster_306484187_cluster_1200363791_1200363826_1200363834_1200363898_1200363927_1200363938_1200363947_1200364074_1200364103_1507566554_1507566556_255882157_306484190': 0.0, 'gneJ143': 0.0, 'gneJ207': -0.3125, 'gneJ208': -0.06696428, 'gneJ210': -0.084821425, 'gneJ255': -0.0625, 'gneJ257': -1.5625}, {'1863241632': 1, '2330725114': 1, '243351999': 0, '243641585': 8, '243749571': 17, '30503246': 1, '30624898': 2, '32564122': 1, '89127267': 0, '89173763': 5, '89173808': 1, 'cluster_1427494838_273472399': 1, 'cluster_1757124350_1757124352': 0, 'cluster_1863241547_1863241548_1976170214': 1, 'cluster_306484187_cluster_1200363791_1200363826_1200363834_1200363898_1200363927_1200363938_1200363947_1200364074_1200364103_1507566554_1507566556_255882157_306484190': 0, 'gneJ143': 0, 'gneJ207': 7, 'gneJ208': 1, 'gneJ210': 1, 'gneJ255': 1, 'gneJ257': 5}, {'1863241632': 1, '2330725114': 1, '243351999': 0, '243641585': 18, '243749571': 29, '30503246': 2, '30624898': 2, '32564122': 2, '89127267': 0, '89173763': 10, '89173808': 1, 'cluster_1427494838_273472399': 2, 'cluster_1757124350_1757124352': 0, 'cluster_1863241547_1863241548_1976170214': 2, 'cluster_306484187_cluster_1200363791_1200363826_1200363834_1200363898_1200363927_1200363938_1200363947_1200364074_1200364103_1507566554_1507566556_255882157_306484190': 0, 'gneJ143': 0, 'gneJ207': 8, 'gneJ208': 1, 'gneJ210': 1, 'gneJ255': 2, 'gneJ257': 5}, 
58190.0, {'1863241632': -0.16071428, '2330725114': 0.0, '243351999': 0.0, '243641585': -4.0, '243749571': -4.0, '30503246': -0.11160714, '30624898': -0.125, '32564122': 0.0, '89127267': 0.0, '89173763': -1.4464285, '89173808': 0.0, 'cluster_1427494838_273472399': -0.16071428, 'cluster_1757124350_1757124352': -0.017857144, 'cluster_1863241547_1863241548_1976170214': -0.22321428, 'cluster_306484187_cluster_1200363791_1200363826_1200363834_1200363898_1200363927_1200363938_1200363947_1200364074_1200364103_1507566554_1507566556_255882157_306484190': 0.0, 'gneJ143': -0.008928572, 'gneJ207': -0.5625, 'gneJ208': -0.13839285, 'gneJ210': -0.026785715, 'gneJ255': -0.11160714, 'gneJ257': -1.7946428}, {'1863241632': 1, '2330725114': 0, '243351999': 0, '243641585': 8, '243749571': 17, '30503246': 1, '30624898': 4, '32564122': 0, '89127267': 0, '89173763': 6, '89173808': 0, 'cluster_1427494838_273472399': 1, 'cluster_1757124350_1757124352': 1, 'cluster_1863241547_1863241548_1976170214': 1, 'cluster_306484187_cluster_1200363791_1200363826_1200363834_1200363898_1200363927_1200363938_1200363947_1200364074_1200364103_1507566554_1507566556_255882157_306484190': 0, 'gneJ143': 1, 'gneJ207': 7, 'gneJ208': 1, 'gneJ210': 1, 'gneJ255': 1, 'gneJ257': 5}, {'1863241632': 1, '2330725114': 0, '243351999': 0, '243641585': 13, '243749571': 30, '30503246': 2, '30624898': 5, '32564122': 0, '89127267': 0, '89173763': 12, '89173808': 0, 'cluster_1427494838_273472399': 5, 'cluster_1757124350_1757124352': 2, 'cluster_1863241547_1863241548_1976170214': 5, 'cluster_306484187_cluster_1200363791_1200363826_1200363834_1200363898_1200363927_1200363938_1200363947_1200364074_1200364103_1507566554_1507566556_255882157_306484190': 0, 'gneJ143': 1, 'gneJ207': 7, 'gneJ208': 2, 'gneJ210': 1, 'gneJ255': 2, 'gneJ257': 6}, 
58200.0, {'1863241632': -0.20535715, '2330725114': 0.0, '243351999': -0.017857144, '243641585': -4.0, '243749571': -4.0, '30503246': 0.0, '30624898': -0.09375, '32564122': -0.017857144, '89127267': 0.0, '89173763': -1.9821428, '89173808': 0.0, 'cluster_1427494838_273472399': 0.0, 'cluster_1757124350_1757124352': 0.0, 'cluster_1863241547_1863241548_1976170214': -0.57589287, 'cluster_306484187_cluster_1200363791_1200363826_1200363834_1200363898_1200363927_1200363938_1200363947_1200364074_1200364103_1507566554_1507566556_255882157_306484190': -0.02232143, 'gneJ143': 0.0, 'gneJ207': -0.90625, 'gneJ208': 0.0, 'gneJ210': 0.0, 'gneJ255': -0.20089285, 'gneJ257': -1.0625}, {'1863241632': 1, '2330725114': 0, '243351999': 1, '243641585': 8, '243749571': 18, '30503246': 0, '30624898': 2, '32564122': 1, '89127267': 0, '89173763': 6, '89173808': 0, 'cluster_1427494838_273472399': 0, 'cluster_1757124350_1757124352': 0, 'cluster_1863241547_1863241548_1976170214': 3, 'cluster_306484187_cluster_1200363791_1200363826_1200363834_1200363898_1200363927_1200363938_1200363947_1200364074_1200364103_1507566554_1507566556_255882157_306484190': 1, 'gneJ143': 0, 'gneJ207': 9, 'gneJ208': 0, 'gneJ210': 0, 'gneJ255': 1, 'gneJ257': 3}, {'1863241632': 1, '2330725114': 0, '243351999': 1, '243641585': 16, '243749571': 32, '30503246': 0, '30624898': 2, '32564122': 1, '89127267': 0, '89173763': 12, '89173808': 0, 'cluster_1427494838_273472399': 0, 'cluster_1757124350_1757124352': 0, 'cluster_1863241547_1863241548_1976170214': 9, 'cluster_306484187_cluster_1200363791_1200363826_1200363834_1200363898_1200363927_1200363938_1200363947_1200364074_1200364103_1507566554_1507566556_255882157_306484190': 2, 'gneJ143': 0, 'gneJ207': 10, 'gneJ208': 0, 'gneJ210': 0, 'gneJ255': 2, 'gneJ257': 7}, 
58210.0, {'1863241632': -0.29464287, '2330725114': 0.0, '243351999': 0.0, '243641585': -2.7767856, '243749571': -4.0, '30503246': 0.0, '30624898': -0.11160714, '32564122': 0.0, '89127267': 0.0, '89173763': -2.5223215, '89173808': 0.0, 'cluster_1427494838_273472399': 0.0, 'cluster_1757124350_1757124352': -0.004464286, 'cluster_1863241547_1863241548_1976170214': -0.98214287, 'cluster_306484187_cluster_1200363791_1200363826_1200363834_1200363898_1200363927_1200363938_1200363947_1200364074_1200364103_1507566554_1507566556_255882157_306484190': -0.14285715, 'gneJ143': 0.0, 'gneJ207': -0.7589286, 'gneJ208': -0.013392857, 'gneJ210': 0.0, 'gneJ255': 0.0, 'gneJ257': -0.3080357}, {'1863241632': 1, '2330725114': 0, '243351999': 0, '243641585': 5, '243749571': 18, '30503246': 0, '30624898': 5, '32564122': 0, '89127267': 0, '89173763': 6, '89173808': 0, 'cluster_1427494838_273472399': 0, 'cluster_1757124350_1757124352': 1, 'cluster_1863241547_1863241548_1976170214': 3, 'cluster_306484187_cluster_1200363791_1200363826_1200363834_1200363898_1200363927_1200363938_1200363947_1200364074_1200364103_1507566554_1507566556_255882157_306484190': 2, 'gneJ143': 0, 'gneJ207': 8, 'gneJ208': 1, 'gneJ210': 0, 'gneJ255': 0, 'gneJ257': 3}, {'1863241632': 2, '2330725114': 0, '243351999': 0, '243641585': 12, '243749571': 30, '30503246': 0, '30624898': 7, '32564122': 0, '89127267': 0, '89173763': 13, '89173808': 0, 'cluster_1427494838_273472399': 0, 'cluster_1757124350_1757124352': 1, 'cluster_1863241547_1863241548_1976170214': 10, 'cluster_306484187_cluster_1200363791_1200363826_1200363834_1200363898_1200363927_1200363938_1200363947_1200364074_1200364103_1507566554_1507566556_255882157_306484190': 4, 'gneJ143': 0, 'gneJ207': 8, 'gneJ208': 1, 'gneJ210': 0, 'gneJ255': 0, 'gneJ257': 5}, 
58220.0, {'1863241632': -0.38392857, '2330725114': -0.013392857, '243351999': 0.0, '243641585': -2.7767856, '243749571': -4.0, '30503246': -0.02232143, '30624898': -0.54464287, '32564122': -0.04017857, '89127267': 0.0, '89173763': -2.09375, '89173808': 0.0, 'cluster_1427494838_273472399': 0.0, 'cluster_1757124350_1757124352': 0.0, 'cluster_1863241547_1863241548_1976170214': -1.4285715, 'cluster_306484187_cluster_1200363791_1200363826_1200363834_1200363898_1200363927_1200363938_1200363947_1200364074_1200364103_1507566554_1507566556_255882157_306484190': 0.0, 'gneJ143': 0.0, 'gneJ207': -0.5089286, 'gneJ208': -0.07589286, 'gneJ210': -0.008928572, 'gneJ255': 0.0, 'gneJ257': -0.59375}, {'1863241632': 1, '2330725114': 1, '243351999': 0, '243641585': 5, '243749571': 17, '30503246': 1, '30624898': 10, '32564122': 3, '89127267': 0, '89173763': 6, '89173808': 0, 'cluster_1427494838_273472399': 0, 'cluster_1757124350_1757124352': 0, 'cluster_1863241547_1863241548_1976170214': 3, 'cluster_306484187_cluster_1200363791_1200363826_1200363834_1200363898_1200363927_1200363938_1200363947_1200364074_1200364103_1507566554_1507566556_255882157_306484190': 0, 'gneJ143': 0, 'gneJ207': 4, 'gneJ208': 2, 'gneJ210': 1, 'gneJ255': 0, 'gneJ257': 3}, {'1863241632': 2, '2330725114': 1, '243351999': 0, '243641585': 11, '243749571': 26, '30503246': 2, '30624898': 13, '32564122': 3, '89127267': 0, '89173763': 10, '89173808': 0, 'cluster_1427494838_273472399': 0, 'cluster_1757124350_1757124352': 0, 'cluster_1863241547_1863241548_1976170214': 10, 'cluster_306484187_cluster_1200363791_1200363826_1200363834_1200363898_1200363927_1200363938_1200363947_1200364074_1200364103_1507566554_1507566556_255882157_306484190': 0, 'gneJ143': 0, 'gneJ207': 4, 'gneJ208': 2, 'gneJ210': 1, 'gneJ255': 0, 'gneJ257': 9}, 
58230.0, {'1863241632': -0.13392857, '2330725114': 0.0, '243351999': 0.0, '243641585': -3.174107, '243749571': -4.0, '30503246': -0.06696428, '30624898': -0.88839287, '32564122': -0.20535715, '89127267': 0.0, '89173763': -1.7053572, '89173808': -0.013392857, 'cluster_1427494838_273472399': 0.0, 'cluster_1757124350_1757124352': 0.0, 'cluster_1863241547_1863241548_1976170214': -1.875, 'cluster_306484187_cluster_1200363791_1200363826_1200363834_1200363898_1200363927_1200363938_1200363947_1200364074_1200364103_1507566554_1507566556_255882157_306484190': 0.0, 'gneJ143': 0.0, 'gneJ207': -0.14732143, 'gneJ208': 0.0, 'gneJ210': 0.0, 'gneJ255': 0.0, 'gneJ257': -0.2544643}, {'1863241632': 1, '2330725114': 0, '243351999': 0, '243641585': 5, '243749571': 17, '30503246': 1, '30624898': 9, '32564122': 3, '89127267': 0, '89173763': 4, '89173808': 1, 'cluster_1427494838_273472399': 0, 'cluster_1757124350_1757124352': 0, 'cluster_1863241547_1863241548_1976170214': 3, 'cluster_306484187_cluster_1200363791_1200363826_1200363834_1200363898_1200363927_1200363938_1200363947_1200364074_1200364103_1507566554_1507566556_255882157_306484190': 0, 'gneJ143': 0, 'gneJ207': 1, 'gneJ208': 0, 'gneJ210': 0, 'gneJ255': 0, 'gneJ257': 6}, {'1863241632': 1, '2330725114': 0, '243351999': 0, '243641585': 12, '243749571': 26, '30503246': 2, '30624898': 11, '32564122': 5, '89127267': 0, '89173763': 9, '89173808': 1, 'cluster_1427494838_273472399': 0, 'cluster_1757124350_1757124352': 0, 'cluster_1863241547_1863241548_1976170214': 10, 'cluster_306484187_cluster_1200363791_1200363826_1200363834_1200363898_1200363927_1200363938_1200363947_1200364074_1200364103_1507566554_1507566556_255882157_306484190': 0, 'gneJ143': 0, 'gneJ207': 2, 'gneJ208': 0, 'gneJ210': 0, 'gneJ255': 0, 'gneJ257': 6}, 
58240.0, {'1863241632': -0.17857143, '2330725114': 0.0, '243351999': 0.0, '243641585': -3.8839285, '243749571': -4.0, '30503246': -0.004464286, '30624898': -0.83035713, '32564122': -0.19642857, '89127267': 0.0, '89173763': -2.0714285, '89173808': -0.058035713, 'cluster_1427494838_273472399': -0.008928572, 'cluster_1757124350_1757124352': 0.0, 'cluster_1863241547_1863241548_1976170214': -2.3660715, 'cluster_306484187_cluster_1200363791_1200363826_1200363834_1200363898_1200363927_1200363938_1200363947_1200364074_1200364103_1507566554_1507566556_255882157_306484190': 0.0, 'gneJ143': -0.013392857, 'gneJ207': -0.08928572, 'gneJ208': -0.026785715, 'gneJ210': 0.0, 'gneJ255': -0.004464286, 'gneJ257': -0.5535714}, {'1863241632': 1, '2330725114': 0, '243351999': 0, '243641585': 5, '243749571': 17, '30503246': 1, '30624898': 7, '32564122': 2, '89127267': 0, '89173763': 6, '89173808': 1, 'cluster_1427494838_273472399': 1, 'cluster_1757124350_1757124352': 0, 'cluster_1863241547_1863241548_1976170214': 3, 'cluster_306484187_cluster_1200363791_1200363826_1200363834_1200363898_1200363927_1200363938_1200363947_1200364074_1200364103_1507566554_1507566556_255882157_306484190': 0, 'gneJ143': 1, 'gneJ207': 1, 'gneJ208': 2, 'gneJ210': 0, 'gneJ255': 1, 'gneJ257': 6}, {'1863241632': 1, '2330725114': 0, '243351999': 0, '243641585': 19, '243749571': 26, '30503246': 1, '30624898': 7, '32564122': 2, '89127267': 0, '89173763': 12, '89173808': 1, 'cluster_1427494838_273472399': 1, 'cluster_1757124350_1757124352': 0, 'cluster_1863241547_1863241548_1976170214': 11, 'cluster_306484187_cluster_1200363791_1200363826_1200363834_1200363898_1200363927_1200363938_1200363947_1200364074_1200364103_1507566554_1507566556_255882157_306484190': 0, 'gneJ143': 1, 'gneJ207': 1, 'gneJ208': 2, 'gneJ210': 0, 'gneJ255': 1, 'gneJ257': 9}, 
58250.0, {'1863241632': -0.25, '2330725114': -0.008928572, '243351999': 0.0, '243641585': -4.0, '243749571': -4.0, '30503246': 0.0, '30624898': -0.2857143, '32564122': -0.29910713, '89127267': -0.013392857, '89173763': -1.7589285, '89173808': -0.04464286, 'cluster_1427494838_273472399': 0.0, 'cluster_1757124350_1757124352': 0.0, 'cluster_1863241547_1863241548_1976170214': -2.9419644, 'cluster_306484187_cluster_1200363791_1200363826_1200363834_1200363898_1200363927_1200363938_1200363947_1200364074_1200364103_1507566554_1507566556_255882157_306484190': 0.0, 'gneJ143': -0.058035713, 'gneJ207': -0.13392857, 'gneJ208': -0.116071425, 'gneJ210': 0.0, 'gneJ255': -0.02232143, 'gneJ257': -0.52678573}, {'1863241632': 1, '2330725114': 1, '243351999': 0, '243641585': 6, '243749571': 17, '30503246': 0, '30624898': 2, '32564122': 3, '89127267': 1, '89173763': 7, '89173808': 1, 'cluster_1427494838_273472399': 0, 'cluster_1757124350_1757124352': 0, 'cluster_1863241547_1863241548_1976170214': 3, 'cluster_306484187_cluster_1200363791_1200363826_1200363834_1200363898_1200363927_1200363938_1200363947_1200364074_1200364103_1507566554_1507566556_255882157_306484190': 0, 'gneJ143': 1, 'gneJ207': 1, 'gneJ208': 2, 'gneJ210': 0, 'gneJ255': 1, 'gneJ257': 3}, {'1863241632': 2, '2330725114': 1, '243351999': 0, '243641585': 20, '243749571': 26, '30503246': 0, '30624898': 2, '32564122': 4, '89127267': 1, '89173763': 11, '89173808': 2, 'cluster_1427494838_273472399': 0, 'cluster_1757124350_1757124352': 0, 'cluster_1863241547_1863241548_1976170214': 15, 'cluster_306484187_cluster_1200363791_1200363826_1200363834_1200363898_1200363927_1200363938_1200363947_1200364074_1200364103_1507566554_1507566556_255882157_306484190': 0, 'gneJ143': 1, 'gneJ207': 1, 'gneJ208': 2, 'gneJ210': 0, 'gneJ255': 1, 'gneJ257': 7}, 
58260.0, {'1863241632': -0.26785713, '2330725114': 0.0, '243351999': 0.0, '243641585': -4.0, '243749571': -4.0, '30503246': 0.0, '30624898': -0.18303572, '32564122': -0.24107143, '89127267': -0.058035713, '89173763': -1.1830357, '89173808': -0.026785715, 'cluster_1427494838_273472399': 0.0, 'cluster_1757124350_1757124352': 0.0, 'cluster_1863241547_1863241548_1976170214': -3.5044644, 'cluster_306484187_cluster_1200363791_1200363826_1200363834_1200363898_1200363927_1200363938_1200363947_1200364074_1200364103_1507566554_1507566556_255882157_306484190': 0.0, 'gneJ143': 0.0, 'gneJ207': -0.058035713, 'gneJ208': -0.20535715, 'gneJ210': 0.0, 'gneJ255': 0.0, 'gneJ257': -0.73660713}, {'1863241632': 1, '2330725114': 0, '243351999': 0, '243641585': 5, '243749571': 17, '30503246': 0, '30624898': 1, '32564122': 2, '89127267': 1, '89173763': 5, '89173808': 1, 'cluster_1427494838_273472399': 0, 'cluster_1757124350_1757124352': 0, 'cluster_1863241547_1863241548_1976170214': 3, 'cluster_306484187_cluster_1200363791_1200363826_1200363834_1200363898_1200363927_1200363938_1200363947_1200364074_1200364103_1507566554_1507566556_255882157_306484190': 0, 'gneJ143': 0, 'gneJ207': 2, 'gneJ208': 2, 'gneJ210': 0, 'gneJ255': 0, 'gneJ257': 4}, {'1863241632': 1, '2330725114': 0, '243351999': 0, '243641585': 18, '243749571': 26, '30503246': 0, '30624898': 1, '32564122': 3, '89127267': 1, '89173763': 9, '89173808': 1, 'cluster_1427494838_273472399': 0, 'cluster_1757124350_1757124352': 0, 'cluster_1863241547_1863241548_1976170214': 14, 'cluster_306484187_cluster_1200363791_1200363826_1200363834_1200363898_1200363927_1200363938_1200363947_1200364074_1200364103_1507566554_1507566556_255882157_306484190': 0, 'gneJ143': 0, 'gneJ207': 2, 'gneJ208': 2, 'gneJ210': 0, 'gneJ255': 0, 'gneJ257': 9}, 
58270.0, {'1863241632': -0.3482143, '2330725114': 0.0, '243351999': -0.102678575, '243641585': -4.0, '243749571': -4.0, '30503246': -0.017857144, '30624898': 0.0, '32564122': -0.41517857, '89127267': -0.14732143, '89173763': -1.5982143, '89173808': -0.02232143, 'cluster_1427494838_273472399': 0.0, 'cluster_1757124350_1757124352': 0.0, 'cluster_1863241547_1863241548_1976170214': -4.0, 'cluster_306484187_cluster_1200363791_1200363826_1200363834_1200363898_1200363927_1200363938_1200363947_1200364074_1200364103_1507566554_1507566556_255882157_306484190': 0.0, 'gneJ143': 0.0, 'gneJ207': -0.026785715, 'gneJ208': 0.0, 'gneJ210': -0.013392857, 'gneJ255': 0.0, 'gneJ257': -1.03125}, {'1863241632': 1, '2330725114': 0, '243351999': 4, '243641585': 5, '243749571': 17, '30503246': 1, '30624898': 0, '32564122': 7, '89127267': 2, '89173763': 5, '89173808': 1, 'cluster_1427494838_273472399': 0, 'cluster_1757124350_1757124352': 0, 'cluster_1863241547_1863241548_1976170214': 3, 'cluster_306484187_cluster_1200363791_1200363826_1200363834_1200363898_1200363927_1200363938_1200363947_1200364074_1200364103_1507566554_1507566556_255882157_306484190': 0, 'gneJ143': 0, 'gneJ207': 2, 'gneJ208': 0, 'gneJ210': 1, 'gneJ255': 0, 'gneJ257': 6}, {'1863241632': 2, '2330725114': 0, '243351999': 4, '243641585': 13, '243749571': 23, '30503246': 1, '30624898': 0, '32564122': 8, '89127267': 2, '89173763': 10, '89173808': 1, 'cluster_1427494838_273472399': 0, 'cluster_1757124350_1757124352': 0, 'cluster_1863241547_1863241548_1976170214': 13, 'cluster_306484187_cluster_1200363791_1200363826_1200363834_1200363898_1200363927_1200363938_1200363947_1200364074_1200364103_1507566554_1507566556_255882157_306484190': 0, 'gneJ143': 0, 'gneJ207': 2, 'gneJ208': 0, 'gneJ210': 1, 'gneJ255': 0, 'gneJ257': 12}, 
58280.0, {'1863241632': -0.4375, '2330725114': 0.0, '243351999': -0.04910714, '243641585': -1.5133928, '243749571': -4.0, '30503246': 0.0, '30624898': 0.0, '32564122': -0.29910713, '89127267': 0.0, '89173763': -1.4107143, '89173808': -0.102678575, 'cluster_1427494838_273472399': 0.0, 'cluster_1757124350_1757124352': -0.04464286, 'cluster_1863241547_1863241548_1976170214': -2.4330356, 'cluster_306484187_cluster_1200363791_1200363826_1200363834_1200363898_1200363927_1200363938_1200363947_1200364074_1200364103_1507566554_1507566556_255882157_306484190': 0.0, 'gneJ143': -0.008928572, 'gneJ207': -0.026785715, 'gneJ208': 0.0, 'gneJ210': -0.058035713, 'gneJ255': -0.004464286, 'gneJ257': -1.3125}, {'1863241632': 1, '2330725114': 0, '243351999': 1, '243641585': 2, '243749571': 17, '30503246': 0, '30624898': 0, '32564122': 5, '89127267': 0, '89173763': 4, '89173808': 1, 'cluster_1427494838_273472399': 0, 'cluster_1757124350_1757124352': 1, 'cluster_1863241547_1863241548_1976170214': 2, 'cluster_306484187_cluster_1200363791_1200363826_1200363834_1200363898_1200363927_1200363938_1200363947_1200364074_1200364103_1507566554_1507566556_255882157_306484190': 0, 'gneJ143': 1, 'gneJ207': 1, 'gneJ208': 0, 'gneJ210': 1, 'gneJ255': 1, 'gneJ257': 5}, {'1863241632': 2, '2330725114': 0, '243351999': 1, '243641585': 5, '243749571': 23, '30503246': 0, '30624898': 0, '32564122': 5, '89127267': 0, '89173763': 9, '89173808': 2, 'cluster_1427494838_273472399': 0, 'cluster_1757124350_1757124352': 2, 'cluster_1863241547_1863241548_1976170214': 9, 'cluster_306484187_cluster_1200363791_1200363826_1200363834_1200363898_1200363927_1200363938_1200363947_1200364074_1200364103_1507566554_1507566556_255882157_306484190': 0, 'gneJ143': 2, 'gneJ207': 2, 'gneJ208': 0, 'gneJ210': 1, 'gneJ255': 1, 'gneJ257': 11}, 
58290.0, {'1863241632': -0.52678573, '2330725114': 0.0, '243351999': 0.0, '243641585': -0.58928573, '243749571': -4.0, '30503246': 0.0, '30624898': -0.08035714, '32564122': -0.29464287, '89127267': -0.013392857, '89173763': -0.8348214, '89173808': -0.19196428, 'cluster_1427494838_273472399': -0.116071425, 'cluster_1757124350_1757124352': -0.008928572, 'cluster_1863241547_1863241548_1976170214': -1.2991072, 'cluster_306484187_cluster_1200363791_1200363826_1200363834_1200363898_1200363927_1200363938_1200363947_1200364074_1200364103_1507566554_1507566556_255882157_306484190': 0.0, 'gneJ143': 0.0, 'gneJ207': -0.004464286, 'gneJ208': 0.0, 'gneJ210': 0.0, 'gneJ255': 0.0, 'gneJ257': -1.3526785}, {'1863241632': 1, '2330725114': 0, '243351999': 0, '243641585': 5, '243749571': 17, '30503246': 0, '30624898': 2, '32564122': 3, '89127267': 1, '89173763': 6, '89173808': 1, 'cluster_1427494838_273472399': 1, 'cluster_1757124350_1757124352': 1, 'cluster_1863241547_1863241548_1976170214': 2, 'cluster_306484187_cluster_1200363791_1200363826_1200363834_1200363898_1200363927_1200363938_1200363947_1200364074_1200364103_1507566554_1507566556_255882157_306484190': 0, 'gneJ143': 0, 'gneJ207': 1, 'gneJ208': 0, 'gneJ210': 0, 'gneJ255': 0, 'gneJ257': 4}, {'1863241632': 2, '2330725114': 0, '243351999': 0, '243641585': 12, '243749571': 24, '30503246': 0, '30624898': 3, '32564122': 3, '89127267': 1, '89173763': 9, '89173808': 2, 'cluster_1427494838_273472399': 3, 'cluster_1757124350_1757124352': 1, 'cluster_1863241547_1863241548_1976170214': 8, 'cluster_306484187_cluster_1200363791_1200363826_1200363834_1200363898_1200363927_1200363938_1200363947_1200364074_1200364103_1507566554_1507566556_255882157_306484190': 0, 'gneJ143': 0, 'gneJ207': 1, 'gneJ208': 0, 'gneJ210': 0, 'gneJ255': 0, 'gneJ257': 11}, 
58300.0, {'1863241632': -0.004464286, '2330725114': 0.0, '243351999': 0.0, '243641585': -0.67410713, '243749571': -4.0, '30503246': 0.0, '30624898': -0.23660715, '32564122': 0.0, '89127267': -0.058035713, '89173763': -0.6785714, '89173808': -0.3482143, 'cluster_1427494838_273472399': 0.0, 'cluster_1757124350_1757124352': -0.004464286, 'cluster_1863241547_1863241548_1976170214': -1.6741072, 'cluster_306484187_cluster_1200363791_1200363826_1200363834_1200363898_1200363927_1200363938_1200363947_1200364074_1200364103_1507566554_1507566556_255882157_306484190': -0.035714287, 'gneJ143': 0.0, 'gneJ207': -0.03125, 'gneJ208': 0.0, 'gneJ210': 0.0, 'gneJ255': -0.008928572, 'gneJ257': -1.75}, {'1863241632': 1, '2330725114': 0, '243351999': 0, '243641585': 4, '243749571': 17, '30503246': 0, '30624898': 2, '32564122': 0, '89127267': 1, '89173763': 3, '89173808': 2, 'cluster_1427494838_273472399': 0, 'cluster_1757124350_1757124352': 1, 'cluster_1863241547_1863241548_1976170214': 3, 'cluster_306484187_cluster_1200363791_1200363826_1200363834_1200363898_1200363927_1200363938_1200363947_1200364074_1200364103_1507566554_1507566556_255882157_306484190': 2, 'gneJ143': 0, 'gneJ207': 2, 'gneJ208': 0, 'gneJ210': 0, 'gneJ255': 1, 'gneJ257': 5}, {'1863241632': 1, '2330725114': 0, '243351999': 0, '243641585': 13, '243749571': 24, '30503246': 0, '30624898': 5, '32564122': 0, '89127267': 1, '89173763': 6, '89173808': 4, 'cluster_1427494838_273472399': 0, 'cluster_1757124350_1757124352': 1, 'cluster_1863241547_1863241548_1976170214': 9, 'cluster_306484187_cluster_1200363791_1200363826_1200363834_1200363898_1200363927_1200363938_1200363947_1200364074_1200364103_1507566554_1507566556_255882157_306484190': 2, 'gneJ143': 0, 'gneJ207': 2, 'gneJ208': 0, 'gneJ210': 0, 'gneJ255': 1, 'gneJ257': 12}, 
58310.0, {'1863241632': -0.026785715, '2330725114': 0.0, '243351999': 0.0, '243641585': -0.56696427, '243749571': -4.0, '30503246': 0.0, '30624898': -0.11160714, '32564122': 0.0, '89127267': -0.13392857, '89173763': -0.7901786, '89173808': 0.0, 'cluster_1427494838_273472399': -0.013392857, 'cluster_1757124350_1757124352': 0.0, 'cluster_1863241547_1863241548_1976170214': -2.1160715, 'cluster_306484187_cluster_1200363791_1200363826_1200363834_1200363898_1200363927_1200363938_1200363947_1200364074_1200364103_1507566554_1507566556_255882157_306484190': 0.0, 'gneJ143': -0.017857144, 'gneJ207': -0.05357143, 'gneJ208': 0.0, 'gneJ210': 0.0, 'gneJ255': -0.05357143, 'gneJ257': -1.7053572}, {'1863241632': 1, '2330725114': 0, '243351999': 0, '243641585': 3, '243749571': 17, '30503246': 0, '30624898': 2, '32564122': 0, '89127267': 2, '89173763': 3, '89173808': 0, 'cluster_1427494838_273472399': 1, 'cluster_1757124350_1757124352': 0, 'cluster_1863241547_1863241548_1976170214': 3, 'cluster_306484187_cluster_1200363791_1200363826_1200363834_1200363898_1200363927_1200363938_1200363947_1200364074_1200364103_1507566554_1507566556_255882157_306484190': 0, 'gneJ143': 1, 'gneJ207': 1, 'gneJ208': 0, 'gneJ210': 0, 'gneJ255': 1, 'gneJ257': 5}, {'1863241632': 1, '2330725114': 0, '243351999': 0, '243641585': 7, '243749571': 25, '30503246': 0, '30624898': 2, '32564122': 0, '89127267': 2, '89173763': 6, '89173808': 0, 'cluster_1427494838_273472399': 1, 'cluster_1757124350_1757124352': 0, 'cluster_1863241547_1863241548_1976170214': 10, 'cluster_306484187_cluster_1200363791_1200363826_1200363834_1200363898_1200363927_1200363938_1200363947_1200364074_1200364103_1507566554_1507566556_255882157_306484190': 0, 'gneJ143': 1, 'gneJ207': 1, 'gneJ208': 0, 'gneJ210': 0, 'gneJ255': 1, 'gneJ257': 10}, 
58320.0, {'1863241632': -0.071428575, '2330725114': 0.0, '243351999': 0.0, '243641585': -0.69196427, '243749571': -4.0, '30503246': 0.0, '30624898': -0.13392857, '32564122': -0.04017857, '89127267': -0.026785715, '89173763': -1.0625, '89173808': -0.04910714, 'cluster_1427494838_273472399': -0.13392857, 'cluster_1757124350_1757124352': -0.02232143, 'cluster_1863241547_1863241548_1976170214': -2.5625, 'cluster_306484187_cluster_1200363791_1200363826_1200363834_1200363898_1200363927_1200363938_1200363947_1200364074_1200364103_1507566554_1507566556_255882157_306484190': 0.0, 'gneJ143': -0.0625, 'gneJ207': -0.13392857, 'gneJ208': 0.0, 'gneJ210': 0.0, 'gneJ255': -0.013392857, 'gneJ257': -1.5401785}, {'1863241632': 1, '2330725114': 0, '243351999': 0, '243641585': 3, '243749571': 17, '30503246': 0, '30624898': 2, '32564122': 1, '89127267': 2, '89173763': 3, '89173808': 2, 'cluster_1427494838_273472399': 1, 'cluster_1757124350_1757124352': 1, 'cluster_1863241547_1863241548_1976170214': 3, 'cluster_306484187_cluster_1200363791_1200363826_1200363834_1200363898_1200363927_1200363938_1200363947_1200364074_1200364103_1507566554_1507566556_255882157_306484190': 0, 'gneJ143': 1, 'gneJ207': 2, 'gneJ208': 0, 'gneJ210': 0, 'gneJ255': 1, 'gneJ257': 5}, {'1863241632': 1, '2330725114': 0, '243351999': 0, '243641585': 6, '243749571': 26, '30503246': 0, '30624898': 2, '32564122': 2, '89127267': 3, '89173763': 7, '89173808': 2, 'cluster_1427494838_273472399': 3, 'cluster_1757124350_1757124352': 1, 'cluster_1863241547_1863241548_1976170214': 10, 'cluster_306484187_cluster_1200363791_1200363826_1200363834_1200363898_1200363927_1200363938_1200363947_1200364074_1200364103_1507566554_1507566556_255882157_306484190': 0, 'gneJ143': 1, 'gneJ207': 4, 'gneJ208': 0, 'gneJ210': 0, 'gneJ255': 1, 'gneJ257': 8}, 
58330.0, {'1863241632': 0.0, '2330725114': -0.02232143, '243351999': 0.0, '243641585': -0.004464286, '243749571': -4.0, '30503246': 0.0, '30624898': -0.125, '32564122': -0.13839285, '89127267': -0.16071428, '89173763': -1.4419643, '89173808': -0.20535715, 'cluster_1427494838_273472399': 0.0, 'cluster_1757124350_1757124352': 0.0, 'cluster_1863241547_1863241548_1976170214': -3.0580356, 'cluster_306484187_cluster_1200363791_1200363826_1200363834_1200363898_1200363927_1200363938_1200363947_1200364074_1200364103_1507566554_1507566556_255882157_306484190': 0.0, 'gneJ143': -0.14285715, 'gneJ207': 0.0, 'gneJ208': -0.035714287, 'gneJ210': 0.0, 'gneJ255': -0.04017857, 'gneJ257': -1.3258928}, {'1863241632': 0, '2330725114': 1, '243351999': 0, '243641585': 1, '243749571': 17, '30503246': 0, '30624898': 1, '32564122': 2, '89127267': 2, '89173763': 5, '89173808': 3, 'cluster_1427494838_273472399': 0, 'cluster_1757124350_1757124352': 0, 'cluster_1863241547_1863241548_1976170214': 5, 'cluster_306484187_cluster_1200363791_1200363826_1200363834_1200363898_1200363927_1200363938_1200363947_1200364074_1200364103_1507566554_1507566556_255882157_306484190': 0, 'gneJ143': 2, 'gneJ207': 0, 'gneJ208': 1, 'gneJ210': 0, 'gneJ255': 1, 'gneJ257': 3}, {'1863241632': 0, '2330725114': 1, '243351999': 0, '243641585': 1, '243749571': 26, '30503246': 0, '30624898': 2, '32564122': 4, '89127267': 3, '89173763': 9, '89173808': 4, 'cluster_1427494838_273472399': 0, 'cluster_1757124350_1757124352': 0, 'cluster_1863241547_1863241548_1976170214': 13, 'cluster_306484187_cluster_1200363791_1200363826_1200363834_1200363898_1200363927_1200363938_1200363947_1200364074_1200364103_1507566554_1507566556_255882157_306484190': 0, 'gneJ143': 2, 'gneJ207': 0, 'gneJ208': 1, 'gneJ210': 0, 'gneJ255': 2, 'gneJ257': 8}, 
58340.0, {'1863241632': 0.0, '2330725114': -0.06696428, '243351999': 0.0, '243641585': -0.04464286, '243749571': -4.0, '30503246': 0.0, '30624898': -0.13839285, '32564122': 0.0, '89127267': -0.42857143, '89173763': -0.92410713, '89173808': 0.0, 'cluster_1427494838_273472399': -0.017857144, 'cluster_1757124350_1757124352': 0.0, 'cluster_1863241547_1863241548_1976170214': -0.82589287, 'cluster_306484187_cluster_1200363791_1200363826_1200363834_1200363898_1200363927_1200363938_1200363947_1200364074_1200364103_1507566554_1507566556_255882157_306484190': -0.06696428, 'gneJ143': -0.017857144, 'gneJ207': -0.026785715, 'gneJ208': 0.0, 'gneJ210': 0.0, 'gneJ255': -0.12946428, 'gneJ257': -1.4732143}, {'1863241632': 0, '2330725114': 1, '243351999': 0, '243641585': 2, '243749571': 17, '30503246': 0, '30624898': 1, '32564122': 0, '89127267': 2, '89173763': 6, '89173808': 0, 'cluster_1427494838_273472399': 1, 'cluster_1757124350_1757124352': 0, 'cluster_1863241547_1863241548_1976170214': 4, 'cluster_306484187_cluster_1200363791_1200363826_1200363834_1200363898_1200363927_1200363938_1200363947_1200364074_1200364103_1507566554_1507566556_255882157_306484190': 3, 'gneJ143': 1, 'gneJ207': 1, 'gneJ208': 0, 'gneJ210': 0, 'gneJ255': 1, 'gneJ257': 3}, {'1863241632': 0, '2330725114': 1, '243351999': 0, '243641585': 2, '243749571': 26, '30503246': 0, '30624898': 2, '32564122': 0, '89127267': 8, '89173763': 6, '89173808': 0, 'cluster_1427494838_273472399': 1, 'cluster_1757124350_1757124352': 0, 'cluster_1863241547_1863241548_1976170214': 7, 'cluster_306484187_cluster_1200363791_1200363826_1200363834_1200363898_1200363927_1200363938_1200363947_1200364074_1200364103_1507566554_1507566556_255882157_306484190': 4, 'gneJ143': 1, 'gneJ207': 1, 'gneJ208': 0, 'gneJ210': 0, 'gneJ255': 2, 'gneJ257': 7}, 
58350.0, {'1863241632': 0.0, '2330725114': 0.0, '243351999': 0.0, '243641585': -0.04464286, '243749571': -4.0, '30503246': -0.084821425, '30624898': -0.05357143, '32564122': -0.09375, '89127267': 0.0, '89173763': -1.2678572, '89173808': 0.0, 'cluster_1427494838_273472399': -0.035714287, 'cluster_1757124350_1757124352': -0.004464286, 'cluster_1863241547_1863241548_1976170214': -0.44642857, 'cluster_306484187_cluster_1200363791_1200363826_1200363834_1200363898_1200363927_1200363938_1200363947_1200364074_1200364103_1507566554_1507566556_255882157_306484190': 0.0, 'gneJ143': -0.10714286, 'gneJ207': -0.008928572, 'gneJ208': 0.0, 'gneJ210': -0.03125, 'gneJ255': -0.22321428, 'gneJ257': -0.59821427}, {'1863241632': 0, '2330725114': 0, '243351999': 0, '243641585': 1, '243749571': 17, '30503246': 1, '30624898': 1, '32564122': 1, '89127267': 0, '89173763': 6, '89173808': 0, 'cluster_1427494838_273472399': 1, 'cluster_1757124350_1757124352': 1, 'cluster_1863241547_1863241548_1976170214': 3, 'cluster_306484187_cluster_1200363791_1200363826_1200363834_1200363898_1200363927_1200363938_1200363947_1200364074_1200364103_1507566554_1507566556_255882157_306484190': 0, 'gneJ143': 1, 'gneJ207': 1, 'gneJ208': 0, 'gneJ210': 1, 'gneJ255': 1, 'gneJ257': 5}, {'1863241632': 0, '2330725114': 0, '243351999': 0, '243641585': 2, '243749571': 26, '30503246': 2, '30624898': 1, '32564122': 3, '89127267': 0, '89173763': 9, '89173808': 0, 'cluster_1427494838_273472399': 1, 'cluster_1757124350_1757124352': 1, 'cluster_1863241547_1863241548_1976170214': 6, 'cluster_306484187_cluster_1200363791_1200363826_1200363834_1200363898_1200363927_1200363938_1200363947_1200364074_1200364103_1507566554_1507566556_255882157_306484190': 0, 'gneJ143': 2, 'gneJ207': 1, 'gneJ208': 0, 'gneJ210': 1, 'gneJ255': 3, 'gneJ257': 5}, 
58360.0, {'1863241632': 0.0, '2330725114': -0.02232143, '243351999': 0.0, '243641585': -0.03125, '243749571': -4.0, '30503246': -0.21875, '30624898': 0.0, '32564122': -0.017857144, '89127267': 0.0, '89173763': -1.8125, '89173808': -0.02232143, 'cluster_1427494838_273472399': -0.08035714, 'cluster_1757124350_1757124352': -0.04910714, 'cluster_1863241547_1863241548_1976170214': -0.8839286, 'cluster_306484187_cluster_1200363791_1200363826_1200363834_1200363898_1200363927_1200363938_1200363947_1200364074_1200364103_1507566554_1507566556_255882157_306484190': 0.0, 'gneJ143': -0.20089285, 'gneJ207': -0.09821428, 'gneJ208': -0.02232143, 'gneJ210': -0.02232143, 'gneJ255': 0.0, 'gneJ257': -0.39732143}, {'1863241632': 0, '2330725114': 1, '243351999': 0, '243641585': 1, '243749571': 17, '30503246': 2, '30624898': 0, '32564122': 1, '89127267': 0, '89173763': 6, '89173808': 1, 'cluster_1427494838_273472399': 1, 'cluster_1757124350_1757124352': 1, 'cluster_1863241547_1863241548_1976170214': 5, 'cluster_306484187_cluster_1200363791_1200363826_1200363834_1200363898_1200363927_1200363938_1200363947_1200364074_1200364103_1507566554_1507566556_255882157_306484190': 0, 'gneJ143': 1, 'gneJ207': 2, 'gneJ208': 1, 'gneJ210': 1, 'gneJ255': 0, 'gneJ257': 4}, {'1863241632': 0, '2330725114': 1, '243351999': 0, '243641585': 1, '243749571': 26, '30503246': 3, '30624898': 0, '32564122': 1, '89127267': 0, '89173763': 16, '89173808': 1, 'cluster_1427494838_273472399': 1, 'cluster_1757124350_1757124352': 1, 'cluster_1863241547_1863241548_1976170214': 11, 'cluster_306484187_cluster_1200363791_1200363826_1200363834_1200363898_1200363927_1200363938_1200363947_1200364074_1200364103_1507566554_1507566556_255882157_306484190': 0, 'gneJ143': 3, 'gneJ207': 3, 'gneJ208': 1, 'gneJ210': 1, 'gneJ255': 0, 'gneJ257': 10}, 
58370.0, {'1863241632': 0.0, '2330725114': -0.06696428, '243351999': 0.0, '243641585': -0.13392857, '243749571': -4.0, '30503246': -0.35267857, '30624898': 0.0, '32564122': 0.0, '89127267': 0.0, '89173763': -1.6383928, '89173808': 0.0, 'cluster_1427494838_273472399': -0.125, 'cluster_1757124350_1757124352': -0.09375, 'cluster_1863241547_1863241548_1976170214': -0.47767857, 'cluster_306484187_cluster_1200363791_1200363826_1200363834_1200363898_1200363927_1200363938_1200363947_1200364074_1200364103_1507566554_1507566556_255882157_306484190': 0.0, 'gneJ143': -0.3125, 'gneJ207': -0.14732143, 'gneJ208': -0.06696428, 'gneJ210': 0.0, 'gneJ255': -0.02232143, 'gneJ257': -0.70089287}, {'1863241632': 0, '2330725114': 1, '243351999': 0, '243641585': 3, '243749571': 17, '30503246': 2, '30624898': 0, '32564122': 0, '89127267': 0, '89173763': 7, '89173808': 0, 'cluster_1427494838_273472399': 1, 'cluster_1757124350_1757124352': 1, 'cluster_1863241547_1863241548_1976170214': 3, 'cluster_306484187_cluster_1200363791_1200363826_1200363834_1200363898_1200363927_1200363938_1200363947_1200364074_1200364103_1507566554_1507566556_255882157_306484190': 0, 'gneJ143': 1, 'gneJ207': 3, 'gneJ208': 1, 'gneJ210': 0, 'gneJ255': 1, 'gneJ257': 3}, {'1863241632': 0, '2330725114': 1, '243351999': 0, '243641585': 5, '243749571': 27, '30503246': 3, '30624898': 0, '32564122': 0, '89127267': 0, '89173763': 17, '89173808': 0, 'cluster_1427494838_273472399': 1, 'cluster_1757124350_1757124352': 1, 'cluster_1863241547_1863241548_1976170214': 5, 'cluster_306484187_cluster_1200363791_1200363826_1200363834_1200363898_1200363927_1200363938_1200363947_1200364074_1200364103_1507566554_1507566556_255882157_306484190': 0, 'gneJ143': 4, 'gneJ207': 3, 'gneJ208': 1, 'gneJ210': 0, 'gneJ255': 1, 'gneJ257': 8}, 
58380.0, {'1863241632': 0.0, '2330725114': -0.11160714, '243351999': -0.004464286, '243641585': -0.5, '243749571': -4.0, '30503246': -0.15178572, '30624898': 0.0, '32564122': -0.02232143, '89127267': 0.0, '89173763': -2.5044644, '89173808': 0.0, 'cluster_1427494838_273472399': 0.0, 'cluster_1757124350_1757124352': -0.13839285, 'cluster_1863241547_1863241548_1976170214': -0.38839287, 'cluster_306484187_cluster_1200363791_1200363826_1200363834_1200363898_1200363927_1200363938_1200363947_1200364074_1200364103_1507566554_1507566556_255882157_306484190': 0.0, 'gneJ143': 0.0, 'gneJ207': 0.0, 'gneJ208': -0.11160714, 'gneJ210': 0.0, 'gneJ255': -0.11160714, 'gneJ257': -0.53571427}, {'1863241632': 0, '2330725114': 1, '243351999': 1, '243641585': 4, '243749571': 17, '30503246': 1, '30624898': 0, '32564122': 2, '89127267': 0, '89173763': 8, '89173808': 0, 'cluster_1427494838_273472399': 0, 'cluster_1757124350_1757124352': 1, 'cluster_1863241547_1863241548_1976170214': 2, 'cluster_306484187_cluster_1200363791_1200363826_1200363834_1200363898_1200363927_1200363938_1200363947_1200364074_1200364103_1507566554_1507566556_255882157_306484190': 0, 'gneJ143': 0, 'gneJ207': 0, 'gneJ208': 1, 'gneJ210': 0, 'gneJ255': 2, 'gneJ257': 3}, {'1863241632': 0, '2330725114': 1, '243351999': 1, '243641585': 9, '243749571': 27, '30503246': 2, '30624898': 0, '32564122': 2, '89127267': 0, '89173763': 24, '89173808': 0, 'cluster_1427494838_273472399': 0, 'cluster_1757124350_1757124352': 1, 'cluster_1863241547_1863241548_1976170214': 5, 'cluster_306484187_cluster_1200363791_1200363826_1200363834_1200363898_1200363927_1200363938_1200363947_1200364074_1200364103_1507566554_1507566556_255882157_306484190': 0, 'gneJ143': 0, 'gneJ207': 0, 'gneJ208': 1, 'gneJ210': 0, 'gneJ255': 3, 'gneJ257': 5}, 
58390.0, {'1863241632': -0.05357143, '2330725114': 0.0, '243351999': -0.04910714, '243641585': -0.70089287, '243749571': -4.0, '30503246': 0.0, '30624898': 0.0, '32564122': -0.026785715, '89127267': 0.0, '89173763': -2.375, '89173808': -0.03125, 'cluster_1427494838_273472399': -0.013392857, 'cluster_1757124350_1757124352': -0.20089285, 'cluster_1863241547_1863241548_1976170214': 0.0, 'cluster_306484187_cluster_1200363791_1200363826_1200363834_1200363898_1200363927_1200363938_1200363947_1200364074_1200364103_1507566554_1507566556_255882157_306484190': -0.11160714, 'gneJ143': 0.0, 'gneJ207': -0.06696428, 'gneJ208': 0.0, 'gneJ210': 0.0, 'gneJ255': -0.013392857, 'gneJ257': -0.51339287}, {'1863241632': 1, '2330725114': 0, '243351999': 1, '243641585': 6, '243749571': 17, '30503246': 0, '30624898': 0, '32564122': 1, '89127267': 0, '89173763': 6, '89173808': 1, 'cluster_1427494838_273472399': 1, 'cluster_1757124350_1757124352': 2, 'cluster_1863241547_1863241548_1976170214': 0, 'cluster_306484187_cluster_1200363791_1200363826_1200363834_1200363898_1200363927_1200363938_1200363947_1200364074_1200364103_1507566554_1507566556_255882157_306484190': 2, 'gneJ143': 0, 'gneJ207': 2, 'gneJ208': 0, 'gneJ210': 0, 'gneJ255': 1, 'gneJ257': 4}, {'1863241632': 2, '2330725114': 0, '243351999': 1, '243641585': 10, '243749571': 27, '30503246': 0, '30624898': 0, '32564122': 1, '89127267': 0, '89173763': 17, '89173808': 2, 'cluster_1427494838_273472399': 1, 'cluster_1757124350_1757124352': 3, 'cluster_1863241547_1863241548_1976170214': 0, 'cluster_306484187_cluster_1200363791_1200363826_1200363834_1200363898_1200363927_1200363938_1200363947_1200364074_1200364103_1507566554_1507566556_255882157_306484190': 6, 'gneJ143': 0, 'gneJ207': 3, 'gneJ208': 0, 'gneJ210': 0, 'gneJ255': 1, 'gneJ257': 8}, 
58400.0, {'1863241632': -0.14285715, '2330725114': -0.013392857, '243351999': 0.0, '243641585': -1.2366072, '243749571': -4.0, '30503246': 0.0, '30624898': -0.071428575, '32564122': -0.071428575, '89127267': 0.0, '89173763': -2.9107144, '89173808': -0.12053572, 'cluster_1427494838_273472399': -0.058035713, 'cluster_1757124350_1757124352': 0.0, 'cluster_1863241547_1863241548_1976170214': -0.102678575, 'cluster_306484187_cluster_1200363791_1200363826_1200363834_1200363898_1200363927_1200363938_1200363947_1200364074_1200364103_1507566554_1507566556_255882157_306484190': 0.0, 'gneJ143': -0.05357143, 'gneJ207': -0.14285715, 'gneJ208': 0.0, 'gneJ210': 0.0, 'gneJ255': -0.071428575, 'gneJ257': -0.35714287}, {'1863241632': 1, '2330725114': 1, '243351999': 0, '243641585': 7, '243749571': 17, '30503246': 0, '30624898': 2, '32564122': 1, '89127267': 0, '89173763': 6, '89173808': 1, 'cluster_1427494838_273472399': 1, 'cluster_1757124350_1757124352': 0, 'cluster_1863241547_1863241548_1976170214': 3, 'cluster_306484187_cluster_1200363791_1200363826_1200363834_1200363898_1200363927_1200363938_1200363947_1200364074_1200364103_1507566554_1507566556_255882157_306484190': 0, 'gneJ143': 1, 'gneJ207': 2, 'gneJ208': 0, 'gneJ210': 0, 'gneJ255': 2, 'gneJ257': 6}, {'1863241632': 2, '2330725114': 1, '243351999': 0, '243641585': 13, '243749571': 25, '30503246': 0, '30624898': 2, '32564122': 1, '89127267': 0, '89173763': 16, '89173808': 2, 'cluster_1427494838_273472399': 1, 'cluster_1757124350_1757124352': 0, 'cluster_1863241547_1863241548_1976170214': 7, 'cluster_306484187_cluster_1200363791_1200363826_1200363834_1200363898_1200363927_1200363938_1200363947_1200364074_1200364103_1507566554_1507566556_255882157_306484190': 0, 'gneJ143': 2, 'gneJ207': 2, 'gneJ208': 0, 'gneJ210': 0, 'gneJ255': 2, 'gneJ257': 8}, 
58410.0, {'1863241632': -0.12946428, '2330725114': 0.0, '243351999': 0.0, '243641585': -1.8169643, '243749571': -4.0, '30503246': 0.0, '30624898': -0.19196428, '32564122': -0.13839285, '89127267': -0.004464286, '89173763': -2.6875, '89173808': -0.20982143, 'cluster_1427494838_273472399': -0.102678575, 'cluster_1757124350_1757124352': 0.0, 'cluster_1863241547_1863241548_1976170214': -0.54910713, 'cluster_306484187_cluster_1200363791_1200363826_1200363834_1200363898_1200363927_1200363938_1200363947_1200364074_1200364103_1507566554_1507566556_255882157_306484190': 0.0, 'gneJ143': 0.0, 'gneJ207': -0.24107143, 'gneJ208': 0.0, 'gneJ210': -0.06696428, 'gneJ255': -0.013392857, 'gneJ257': -0.71428573}, {'1863241632': 1, '2330725114': 0, '243351999': 0, '243641585': 7, '243749571': 18, '30503246': 0, '30624898': 3, '32564122': 1, '89127267': 1, '89173763': 6, '89173808': 1, 'cluster_1427494838_273472399': 1, 'cluster_1757124350_1757124352': 0, 'cluster_1863241547_1863241548_1976170214': 4, 'cluster_306484187_cluster_1200363791_1200363826_1200363834_1200363898_1200363927_1200363938_1200363947_1200364074_1200364103_1507566554_1507566556_255882157_306484190': 0, 'gneJ143': 0, 'gneJ207': 2, 'gneJ208': 0, 'gneJ210': 2, 'gneJ255': 1, 'gneJ257': 6}, {'1863241632': 1, '2330725114': 0, '243351999': 0, '243641585': 13, '243749571': 26, '30503246': 0, '30624898': 3, '32564122': 2, '89127267': 1, '89173763': 11, '89173808': 2, 'cluster_1427494838_273472399': 1, 'cluster_1757124350_1757124352': 0, 'cluster_1863241547_1863241548_1976170214': 11, 'cluster_306484187_cluster_1200363791_1200363826_1200363834_1200363898_1200363927_1200363938_1200363947_1200364074_1200364103_1507566554_1507566556_255882157_306484190': 0, 'gneJ143': 0, 'gneJ207': 3, 'gneJ208': 0, 'gneJ210': 3, 'gneJ255': 1, 'gneJ257': 8}, 
58420.0, {'1863241632': -0.17410715, '2330725114': 0.0, '243351999': 0.0, '243641585': -2.450893, '243749571': -4.0, '30503246': 0.0, '30624898': -0.32589287, '32564122': 0.0, '89127267': -0.08928572, '89173763': -2.0714285, '89173808': 0.0, 'cluster_1427494838_273472399': -0.18303572, 'cluster_1757124350_1757124352': -0.013392857, 'cluster_1863241547_1863241548_1976170214': -1.0848215, 'cluster_306484187_cluster_1200363791_1200363826_1200363834_1200363898_1200363927_1200363938_1200363947_1200364074_1200364103_1507566554_1507566556_255882157_306484190': 0.0, 'gneJ143': -0.05357143, 'gneJ207': -0.44642857, 'gneJ208': 0.0, 'gneJ210': 0.0, 'gneJ255': -0.04464286, 'gneJ257': -1.0714285}, {'1863241632': 1, '2330725114': 0, '243351999': 0, '243641585': 8, '243749571': 19, '30503246': 0, '30624898': 3, '32564122': 0, '89127267': 1, '89173763': 6, '89173808': 0, 'cluster_1427494838_273472399': 1, 'cluster_1757124350_1757124352': 1, 'cluster_1863241547_1863241548_1976170214': 5, 'cluster_306484187_cluster_1200363791_1200363826_1200363834_1200363898_1200363927_1200363938_1200363947_1200364074_1200364103_1507566554_1507566556_255882157_306484190': 0, 'gneJ143': 1, 'gneJ207': 5, 'gneJ208': 0, 'gneJ210': 0, 'gneJ255': 2, 'gneJ257': 6}, {'1863241632': 1, '2330725114': 0, '243351999': 0, '243641585': 15, '243749571': 29, '30503246': 0, '30624898': 3, '32564122': 0, '89127267': 2, '89173763': 6, '89173808': 0, 'cluster_1427494838_273472399': 4, 'cluster_1757124350_1757124352': 2, 'cluster_1863241547_1863241548_1976170214': 13, 'cluster_306484187_cluster_1200363791_1200363826_1200363834_1200363898_1200363927_1200363938_1200363947_1200364074_1200364103_1507566554_1507566556_255882157_306484190': 0, 'gneJ143': 2, 'gneJ207': 7, 'gneJ208': 0, 'gneJ210': 0, 'gneJ255': 2, 'gneJ257': 8}, 
58430.0, {'1863241632': 0.0, '2330725114': 0.0, '243351999': 0.0, '243641585': -1.6026785, '243749571': -4.0, '30503246': 0.0, '30624898': -0.45982143, '32564122': 0.0, '89127267': 0.0, '89173763': -2.3392856, '89173808': -0.013392857, 'cluster_1427494838_273472399': -0.19196428, 'cluster_1757124350_1757124352': -0.102678575, 'cluster_1863241547_1863241548_1976170214': -0.6160714, 'cluster_306484187_cluster_1200363791_1200363826_1200363834_1200363898_1200363927_1200363938_1200363947_1200364074_1200364103_1507566554_1507566556_255882157_306484190': 0.0, 'gneJ143': -0.09821428, 'gneJ207': -0.15625, 'gneJ208': -0.04017857, 'gneJ210': -0.04464286, 'gneJ255': -0.017857144, 'gneJ257': -1.1026785}, {'1863241632': 0, '2330725114': 0, '243351999': 0, '243641585': 8, '243749571': 19, '30503246': 0, '30624898': 3, '32564122': 0, '89127267': 0, '89173763': 6, '89173808': 1, 'cluster_1427494838_273472399': 1, 'cluster_1757124350_1757124352': 1, 'cluster_1863241547_1863241548_1976170214': 3, 'cluster_306484187_cluster_1200363791_1200363826_1200363834_1200363898_1200363927_1200363938_1200363947_1200364074_1200364103_1507566554_1507566556_255882157_306484190': 0, 'gneJ143': 2, 'gneJ207': 2, 'gneJ208': 2, 'gneJ210': 1, 'gneJ255': 1, 'gneJ257': 6}, {'1863241632': 0, '2330725114': 0, '243351999': 0, '243641585': 15, '243749571': 30, '30503246': 0, '30624898': 3, '32564122': 0, '89127267': 0, '89173763': 6, '89173808': 1, 'cluster_1427494838_273472399': 1, 'cluster_1757124350_1757124352': 2, 'cluster_1863241547_1863241548_1976170214': 6, 'cluster_306484187_cluster_1200363791_1200363826_1200363834_1200363898_1200363927_1200363938_1200363947_1200364074_1200364103_1507566554_1507566556_255882157_306484190': 0, 'gneJ143': 4, 'gneJ207': 3, 'gneJ208': 2, 'gneJ210': 3, 'gneJ255': 1, 'gneJ257': 6}, 
58440.0, {'1863241632': 0.0, '2330725114': 0.0, '243351999': 0.0, '243641585': -2.1473215, '243749571': -4.0, '30503246': 0.0, '30624898': -0.59375, '32564122': -0.05357143, '89127267': -0.004464286, '89173763': -2.6205356, '89173808': 0.0, 'cluster_1427494838_273472399': -0.03125, 'cluster_1757124350_1757124352': 0.0, 'cluster_1863241547_1863241548_1976170214': -0.08928572, 'cluster_306484187_cluster_1200363791_1200363826_1200363834_1200363898_1200363927_1200363938_1200363947_1200364074_1200364103_1507566554_1507566556_255882157_306484190': 0.0, 'gneJ143': -0.30357143, 'gneJ207': -0.2544643, 'gneJ208': -0.13392857, 'gneJ210': 0.0, 'gneJ255': -0.04464286, 'gneJ257': -1.3705357}, {'1863241632': 0, '2330725114': 0, '243351999': 0, '243641585': 8, '243749571': 19, '30503246': 0, '30624898': 3, '32564122': 1, '89127267': 1, '89173763': 6, '89173808': 0, 'cluster_1427494838_273472399': 1, 'cluster_1757124350_1757124352': 0, 'cluster_1863241547_1863241548_1976170214': 1, 'cluster_306484187_cluster_1200363791_1200363826_1200363834_1200363898_1200363927_1200363938_1200363947_1200364074_1200364103_1507566554_1507566556_255882157_306484190': 0, 'gneJ143': 3, 'gneJ207': 3, 'gneJ208': 2, 'gneJ210': 0, 'gneJ255': 2, 'gneJ257': 6}, {'1863241632': 0, '2330725114': 0, '243351999': 0, '243641585': 13, '243749571': 31, '30503246': 0, '30624898': 3, '32564122': 2, '89127267': 1, '89173763': 7, '89173808': 0, 'cluster_1427494838_273472399': 2, 'cluster_1757124350_1757124352': 0, 'cluster_1863241547_1863241548_1976170214': 2, 'cluster_306484187_cluster_1200363791_1200363826_1200363834_1200363898_1200363927_1200363938_1200363947_1200364074_1200364103_1507566554_1507566556_255882157_306484190': 0, 'gneJ143': 7, 'gneJ207': 4, 'gneJ208': 3, 'gneJ210': 0, 'gneJ255': 2, 'gneJ257': 6}, 
58450.0, {'1863241632': -0.02232143, '2330725114': 0.0, '243351999': 0.0, '243641585': -2.857143, '243749571': -4.0, '30503246': -0.004464286, '30624898': -0.7276786, '32564122': 0.0, '89127267': -0.013392857, '89173763': -1.2410715, '89173808': 0.0, 'cluster_1427494838_273472399': 0.0, 'cluster_1757124350_1757124352': 0.0, 'cluster_1863241547_1863241548_1976170214': -0.04910714, 'cluster_306484187_cluster_1200363791_1200363826_1200363834_1200363898_1200363927_1200363938_1200363947_1200364074_1200364103_1507566554_1507566556_255882157_306484190': 0.0, 'gneJ143': -0.11160714, 'gneJ207': 0.0, 'gneJ208': -0.22321428, 'gneJ210': -0.008928572, 'gneJ255': -0.13392857, 'gneJ257': -0.8660714}, {'1863241632': 1, '2330725114': 0, '243351999': 0, '243641585': 11, '243749571': 19, '30503246': 1, '30624898': 3, '32564122': 0, '89127267': 1, '89173763': 3, '89173808': 0, 'cluster_1427494838_273472399': 0, 'cluster_1757124350_1757124352': 0, 'cluster_1863241547_1863241548_1976170214': 1, 'cluster_306484187_cluster_1200363791_1200363826_1200363834_1200363898_1200363927_1200363938_1200363947_1200364074_1200364103_1507566554_1507566556_255882157_306484190': 0, 'gneJ143': 3, 'gneJ207': 0, 'gneJ208': 2, 'gneJ210': 1, 'gneJ255': 2, 'gneJ257': 3}, {'1863241632': 1, '2330725114': 0, '243351999': 0, '243641585': 20, '243749571': 31, '30503246': 1, '30624898': 3, '32564122': 0, '89127267': 1, '89173763': 5, '89173808': 0, 'cluster_1427494838_273472399': 0, 'cluster_1757124350_1757124352': 0, 'cluster_1863241547_1863241548_1976170214': 3, 'cluster_306484187_cluster_1200363791_1200363826_1200363834_1200363898_1200363927_1200363938_1200363947_1200364074_1200364103_1507566554_1507566556_255882157_306484190': 0, 'gneJ143': 3, 'gneJ207': 0, 'gneJ208': 3, 'gneJ210': 1, 'gneJ255': 2, 'gneJ257': 5}, 
58460.0, {'1863241632': 0.0, '2330725114': 0.0, '243351999': 0.0, '243641585': -2.1785715, '243749571': -4.0, '30503246': 0.0, '30624898': -0.2544643, '32564122': 0.0, '89127267': -0.058035713, '89173763': -1.2946428, '89173808': -0.04464286, 'cluster_1427494838_273472399': 0.0, 'cluster_1757124350_1757124352': 0.0, 'cluster_1863241547_1863241548_1976170214': -0.18303572, 'cluster_306484187_cluster_1200363791_1200363826_1200363834_1200363898_1200363927_1200363938_1200363947_1200364074_1200364103_1507566554_1507566556_255882157_306484190': 0.0, 'gneJ143': -0.28125, 'gneJ207': 0.0, 'gneJ208': -0.3080357, 'gneJ210': -0.09375, 'gneJ255': -0.0625, 'gneJ257': -0.91964287}, {'1863241632': 0, '2330725114': 0, '243351999': 0, '243641585': 9, '243749571': 19, '30503246': 0, '30624898': 1, '32564122': 0, '89127267': 1, '89173763': 4, '89173808': 1, 'cluster_1427494838_273472399': 0, 'cluster_1757124350_1757124352': 0, 'cluster_1863241547_1863241548_1976170214': 1, 'cluster_306484187_cluster_1200363791_1200363826_1200363834_1200363898_1200363927_1200363938_1200363947_1200364074_1200364103_1507566554_1507566556_255882157_306484190': 0, 'gneJ143': 4, 'gneJ207': 0, 'gneJ208': 2, 'gneJ210': 1, 'gneJ255': 2, 'gneJ257': 3}, {'1863241632': 0, '2330725114': 0, '243351999': 0, '243641585': 20, '243749571': 31, '30503246': 0, '30624898': 1, '32564122': 0, '89127267': 1, '89173763': 4, '89173808': 1, 'cluster_1427494838_273472399': 0, 'cluster_1757124350_1757124352': 0, 'cluster_1863241547_1863241548_1976170214': 3, 'cluster_306484187_cluster_1200363791_1200363826_1200363834_1200363898_1200363927_1200363938_1200363947_1200364074_1200364103_1507566554_1507566556_255882157_306484190': 0, 'gneJ143': 4, 'gneJ207': 0, 'gneJ208': 2, 'gneJ210': 2, 'gneJ255': 4, 'gneJ257': 3}, 
58470.0, {'1863241632': -0.04464286, '2330725114': -0.06696428, '243351999': 0.0, '243641585': -1.1651785, '243749571': -4.0, '30503246': 0.0, '30624898': 0.0, '32564122': -0.026785715, '89127267': -0.11160714, '89173763': -1.5267857, '89173808': -0.02232143, 'cluster_1427494838_273472399': 0.0, 'cluster_1757124350_1757124352': 0.0, 'cluster_1863241547_1863241548_1976170214': -0.3169643, 'cluster_306484187_cluster_1200363791_1200363826_1200363834_1200363898_1200363927_1200363938_1200363947_1200364074_1200364103_1507566554_1507566556_255882157_306484190': 0.0, 'gneJ143': -0.2544643, 'gneJ207': 0.0, 'gneJ208': 0.0, 'gneJ210': 0.0, 'gneJ255': -0.09821428, 'gneJ257': -1.1919643}, {'1863241632': 2, '2330725114': 4, '243351999': 0, '243641585': 5, '243749571': 19, '30503246': 0, '30624898': 0, '32564122': 1, '89127267': 2, '89173763': 4, '89173808': 1, 'cluster_1427494838_273472399': 0, 'cluster_1757124350_1757124352': 0, 'cluster_1863241547_1863241548_1976170214': 1, 'cluster_306484187_cluster_1200363791_1200363826_1200363834_1200363898_1200363927_1200363938_1200363947_1200364074_1200364103_1507566554_1507566556_255882157_306484190': 0, 'gneJ143': 2, 'gneJ207': 0, 'gneJ208': 0, 'gneJ210': 0, 'gneJ255': 2, 'gneJ257': 6}, {'1863241632': 2, '2330725114': 4, '243351999': 0, '243641585': 12, '243749571': 29, '30503246': 0, '30624898': 0, '32564122': 1, '89127267': 2, '89173763': 7, '89173808': 1, 'cluster_1427494838_273472399': 0, 'cluster_1757124350_1757124352': 0, 'cluster_1863241547_1863241548_1976170214': 3, 'cluster_306484187_cluster_1200363791_1200363826_1200363834_1200363898_1200363927_1200363938_1200363947_1200364074_1200364103_1507566554_1507566556_255882157_306484190': 0, 'gneJ143': 6, 'gneJ207': 0, 'gneJ208': 0, 'gneJ210': 0, 'gneJ255': 3, 'gneJ257': 7}, 
58480.0, {'1863241632': -0.13392857, '2330725114': -0.33035713, '243351999': 0.0, '243641585': -1.5223215, '243749571': -4.0, '30503246': 0.0, '30624898': 0.0, '32564122': -0.008928572, '89127267': -0.20089285, '89173763': -0.81696427, '89173808': -0.06696428, 'cluster_1427494838_273472399': 0.0, 'cluster_1757124350_1757124352': -0.03125, 'cluster_1863241547_1863241548_1976170214': -0.45089287, 'cluster_306484187_cluster_1200363791_1200363826_1200363834_1200363898_1200363927_1200363938_1200363947_1200364074_1200364103_1507566554_1507566556_255882157_306484190': 0.0, 'gneJ143': -0.3392857, 'gneJ207': -0.08035714, 'gneJ208': 0.0, 'gneJ210': -0.026785715, 'gneJ255': -0.10714286, 'gneJ257': -0.70535713}, {'1863241632': 2, '2330725114': 6, '243351999': 0, '243641585': 5, '243749571': 19, '30503246': 0, '30624898': 0, '32564122': 1, '89127267': 2, '89173763': 3, '89173808': 1, 'cluster_1427494838_273472399': 0, 'cluster_1757124350_1757124352': 1, 'cluster_1863241547_1863241548_1976170214': 1, 'cluster_306484187_cluster_1200363791_1200363826_1200363834_1200363898_1200363927_1200363938_1200363947_1200364074_1200364103_1507566554_1507566556_255882157_306484190': 0, 'gneJ143': 3, 'gneJ207': 1, 'gneJ208': 0, 'gneJ210': 1, 'gneJ255': 1, 'gneJ257': 4}, {'1863241632': 2, '2330725114': 8, '243351999': 0, '243641585': 11, '243749571': 29, '30503246': 0, '30624898': 0, '32564122': 1, '89127267': 2, '89173763': 7, '89173808': 1, 'cluster_1427494838_273472399': 0, 'cluster_1757124350_1757124352': 1, 'cluster_1863241547_1863241548_1976170214': 3, 'cluster_306484187_cluster_1200363791_1200363826_1200363834_1200363898_1200363927_1200363938_1200363947_1200364074_1200364103_1507566554_1507566556_255882157_306484190': 0, 'gneJ143': 6, 'gneJ207': 2, 'gneJ208': 0, 'gneJ210': 1, 'gneJ255': 1, 'gneJ257': 5}, 
58490.0, {'1863241632': 0.0, '2330725114': -0.26785713, '243351999': 0.0, '243641585': -1.9330357, '243749571': -4.0, '30503246': 0.0, '30624898': -0.04464286, '32564122': -0.017857144, '89127267': -0.10714286, '89173763': -0.49107143, '89173808': 0.0, 'cluster_1427494838_273472399': 0.0, 'cluster_1757124350_1757124352': -0.07589286, 'cluster_1863241547_1863241548_1976170214': 0.0, 'cluster_306484187_cluster_1200363791_1200363826_1200363834_1200363898_1200363927_1200363938_1200363947_1200364074_1200364103_1507566554_1507566556_255882157_306484190': 0.0, 'gneJ143': -0.03125, 'gneJ207': 0.0, 'gneJ208': 0.0, 'gneJ210': 0.0, 'gneJ255': -0.026785715, 'gneJ257': -0.8214286}, {'1863241632': 0, '2330725114': 4, '243351999': 0, '243641585': 5, '243749571': 19, '30503246': 0, '30624898': 2, '32564122': 1, '89127267': 2, '89173763': 3, '89173808': 0, 'cluster_1427494838_273472399': 0, 'cluster_1757124350_1757124352': 1, 'cluster_1863241547_1863241548_1976170214': 0, 'cluster_306484187_cluster_1200363791_1200363826_1200363834_1200363898_1200363927_1200363938_1200363947_1200364074_1200364103_1507566554_1507566556_255882157_306484190': 0, 'gneJ143': 2, 'gneJ207': 0, 'gneJ208': 0, 'gneJ210': 0, 'gneJ255': 1, 'gneJ257': 4}, {'1863241632': 0, '2330725114': 5, '243351999': 0, '243641585': 10, '243749571': 32, '30503246': 0, '30624898': 3, '32564122': 1, '89127267': 5, '89173763': 5, '89173808': 0, 'cluster_1427494838_273472399': 0, 'cluster_1757124350_1757124352': 1, 'cluster_1863241547_1863241548_1976170214': 0, 'cluster_306484187_cluster_1200363791_1200363826_1200363834_1200363898_1200363927_1200363938_1200363947_1200364074_1200364103_1507566554_1507566556_255882157_306484190': 0, 'gneJ143': 2, 'gneJ207': 0, 'gneJ208': 0, 'gneJ210': 0, 'gneJ255': 1, 'gneJ257': 4}, 
58500.0, {'1863241632': -0.03125, '2330725114': -0.51785713, '243351999': 0.0, '243641585': -0.84821427, '243749571': -4.0, '30503246': 0.0, '30624898': -0.27232143, '32564122': -0.0625, '89127267': -0.18303572, '89173763': -0.7723214, '89173808': -0.084821425, 'cluster_1427494838_273472399': 0.0, 'cluster_1757124350_1757124352': 0.0, 'cluster_1863241547_1863241548_1976170214': 0.0, 'cluster_306484187_cluster_1200363791_1200363826_1200363834_1200363898_1200363927_1200363938_1200363947_1200364074_1200364103_1507566554_1507566556_255882157_306484190': 0.0, 'gneJ143': -0.026785715, 'gneJ207': -0.10714286, 'gneJ208': 0.0, 'gneJ210': 0.0, 'gneJ255': -0.116071425, 'gneJ257': -1.0714285}, {'1863241632': 1, '2330725114': 5, '243351999': 0, '243641585': 2, '243749571': 20, '30503246': 0, '30624898': 4, '32564122': 1, '89127267': 3, '89173763': 3, '89173808': 2, 'cluster_1427494838_273472399': 0, 'cluster_1757124350_1757124352': 0, 'cluster_1863241547_1863241548_1976170214': 0, 'cluster_306484187_cluster_1200363791_1200363826_1200363834_1200363898_1200363927_1200363938_1200363947_1200364074_1200364103_1507566554_1507566556_255882157_306484190': 0, 'gneJ143': 2, 'gneJ207': 3, 'gneJ208': 0, 'gneJ210': 0, 'gneJ255': 2, 'gneJ257': 6}, {'1863241632': 1, '2330725114': 8, '243351999': 0, '243641585': 5, '243749571': 34, '30503246': 0, '30624898': 6, '32564122': 1, '89127267': 7, '89173763': 7, '89173808': 2, 'cluster_1427494838_273472399': 0, 'cluster_1757124350_1757124352': 0, 'cluster_1863241547_1863241548_1976170214': 0, 'cluster_306484187_cluster_1200363791_1200363826_1200363834_1200363898_1200363927_1200363938_1200363947_1200364074_1200364103_1507566554_1507566556_255882157_306484190': 0, 'gneJ143': 2, 'gneJ207': 4, 'gneJ208': 0, 'gneJ210': 0, 'gneJ255': 2, 'gneJ257': 6}, 
58510.0, {'1863241632': -0.07589286, '2330725114': -0.22321428, '243351999': 0.0, '243641585': -0.071428575, '243749571': -4.0, '30503246': 0.0, '30624898': -0.66964287, '32564122': -0.10714286, '89127267': -0.11160714, '89173763': -0.14732143, '89173808': 0.0, 'cluster_1427494838_273472399': 0.0, 'cluster_1757124350_1757124352': -0.03125, 'cluster_1863241547_1863241548_1976170214': 0.0, 'cluster_306484187_cluster_1200363791_1200363826_1200363834_1200363898_1200363927_1200363938_1200363947_1200364074_1200364103_1507566554_1507566556_255882157_306484190': 0.0, 'gneJ143': -0.12053572, 'gneJ207': -0.12053572, 'gneJ208': 0.0, 'gneJ210': 0.0, 'gneJ255': -0.035714287, 'gneJ257': -1.3392857}, {'1863241632': 1, '2330725114': 2, '243351999': 0, '243641585': 2, '243749571': 20, '30503246': 0, '30624898': 8, '32564122': 1, '89127267': 2, '89173763': 2, '89173808': 0, 'cluster_1427494838_273472399': 0, 'cluster_1757124350_1757124352': 1, 'cluster_1863241547_1863241548_1976170214': 0, 'cluster_306484187_cluster_1200363791_1200363826_1200363834_1200363898_1200363927_1200363938_1200363947_1200364074_1200364103_1507566554_1507566556_255882157_306484190': 0, 'gneJ143': 3, 'gneJ207': 1, 'gneJ208': 0, 'gneJ210': 0, 'gneJ255': 1, 'gneJ257': 6}, {'1863241632': 1, '2330725114': 3, '243351999': 0, '243641585': 2, '243749571': 34, '30503246': 0, '30624898': 11, '32564122': 1, '89127267': 2, '89173763': 2, '89173808': 0, 'cluster_1427494838_273472399': 0, 'cluster_1757124350_1757124352': 1, 'cluster_1863241547_1863241548_1976170214': 0, 'cluster_306484187_cluster_1200363791_1200363826_1200363834_1200363898_1200363927_1200363938_1200363947_1200364074_1200364103_1507566554_1507566556_255882157_306484190': 0, 'gneJ143': 6, 'gneJ207': 2, 'gneJ208': 0, 'gneJ210': 0, 'gneJ255': 2, 'gneJ257': 6}, 
58520.0, {'1863241632': 0.0, '2330725114': -0.09375, '243351999': 0.0, '243641585': -0.004464286, '243749571': -4.0, '30503246': 0.0, '30624898': -1.1607143, '32564122': -0.15178572, '89127267': -0.28125, '89173763': -0.23660715, '89173808': 0.0, 'cluster_1427494838_273472399': 0.0, 'cluster_1757124350_1757124352': -0.017857144, 'cluster_1863241547_1863241548_1976170214': 0.0, 'cluster_306484187_cluster_1200363791_1200363826_1200363834_1200363898_1200363927_1200363938_1200363947_1200364074_1200364103_1507566554_1507566556_255882157_306484190': 0.0, 'gneJ143': -0.2857143, 'gneJ207': -0.11160714, 'gneJ208': 0.0, 'gneJ210': 0.0, 'gneJ255': -0.06696428, 'gneJ257': -0.77678573}, {'1863241632': 0, '2330725114': 1, '243351999': 0, '243641585': 1, '243749571': 20, '30503246': 0, '30624898': 8, '32564122': 1, '89127267': 4, '89173763': 2, '89173808': 0, 'cluster_1427494838_273472399': 0, 'cluster_1757124350_1757124352': 1, 'cluster_1863241547_1863241548_1976170214': 0, 'cluster_306484187_cluster_1200363791_1200363826_1200363834_1200363898_1200363927_1200363938_1200363947_1200364074_1200364103_1507566554_1507566556_255882157_306484190': 0, 'gneJ143': 2, 'gneJ207': 1, 'gneJ208': 0, 'gneJ210': 0, 'gneJ255': 1, 'gneJ257': 4}, {'1863241632': 0, '2330725114': 1, '243351999': 0, '243641585': 1, '243749571': 35, '30503246': 0, '30624898': 11, '32564122': 1, '89127267': 4, '89173763': 2, '89173808': 0, 'cluster_1427494838_273472399': 0, 'cluster_1757124350_1757124352': 1, 'cluster_1863241547_1863241548_1976170214': 0, 'cluster_306484187_cluster_1200363791_1200363826_1200363834_1200363898_1200363927_1200363938_1200363947_1200364074_1200364103_1507566554_1507566556_255882157_306484190': 0, 'gneJ143': 6, 'gneJ207': 2, 'gneJ208': 0, 'gneJ210': 0, 'gneJ255': 1, 'gneJ257': 5}, 
58530.0, {'1863241632': -0.0625, '2330725114': 0.0, '243351999': -0.008928572, '243641585': -0.071428575, '243749571': -4.0, '30503246': 0.0, '30624898': -1.6517857, '32564122': -0.19642857, '89127267': -0.102678575, '89173763': 0.0, '89173808': -0.03125, 'cluster_1427494838_273472399': -0.035714287, 'cluster_1757124350_1757124352': 0.0, 'cluster_1863241547_1863241548_1976170214': -0.004464286, 'cluster_306484187_cluster_1200363791_1200363826_1200363834_1200363898_1200363927_1200363938_1200363947_1200364074_1200364103_1507566554_1507566556_255882157_306484190': 0.0, 'gneJ143': -0.03125, 'gneJ207': -0.02232143, 'gneJ208': 0.0, 'gneJ210': 0.0, 'gneJ255': -0.12053572, 'gneJ257': -0.09821428}, {'1863241632': 2, '2330725114': 0, '243351999': 1, '243641585': 1, '243749571': 20, '30503246': 0, '30624898': 8, '32564122': 1, '89127267': 2, '89173763': 0, '89173808': 1, 'cluster_1427494838_273472399': 1, 'cluster_1757124350_1757124352': 0, 'cluster_1863241547_1863241548_1976170214': 1, 'cluster_306484187_cluster_1200363791_1200363826_1200363834_1200363898_1200363927_1200363938_1200363947_1200364074_1200364103_1507566554_1507566556_255882157_306484190': 0, 'gneJ143': 3, 'gneJ207': 2, 'gneJ208': 0, 'gneJ210': 0, 'gneJ255': 1, 'gneJ257': 2}, {'1863241632': 3, '2330725114': 0, '243351999': 1, '243641585': 2, '243749571': 36, '30503246': 0, '30624898': 11, '32564122': 1, '89127267': 4, '89173763': 0, '89173808': 2, 'cluster_1427494838_273472399': 3, 'cluster_1757124350_1757124352': 0, 'cluster_1863241547_1863241548_1976170214': 1, 'cluster_306484187_cluster_1200363791_1200363826_1200363834_1200363898_1200363927_1200363938_1200363947_1200364074_1200364103_1507566554_1507566556_255882157_306484190': 0, 'gneJ143': 3, 'gneJ207': 2, 'gneJ208': 0, 'gneJ210': 0, 'gneJ255': 2, 'gneJ257': 3}, 
58540.0, {'1863241632': 0.0, '2330725114': -0.08928572, '243351999': -0.05357143, '243641585': -0.22767857, '243749571': -4.0, '30503246': 0.0, '30624898': -2.2276785, '32564122': -0.24553572, '89127267': 0.0, '89173763': -0.02232143, '89173808': -0.16071428, 'cluster_1427494838_273472399': -0.24107143, 'cluster_1757124350_1757124352': -0.008928572, 'cluster_1863241547_1863241548_1976170214': -0.017857144, 'cluster_306484187_cluster_1200363791_1200363826_1200363834_1200363898_1200363927_1200363938_1200363947_1200364074_1200364103_1507566554_1507566556_255882157_306484190': -0.04017857, 'gneJ143': -0.24107143, 'gneJ207': -0.10714286, 'gneJ208': 0.0, 'gneJ210': 0.0, 'gneJ255': -0.18303572, 'gneJ257': -0.04910714}, {'1863241632': 0, '2330725114': 2, '243351999': 1, '243641585': 2, '243749571': 20, '30503246': 0, '30624898': 13, '32564122': 1, '89127267': 0, '89173763': 2, '89173808': 2, 'cluster_1427494838_273472399': 2, 'cluster_1757124350_1757124352': 1, 'cluster_1863241547_1863241548_1976170214': 1, 'cluster_306484187_cluster_1200363791_1200363826_1200363834_1200363898_1200363927_1200363938_1200363947_1200364074_1200364103_1507566554_1507566556_255882157_306484190': 1, 'gneJ143': 5, 'gneJ207': 2, 'gneJ208': 0, 'gneJ210': 0, 'gneJ255': 1, 'gneJ257': 3}, {'1863241632': 0, '2330725114': 3, '243351999': 1, '243641585': 4, '243749571': 37, '30503246': 0, '30624898': 16, '32564122': 2, '89127267': 0, '89173763': 2, '89173808': 3, 'cluster_1427494838_273472399': 7, 'cluster_1757124350_1757124352': 1, 'cluster_1863241547_1863241548_1976170214': 1, 'cluster_306484187_cluster_1200363791_1200363826_1200363834_1200363898_1200363927_1200363938_1200363947_1200364074_1200364103_1507566554_1507566556_255882157_306484190': 1, 'gneJ143': 5, 'gneJ207': 3, 'gneJ208': 0, 'gneJ210': 0, 'gneJ255': 2, 'gneJ257': 3}, 
58550.0, {'1863241632': -0.02232143, '2330725114': -0.13392857, '243351999': 0.0, '243641585': -0.40625, '243749571': -4.0, '30503246': 0.0, '30624898': -2.9776785, '32564122': 0.0, '89127267': 0.0, '89173763': -0.14285715, '89173808': 0.0, 'cluster_1427494838_273472399': -0.66964287, 'cluster_1757124350_1757124352': -0.1875, 'cluster_1863241547_1863241548_1976170214': -0.08035714, 'cluster_306484187_cluster_1200363791_1200363826_1200363834_1200363898_1200363927_1200363938_1200363947_1200364074_1200364103_1507566554_1507566556_255882157_306484190': 0.0, 'gneJ143': -0.35714287, 'gneJ207': -0.24107143, 'gneJ208': -0.035714287, 'gneJ210': -0.04017857, 'gneJ255': 0.0, 'gneJ257': -0.2767857}, {'1863241632': 1, '2330725114': 3, '243351999': 0, '243641585': 2, '243749571': 20, '30503246': 0, '30624898': 14, '32564122': 0, '89127267': 0, '89173763': 3, '89173808': 0, 'cluster_1427494838_273472399': 3, 'cluster_1757124350_1757124352': 3, 'cluster_1863241547_1863241548_1976170214': 1, 'cluster_306484187_cluster_1200363791_1200363826_1200363834_1200363898_1200363927_1200363938_1200363947_1200364074_1200364103_1507566554_1507566556_255882157_306484190': 0, 'gneJ143': 4, 'gneJ207': 2, 'gneJ208': 1, 'gneJ210': 1, 'gneJ255': 0, 'gneJ257': 6}, {'1863241632': 1, '2330725114': 3, '243351999': 0, '243641585': 4, '243749571': 37, '30503246': 0, '30624898': 17, '32564122': 0, '89127267': 0, '89173763': 3, '89173808': 0, 'cluster_1427494838_273472399': 11, 'cluster_1757124350_1757124352': 5, 'cluster_1863241547_1863241548_1976170214': 2, 'cluster_306484187_cluster_1200363791_1200363826_1200363834_1200363898_1200363927_1200363938_1200363947_1200364074_1200364103_1507566554_1507566556_255882157_306484190': 0, 'gneJ143': 4, 'gneJ207': 3, 'gneJ208': 1, 'gneJ210': 1, 'gneJ255': 0, 'gneJ257': 6}, 
58560.0, {'1863241632': -0.06696428, '2330725114': -0.2767857, '243351999': -0.004464286, '243641585': 0.0, '243749571': -4.0, '30503246': -0.035714287, '30624898': -3.736607, '32564122': 0.0, '89127267': -0.09375, '89173763': 0.0, '89173808': 0.0, 'cluster_1427494838_273472399': 0.0, 'cluster_1757124350_1757124352': 0.0, 'cluster_1863241547_1863241548_1976170214': -0.23660715, 'cluster_306484187_cluster_1200363791_1200363826_1200363834_1200363898_1200363927_1200363938_1200363947_1200364074_1200364103_1507566554_1507566556_255882157_306484190': 0.0, 'gneJ143': -0.5848214, 'gneJ207': -0.14285715, 'gneJ208': 0.0, 'gneJ210': 0.0, 'gneJ255': 0.0, 'gneJ257': -0.36160713}, {'1863241632': 1, '2330725114': 4, '243351999': 1, '243641585': 0, '243749571': 20, '30503246': 1, '30624898': 14, '32564122': 0, '89127267': 2, '89173763': 0, '89173808': 0, 'cluster_1427494838_273472399': 0, 'cluster_1757124350_1757124352': 0, 'cluster_1863241547_1863241548_1976170214': 1, 'cluster_306484187_cluster_1200363791_1200363826_1200363834_1200363898_1200363927_1200363938_1200363947_1200364074_1200364103_1507566554_1507566556_255882157_306484190': 0, 'gneJ143': 5, 'gneJ207': 1, 'gneJ208': 0, 'gneJ210': 0, 'gneJ255': 0, 'gneJ257': 4}, {'1863241632': 1, '2330725114': 4, '243351999': 1, '243641585': 0, '243749571': 39, '30503246': 1, '30624898': 17, '32564122': 0, '89127267': 4, '89173763': 0, '89173808': 0, 'cluster_1427494838_273472399': 0, 'cluster_1757124350_1757124352': 0, 'cluster_1863241547_1863241548_1976170214': 4, 'cluster_306484187_cluster_1200363791_1200363826_1200363834_1200363898_1200363927_1200363938_1200363947_1200364074_1200364103_1507566554_1507566556_255882157_306484190': 0, 'gneJ143': 6, 'gneJ207': 1, 'gneJ208': 0, 'gneJ210': 0, 'gneJ255': 0, 'gneJ257': 5}, 
58570.0, {'1863241632': -0.11160714, '2330725114': -0.53125, '243351999': -0.07589286, '243641585': 0.0, '243749571': -4.0, '30503246': -0.08035714, '30624898': -4.0, '32564122': 0.0, '89127267': 0.0, '89173763': 0.0, '89173808': 0.0, 'cluster_1427494838_273472399': -0.2544643, 'cluster_1757124350_1757124352': 0.0, 'cluster_1863241547_1863241548_1976170214': -0.33035713, 'cluster_306484187_cluster_1200363791_1200363826_1200363834_1200363898_1200363927_1200363938_1200363947_1200364074_1200364103_1507566554_1507566556_255882157_306484190': 0.0, 'gneJ143': -0.15178572, 'gneJ207': 0.0, 'gneJ208': 0.0, 'gneJ210': 0.0, 'gneJ255': 0.0, 'gneJ257': -0.4642857}, {'1863241632': 1, '2330725114': 6, '243351999': 3, '243641585': 0, '243749571': 20, '30503246': 1, '30624898': 14, '32564122': 0, '89127267': 0, '89173763': 0, '89173808': 0, 'cluster_1427494838_273472399': 3, 'cluster_1757124350_1757124352': 0, 'cluster_1863241547_1863241548_1976170214': 1, 'cluster_306484187_cluster_1200363791_1200363826_1200363834_1200363898_1200363927_1200363938_1200363947_1200364074_1200364103_1507566554_1507566556_255882157_306484190': 0, 'gneJ143': 1, 'gneJ207': 0, 'gneJ208': 0, 'gneJ210': 0, 'gneJ255': 0, 'gneJ257': 4}, {'1863241632': 1, '2330725114': 6, '243351999': 3, '243641585': 0, '243749571': 39, '30503246': 1, '30624898': 17, '32564122': 0, '89127267': 0, '89173763': 0, '89173808': 0, 'cluster_1427494838_273472399': 12, 'cluster_1757124350_1757124352': 0, 'cluster_1863241547_1863241548_1976170214': 3, 'cluster_306484187_cluster_1200363791_1200363826_1200363834_1200363898_1200363927_1200363938_1200363947_1200364074_1200364103_1507566554_1507566556_255882157_306484190': 0, 'gneJ143': 3, 'gneJ207': 0, 'gneJ208': 0, 'gneJ210': 0, 'gneJ255': 0, 'gneJ257': 6}, 
58580.0, {'1863241632': -0.1875, '2330725114': -0.8348214, '243351999': 0.0, '243641585': 0.0, '243749571': -4.0, '30503246': 0.0, '30624898': -4.0, '32564122': -0.013392857, '89127267': 0.0, '89173763': -0.05357143, '89173808': -0.004464286, 'cluster_1427494838_273472399': 0.0, 'cluster_1757124350_1757124352': 0.0, 'cluster_1863241547_1863241548_1976170214': -0.5, 'cluster_306484187_cluster_1200363791_1200363826_1200363834_1200363898_1200363927_1200363938_1200363947_1200364074_1200364103_1507566554_1507566556_255882157_306484190': 0.0, 'gneJ143': -0.03125, 'gneJ207': -0.004464286, 'gneJ208': 0.0, 'gneJ210': 0.0, 'gneJ255': 0.0, 'gneJ257': -0.57589287}, {'1863241632': 1, '2330725114': 6, '243351999': 0, '243641585': 0, '243749571': 20, '30503246': 0, '30624898': 12, '32564122': 1, '89127267': 0, '89173763': 2, '89173808': 1, 'cluster_1427494838_273472399': 0, 'cluster_1757124350_1757124352': 0, 'cluster_1863241547_1863241548_1976170214': 1, 'cluster_306484187_cluster_1200363791_1200363826_1200363834_1200363898_1200363927_1200363938_1200363947_1200364074_1200364103_1507566554_1507566556_255882157_306484190': 0, 'gneJ143': 2, 'gneJ207': 1, 'gneJ208': 0, 'gneJ210': 0, 'gneJ255': 0, 'gneJ257': 4}, {'1863241632': 2, '2330725114': 8, '243351999': 0, '243641585': 0, '243749571': 39, '30503246': 0, '30624898': 16, '32564122': 1, '89127267': 0, '89173763': 3, '89173808': 1, 'cluster_1427494838_273472399': 0, 'cluster_1757124350_1757124352': 0, 'cluster_1863241547_1863241548_1976170214': 4, 'cluster_306484187_cluster_1200363791_1200363826_1200363834_1200363898_1200363927_1200363938_1200363947_1200364074_1200364103_1507566554_1507566556_255882157_306484190': 0, 'gneJ143': 2, 'gneJ207': 1, 'gneJ208': 0, 'gneJ210': 0, 'gneJ255': 0, 'gneJ257': 5}, 
58590.0, {'1863241632': -0.2767857, '2330725114': -0.39732143, '243351999': -0.06696428, '243641585': -0.026785715, '243749571': -4.0, '30503246': -0.013392857, '30624898': -3.9464285, '32564122': -0.02232143, '89127267': 0.0, '89173763': -0.1875, '89173808': -0.0625, 'cluster_1427494838_273472399': -0.16071428, 'cluster_1757124350_1757124352': 0.0, 'cluster_1863241547_1863241548_1976170214': -0.02232143, 'cluster_306484187_cluster_1200363791_1200363826_1200363834_1200363898_1200363927_1200363938_1200363947_1200364074_1200364103_1507566554_1507566556_255882157_306484190': -0.035714287, 'gneJ143': 0.0, 'gneJ207': -0.017857144, 'gneJ208': 0.0, 'gneJ210': 0.0, 'gneJ255': 0.0, 'gneJ257': -0.80803573}, {'1863241632': 1, '2330725114': 3, '243351999': 4, '243641585': 1, '243749571': 20, '30503246': 1, '30624898': 12, '32564122': 1, '89127267': 0, '89173763': 2, '89173808': 2, 'cluster_1427494838_273472399': 2, 'cluster_1757124350_1757124352': 0, 'cluster_1863241547_1863241548_1976170214': 1, 'cluster_306484187_cluster_1200363791_1200363826_1200363834_1200363898_1200363927_1200363938_1200363947_1200364074_1200364103_1507566554_1507566556_255882157_306484190': 1, 'gneJ143': 0, 'gneJ207': 1, 'gneJ208': 0, 'gneJ210': 0, 'gneJ255': 0, 'gneJ257': 6}, {'1863241632': 2, '2330725114': 3, '243351999': 4, '243641585': 1, '243749571': 35, '30503246': 2, '30624898': 17, '32564122': 1, '89127267': 0, '89173763': 3, '89173808': 2, 'cluster_1427494838_273472399': 7, 'cluster_1757124350_1757124352': 0, 'cluster_1863241547_1863241548_1976170214': 1, 'cluster_306484187_cluster_1200363791_1200363826_1200363834_1200363898_1200363927_1200363938_1200363947_1200364074_1200364103_1507566554_1507566556_255882157_306484190': 1, 'gneJ143': 0, 'gneJ207': 1, 'gneJ208': 0, 'gneJ210': 0, 'gneJ255': 0, 'gneJ257': 6}, 
58600.0, {'1863241632': 0.0, '2330725114': -0.53125, '243351999': -0.04910714, '243641585': -0.071428575, '243749571': -4.0, '30503246': 0.0, '30624898': -4.0, '32564122': -0.06696428, '89127267': -0.05357143, '89173763': -0.32142857, '89173808': -0.15178572, 'cluster_1427494838_273472399': 0.0, 'cluster_1757124350_1757124352': 0.0, 'cluster_1863241547_1863241548_1976170214': -0.071428575, 'cluster_306484187_cluster_1200363791_1200363826_1200363834_1200363898_1200363927_1200363938_1200363947_1200364074_1200364103_1507566554_1507566556_255882157_306484190': 0.0, 'gneJ143': -0.058035713, 'gneJ207': -0.06696428, 'gneJ208': 0.0, 'gneJ210': 0.0, 'gneJ255': -0.004464286, 'gneJ257': -1.0758928}, {'1863241632': 0, '2330725114': 3, '243351999': 1, '243641585': 1, '243749571': 20, '30503246': 0, '30624898': 12, '32564122': 1, '89127267': 2, '89173763': 2, '89173808': 2, 'cluster_1427494838_273472399': 0, 'cluster_1757124350_1757124352': 0, 'cluster_1863241547_1863241548_1976170214': 1, 'cluster_306484187_cluster_1200363791_1200363826_1200363834_1200363898_1200363927_1200363938_1200363947_1200364074_1200364103_1507566554_1507566556_255882157_306484190': 0, 'gneJ143': 3, 'gneJ207': 2, 'gneJ208': 0, 'gneJ210': 0, 'gneJ255': 1, 'gneJ257': 6}, {'1863241632': 0, '2330725114': 3, '243351999': 1, '243641585': 1, '243749571': 36, '30503246': 0, '30624898': 16, '32564122': 1, '89127267': 3, '89173763': 3, '89173808': 2, 'cluster_1427494838_273472399': 0, 'cluster_1757124350_1757124352': 0, 'cluster_1863241547_1863241548_1976170214': 2, 'cluster_306484187_cluster_1200363791_1200363826_1200363834_1200363898_1200363927_1200363938_1200363947_1200364074_1200364103_1507566554_1507566556_255882157_306484190': 0, 'gneJ143': 6, 'gneJ207': 3, 'gneJ208': 0, 'gneJ210': 0, 'gneJ255': 1, 'gneJ257': 6}, 
58610.0, {'1863241632': -0.07589286, '2330725114': 0.0, '243351999': 0.0, '243641585': -0.116071425, '243749571': -4.0, '30503246': 0.0, '30624898': -4.0, '32564122': 0.0, '89127267': 0.0, '89173763': 0.0, '89173808': 0.0, 'cluster_1427494838_273472399': 0.0, 'cluster_1757124350_1757124352': 0.0, 'cluster_1863241547_1863241548_1976170214': -0.16071428, 'cluster_306484187_cluster_1200363791_1200363826_1200363834_1200363898_1200363927_1200363938_1200363947_1200364074_1200364103_1507566554_1507566556_255882157_306484190': 0.0, 'gneJ143': -0.2767857, 'gneJ207': -0.03125, 'gneJ208': 0.0, 'gneJ210': 0.0, 'gneJ255': -0.084821425, 'gneJ257': -1.34375}, {'1863241632': 2, '2330725114': 0, '243351999': 0, '243641585': 1, '243749571': 20, '30503246': 0, '30624898': 14, '32564122': 0, '89127267': 0, '89173763': 0, '89173808': 0, 'cluster_1427494838_273472399': 0, 'cluster_1757124350_1757124352': 0, 'cluster_1863241547_1863241548_1976170214': 1, 'cluster_306484187_cluster_1200363791_1200363826_1200363834_1200363898_1200363927_1200363938_1200363947_1200364074_1200364103_1507566554_1507566556_255882157_306484190': 0, 'gneJ143': 2, 'gneJ207': 1, 'gneJ208': 0, 'gneJ210': 0, 'gneJ255': 1, 'gneJ257': 6}, {'1863241632': 3, '2330725114': 0, '243351999': 0, '243641585': 1, '243749571': 38, '30503246': 0, '30624898': 17, '32564122': 0, '89127267': 0, '89173763': 0, '89173808': 0, 'cluster_1427494838_273472399': 0, 'cluster_1757124350_1757124352': 0, 'cluster_1863241547_1863241548_1976170214': 2, 'cluster_306484187_cluster_1200363791_1200363826_1200363834_1200363898_1200363927_1200363938_1200363947_1200364074_1200364103_1507566554_1507566556_255882157_306484190': 0, 'gneJ143': 7, 'gneJ207': 1, 'gneJ208': 0, 'gneJ210': 0, 'gneJ255': 2, 'gneJ257': 6}, 
58620.0, {'1863241632': -0.20982143, '2330725114': 0.0, '243351999': -0.013392857, '243641585': -0.16071428, '243749571': -4.0, '30503246': 0.0, '30624898': -4.0, '32564122': 0.0, '89127267': 0.0, '89173763': -0.04017857, '89173808': 0.0, 'cluster_1427494838_273472399': 0.0, 'cluster_1757124350_1757124352': 0.0, 'cluster_1863241547_1863241548_1976170214': -0.02232143, 'cluster_306484187_cluster_1200363791_1200363826_1200363834_1200363898_1200363927_1200363938_1200363947_1200364074_1200364103_1507566554_1507566556_255882157_306484190': -0.02232143, 'gneJ143': -0.035714287, 'gneJ207': -0.06696428, 'gneJ208': 0.0, 'gneJ210': 0.0, 'gneJ255': -0.23660715, 'gneJ257': -1.6116072}, {'1863241632': 2, '2330725114': 0, '243351999': 1, '243641585': 1, '243749571': 20, '30503246': 0, '30624898': 14, '32564122': 0, '89127267': 0, '89173763': 2, '89173808': 0, 'cluster_1427494838_273472399': 0, 'cluster_1757124350_1757124352': 0, 'cluster_1863241547_1863241548_1976170214': 1, 'cluster_306484187_cluster_1200363791_1200363826_1200363834_1200363898_1200363927_1200363938_1200363947_1200364074_1200364103_1507566554_1507566556_255882157_306484190': 1, 'gneJ143': 3, 'gneJ207': 2, 'gneJ208': 0, 'gneJ210': 0, 'gneJ255': 1, 'gneJ257': 6}, {'1863241632': 3, '2330725114': 0, '243351999': 1, '243641585': 1, '243749571': 39, '30503246': 0, '30624898': 16, '32564122': 0, '89127267': 0, '89173763': 2, '89173808': 0, 'cluster_1427494838_273472399': 0, 'cluster_1757124350_1757124352': 0, 'cluster_1863241547_1863241548_1976170214': 1, 'cluster_306484187_cluster_1200363791_1200363826_1200363834_1200363898_1200363927_1200363938_1200363947_1200364074_1200364103_1507566554_1507566556_255882157_306484190': 1, 'gneJ143': 3, 'gneJ207': 2, 'gneJ208': 0, 'gneJ210': 0, 'gneJ255': 4, 'gneJ257': 6}, 
58630.0, {'1863241632': -0.24553572, '2330725114': 0.0, '243351999': -0.102678575, '243641585': -0.20982143, '243749571': -4.0, '30503246': 0.0, '30624898': -4.0, '32564122': 0.0, '89127267': 0.0, '89173763': 0.0, '89173808': 0.0, 'cluster_1427494838_273472399': -0.071428575, 'cluster_1757124350_1757124352': -0.017857144, 'cluster_1863241547_1863241548_1976170214': -0.06696428, 'cluster_306484187_cluster_1200363791_1200363826_1200363834_1200363898_1200363927_1200363938_1200363947_1200364074_1200364103_1507566554_1507566556_255882157_306484190': 0.0, 'gneJ143': -0.23660715, 'gneJ207': 0.0, 'gneJ208': 0.0, 'gneJ210': 0.0, 'gneJ255': -0.26339287, 'gneJ257': -1.1071428}, {'1863241632': 2, '2330725114': 0, '243351999': 2, '243641585': 2, '243749571': 20, '30503246': 0, '30624898': 15, '32564122': 0, '89127267': 0, '89173763': 0, '89173808': 0, 'cluster_1427494838_273472399': 1, 'cluster_1757124350_1757124352': 1, 'cluster_1863241547_1863241548_1976170214': 1, 'cluster_306484187_cluster_1200363791_1200363826_1200363834_1200363898_1200363927_1200363938_1200363947_1200364074_1200364103_1507566554_1507566556_255882157_306484190': 0, 'gneJ143': 5, 'gneJ207': 0, 'gneJ208': 0, 'gneJ210': 0, 'gneJ255': 1, 'gneJ257': 4}, {'1863241632': 2, '2330725114': 0, '243351999': 2, '243641585': 2, '243749571': 38, '30503246': 0, '30624898': 17, '32564122': 0, '89127267': 0, '89173763': 0, '89173808': 0, 'cluster_1427494838_273472399': 3, 'cluster_1757124350_1757124352': 2, 'cluster_1863241547_1863241548_1976170214': 1, 'cluster_306484187_cluster_1200363791_1200363826_1200363834_1200363898_1200363927_1200363938_1200363947_1200364074_1200364103_1507566554_1507566556_255882157_306484190': 0, 'gneJ143': 5, 'gneJ207': 0, 'gneJ208': 0, 'gneJ210': 0, 'gneJ255': 2, 'gneJ257': 5}, 
58640.0, {'1863241632': -0.36607143, '2330725114': 0.0, '243351999': 0.0, '243641585': -0.017857144, '243749571': -4.0, '30503246': 0.0, '30624898': -4.0, '32564122': -0.03125, '89127267': 0.0, '89173763': -0.03125, '89173808': 0.0, 'cluster_1427494838_273472399': 0.0, 'cluster_1757124350_1757124352': 0.0, 'cluster_1863241547_1863241548_1976170214': -0.11160714, 'cluster_306484187_cluster_1200363791_1200363826_1200363834_1200363898_1200363927_1200363938_1200363947_1200364074_1200364103_1507566554_1507566556_255882157_306484190': 0.0, 'gneJ143': -0.5535714, 'gneJ207': -0.02232143, 'gneJ208': -0.035714287, 'gneJ210': 0.0, 'gneJ255': 0.0, 'gneJ257': -1.2857143}, {'1863241632': 2, '2330725114': 0, '243351999': 0, '243641585': 1, '243749571': 20, '30503246': 0, '30624898': 15, '32564122': 1, '89127267': 0, '89173763': 1, '89173808': 0, 'cluster_1427494838_273472399': 0, 'cluster_1757124350_1757124352': 0, 'cluster_1863241547_1863241548_1976170214': 1, 'cluster_306484187_cluster_1200363791_1200363826_1200363834_1200363898_1200363927_1200363938_1200363947_1200364074_1200364103_1507566554_1507566556_255882157_306484190': 0, 'gneJ143': 5, 'gneJ207': 2, 'gneJ208': 2, 'gneJ210': 0, 'gneJ255': 0, 'gneJ257': 5}, {'1863241632': 3, '2330725114': 0, '243351999': 0, '243641585': 1, '243749571': 37, '30503246': 0, '30624898': 18, '32564122': 1, '89127267': 0, '89173763': 1, '89173808': 0, 'cluster_1427494838_273472399': 0, 'cluster_1757124350_1757124352': 0, 'cluster_1863241547_1863241548_1976170214': 1, 'cluster_306484187_cluster_1200363791_1200363826_1200363834_1200363898_1200363927_1200363938_1200363947_1200364074_1200364103_1507566554_1507566556_255882157_306484190': 0, 'gneJ143': 8, 'gneJ207': 2, 'gneJ208': 2, 'gneJ210': 0, 'gneJ255': 0, 'gneJ257': 5}, 
58650.0, {'1863241632': 0.0, '2330725114': 0.0, '243351999': 0.0, '243641585': -0.084821425, '243749571': -4.0, '30503246': 0.0, '30624898': -4.0, '32564122': -0.07589286, '89127267': 0.0, '89173763': 0.0, '89173808': 0.0, 'cluster_1427494838_273472399': -0.04464286, 'cluster_1757124350_1757124352': 0.0, 'cluster_1863241547_1863241548_1976170214': -0.06696428, 'cluster_306484187_cluster_1200363791_1200363826_1200363834_1200363898_1200363927_1200363938_1200363947_1200364074_1200364103_1507566554_1507566556_255882157_306484190': -0.017857144, 'gneJ143': -0.34375, 'gneJ207': -0.24107143, 'gneJ208': -0.14732143, 'gneJ210': -0.04464286, 'gneJ255': -0.008928572, 'gneJ257': -0.39285713}, {'1863241632': 0, '2330725114': 0, '243351999': 0, '243641585': 1, '243749571': 20, '30503246': 0, '30624898': 16, '32564122': 1, '89127267': 0, '89173763': 0, '89173808': 0, 'cluster_1427494838_273472399': 1, 'cluster_1757124350_1757124352': 0, 'cluster_1863241547_1863241548_1976170214': 1, 'cluster_306484187_cluster_1200363791_1200363826_1200363834_1200363898_1200363927_1200363938_1200363947_1200364074_1200364103_1507566554_1507566556_255882157_306484190': 1, 'gneJ143': 2, 'gneJ207': 3, 'gneJ208': 2, 'gneJ210': 1, 'gneJ255': 1, 'gneJ257': 2}, {'1863241632': 0, '2330725114': 0, '243351999': 0, '243641585': 2, '243749571': 38, '30503246': 0, '30624898': 21, '32564122': 1, '89127267': 0, '89173763': 0, '89173808': 0, 'cluster_1427494838_273472399': 2, 'cluster_1757124350_1757124352': 0, 'cluster_1863241547_1863241548_1976170214': 2, 'cluster_306484187_cluster_1200363791_1200363826_1200363834_1200363898_1200363927_1200363938_1200363947_1200364074_1200364103_1507566554_1507566556_255882157_306484190': 1, 'gneJ143': 4, 'gneJ207': 6, 'gneJ208': 3, 'gneJ210': 2, 'gneJ255': 1, 'gneJ257': 3}, 
58660.0, {'1863241632': -0.05357143, '2330725114': 0.0, '243351999': 0.0, '243641585': -0.017857144, '243749571': -4.0, '30503246': 0.0, '30624898': -4.0, '32564122': -0.12053572, '89127267': 0.0, '89173763': -0.026785715, '89173808': -0.013392857, 'cluster_1427494838_273472399': -0.13392857, 'cluster_1757124350_1757124352': 0.0, 'cluster_1863241547_1863241548_1976170214': -0.02232143, 'cluster_306484187_cluster_1200363791_1200363826_1200363834_1200363898_1200363927_1200363938_1200363947_1200364074_1200364103_1507566554_1507566556_255882157_306484190': 0.0, 'gneJ143': -0.61160713, 'gneJ207': -0.14732143, 'gneJ208': -0.06696428, 'gneJ210': -0.13392857, 'gneJ255': -0.05357143, 'gneJ257': -0.45535713}, {'1863241632': 2, '2330725114': 0, '243351999': 0, '243641585': 1, '243749571': 20, '30503246': 0, '30624898': 16, '32564122': 1, '89127267': 0, '89173763': 1, '89173808': 1, 'cluster_1427494838_273472399': 1, 'cluster_1757124350_1757124352': 0, 'cluster_1863241547_1863241548_1976170214': 1, 'cluster_306484187_cluster_1200363791_1200363826_1200363834_1200363898_1200363927_1200363938_1200363947_1200364074_1200364103_1507566554_1507566556_255882157_306484190': 0, 'gneJ143': 4, 'gneJ207': 1, 'gneJ208': 1, 'gneJ210': 1, 'gneJ255': 1, 'gneJ257': 2}, {'1863241632': 3, '2330725114': 0, '243351999': 0, '243641585': 1, '243749571': 39, '30503246': 0, '30624898': 20, '32564122': 1, '89127267': 0, '89173763': 1, '89173808': 1, 'cluster_1427494838_273472399': 2, 'cluster_1757124350_1757124352': 0, 'cluster_1863241547_1863241548_1976170214': 2, 'cluster_306484187_cluster_1200363791_1200363826_1200363834_1200363898_1200363927_1200363938_1200363947_1200364074_1200364103_1507566554_1507566556_255882157_306484190': 0, 'gneJ143': 12, 'gneJ207': 2, 'gneJ208': 1, 'gneJ210': 2, 'gneJ255': 1, 'gneJ257': 2}, 
58670.0, {'1863241632': 0.0, '2330725114': -0.008928572, '243351999': 0.0, '243641585': -0.02232143, '243749571': -4.0, '30503246': 0.0, '30624898': -4.0, '32564122': -0.16517857, '89127267': 0.0, '89173763': -0.084821425, '89173808': 0.0, 'cluster_1427494838_273472399': 0.0, 'cluster_1757124350_1757124352': 0.0, 'cluster_1863241547_1863241548_1976170214': -0.12053572, 'cluster_306484187_cluster_1200363791_1200363826_1200363834_1200363898_1200363927_1200363938_1200363947_1200364074_1200364103_1507566554_1507566556_255882157_306484190': 0.0, 'gneJ143': -0.12946428, 'gneJ207': -0.19196428, 'gneJ208': -0.116071425, 'gneJ210': -0.008928572, 'gneJ255': 0.0, 'gneJ257': 0.0}, {'1863241632': 0, '2330725114': 1, '243351999': 0, '243641585': 1, '243749571': 20, '30503246': 0, '30624898': 16, '32564122': 1, '89127267': 0, '89173763': 1, '89173808': 0, 'cluster_1427494838_273472399': 0, 'cluster_1757124350_1757124352': 0, 'cluster_1863241547_1863241548_1976170214': 2, 'cluster_306484187_cluster_1200363791_1200363826_1200363834_1200363898_1200363927_1200363938_1200363947_1200364074_1200364103_1507566554_1507566556_255882157_306484190': 0, 'gneJ143': 1, 'gneJ207': 5, 'gneJ208': 2, 'gneJ210': 1, 'gneJ255': 0, 'gneJ257': 0}, {'1863241632': 0, '2330725114': 1, '243351999': 0, '243641585': 1, '243749571': 39, '30503246': 0, '30624898': 24, '32564122': 1, '89127267': 0, '89173763': 3, '89173808': 0, 'cluster_1427494838_273472399': 0, 'cluster_1757124350_1757124352': 0, 'cluster_1863241547_1863241548_1976170214': 3, 'cluster_306484187_cluster_1200363791_1200363826_1200363834_1200363898_1200363927_1200363938_1200363947_1200364074_1200364103_1507566554_1507566556_255882157_306484190': 0, 'gneJ143': 3, 'gneJ207': 5, 'gneJ208': 2, 'gneJ210': 1, 'gneJ255': 0, 'gneJ257': 0}, 
58680.0, {'1863241632': -0.071428575, '2330725114': -0.23660715, '243351999': -0.035714287, '243641585': -0.08035714, '243749571': -4.0, '30503246': 0.0, '30624898': -4.0, '32564122': 0.0, '89127267': -0.008928572, '89173763': -0.035714287, '89173808': -0.026785715, 'cluster_1427494838_273472399': 0.0, 'cluster_1757124350_1757124352': 0.0, 'cluster_1863241547_1863241548_1976170214': -0.2544643, 'cluster_306484187_cluster_1200363791_1200363826_1200363834_1200363898_1200363927_1200363938_1200363947_1200364074_1200364103_1507566554_1507566556_255882157_306484190': 0.0, 'gneJ143': -0.45982143, 'gneJ207': -0.45089287, 'gneJ208': -0.20535715, 'gneJ210': -0.017857144, 'gneJ255': -0.026785715, 'gneJ257': 0.0}, {'1863241632': 2, '2330725114': 3, '243351999': 1, '243641585': 1, '243749571': 20, '30503246': 0, '30624898': 16, '32564122': 0, '89127267': 1, '89173763': 1, '89173808': 1, 'cluster_1427494838_273472399': 0, 'cluster_1757124350_1757124352': 0, 'cluster_1863241547_1863241548_1976170214': 2, 'cluster_306484187_cluster_1200363791_1200363826_1200363834_1200363898_1200363927_1200363938_1200363947_1200364074_1200364103_1507566554_1507566556_255882157_306484190': 0, 'gneJ143': 5, 'gneJ207': 8, 'gneJ208': 2, 'gneJ210': 1, 'gneJ255': 1, 'gneJ257': 0}, {'1863241632': 3, '2330725114': 7, '243351999': 1, '243641585': 2, '243749571': 40, '30503246': 0, '30624898': 26, '32564122': 0, '89127267': 1, '89173763': 1, '89173808': 1, 'cluster_1427494838_273472399': 0, 'cluster_1757124350_1757124352': 0, 'cluster_1863241547_1863241548_1976170214': 3, 'cluster_306484187_cluster_1200363791_1200363826_1200363834_1200363898_1200363927_1200363938_1200363947_1200364074_1200364103_1507566554_1507566556_255882157_306484190': 0, 'gneJ143': 10, 'gneJ207': 8, 'gneJ208': 2, 'gneJ210': 1, 'gneJ255': 1, 'gneJ257': 0}, 
58690.0, {'1863241632': -0.20535715, '2330725114': 0.0, '243351999': 0.0, '243641585': -0.17410715, '243749571': -4.0, '30503246': 0.0, '30624898': -4.0, '32564122': -0.03125, '89127267': -0.06696428, '89173763': -0.15625, '89173808': -0.071428575, 'cluster_1427494838_273472399': 0.0, 'cluster_1757124350_1757124352': 0.0, 'cluster_1863241547_1863241548_1976170214': -0.03125, 'cluster_306484187_cluster_1200363791_1200363826_1200363834_1200363898_1200363927_1200363938_1200363947_1200364074_1200364103_1507566554_1507566556_255882157_306484190': 0.0, 'gneJ143': -0.3080357, 'gneJ207': -1.0982143, 'gneJ208': -0.29464287, 'gneJ210': 0.0, 'gneJ255': 0.0, 'gneJ257': 0.0}, {'1863241632': 2, '2330725114': 0, '243351999': 0, '243641585': 2, '243749571': 20, '30503246': 0, '30624898': 16, '32564122': 1, '89127267': 2, '89173763': 2, '89173808': 1, 'cluster_1427494838_273472399': 0, 'cluster_1757124350_1757124352': 0, 'cluster_1863241547_1863241548_1976170214': 1, 'cluster_306484187_cluster_1200363791_1200363826_1200363834_1200363898_1200363927_1200363938_1200363947_1200364074_1200364103_1507566554_1507566556_255882157_306484190': 0, 'gneJ143': 4, 'gneJ207': 12, 'gneJ208': 2, 'gneJ210': 0, 'gneJ255': 0, 'gneJ257': 0}, {'1863241632': 3, '2330725114': 0, '243351999': 0, '243641585': 3, '243749571': 41, '30503246': 0, '30624898': 32, '32564122': 2, '89127267': 2, '89173763': 4, '89173808': 1, 'cluster_1427494838_273472399': 0, 'cluster_1757124350_1757124352': 0, 'cluster_1863241547_1863241548_1976170214': 1, 'cluster_306484187_cluster_1200363791_1200363826_1200363834_1200363898_1200363927_1200363938_1200363947_1200364074_1200364103_1507566554_1507566556_255882157_306484190': 0, 'gneJ143': 4, 'gneJ207': 20, 'gneJ208': 2, 'gneJ210': 0, 'gneJ255': 0, 'gneJ257': 0}, 
58700.0, {'1863241632': 0.0, '2330725114': 0.0, '243351999': 0.0, '243641585': -0.3080357, '243749571': -4.0, '30503246': -0.017857144, '30624898': -4.0, '32564122': -0.12053572, '89127267': -0.15625, '89173763': -0.21875, '89173808': -0.116071425, 'cluster_1427494838_273472399': 0.0, 'cluster_1757124350_1757124352': -0.008928572, 'cluster_1863241547_1863241548_1976170214': -0.07589286, 'cluster_306484187_cluster_1200363791_1200363826_1200363834_1200363898_1200363927_1200363938_1200363947_1200364074_1200364103_1507566554_1507566556_255882157_306484190': 0.0, 'gneJ143': -0.22767857, 'gneJ207': -1.1919643, 'gneJ208': 0.0, 'gneJ210': 0.0, 'gneJ255': 0.0, 'gneJ257': -0.09375}, {'1863241632': 0, '2330725114': 0, '243351999': 0, '243641585': 2, '243749571': 20, '30503246': 1, '30624898': 16, '32564122': 1, '89127267': 2, '89173763': 2, '89173808': 1, 'cluster_1427494838_273472399': 0, 'cluster_1757124350_1757124352': 1, 'cluster_1863241547_1863241548_1976170214': 1, 'cluster_306484187_cluster_1200363791_1200363826_1200363834_1200363898_1200363927_1200363938_1200363947_1200364074_1200364103_1507566554_1507566556_255882157_306484190': 0, 'gneJ143': 2, 'gneJ207': 14, 'gneJ208': 0, 'gneJ210': 0, 'gneJ255': 0, 'gneJ257': 3}, {'1863241632': 0, '2330725114': 0, '243351999': 0, '243641585': 3, '243749571': 41, '30503246': 1, '30624898': 31, '32564122': 2, '89127267': 2, '89173763': 3, '89173808': 1, 'cluster_1427494838_273472399': 0, 'cluster_1757124350_1757124352': 1, 'cluster_1863241547_1863241548_1976170214': 1, 'cluster_306484187_cluster_1200363791_1200363826_1200363834_1200363898_1200363927_1200363938_1200363947_1200364074_1200364103_1507566554_1507566556_255882157_306484190': 0, 'gneJ143': 2, 'gneJ207': 14, 'gneJ208': 0, 'gneJ210': 0, 'gneJ255': 0, 'gneJ257': 5}, 
58710.0, {'1863241632': 0.0, '2330725114': -0.035714287, '243351999': 0.0, '243641585': -0.5535714, '243749571': -4.0, '30503246': -0.0625, '30624898': -4.0, '32564122': -0.02232143, '89127267': -0.26785713, '89173763': -0.35267857, '89173808': -0.008928572, 'cluster_1427494838_273472399': 0.0, 'cluster_1757124350_1757124352': -0.05357143, 'cluster_1863241547_1863241548_1976170214': -0.125, 'cluster_306484187_cluster_1200363791_1200363826_1200363834_1200363898_1200363927_1200363938_1200363947_1200364074_1200364103_1507566554_1507566556_255882157_306484190': 0.0, 'gneJ143': 0.0, 'gneJ207': -1.2321428, 'gneJ208': 0.0, 'gneJ210': -0.017857144, 'gneJ255': 0.0, 'gneJ257': -0.33482143}, {'1863241632': 0, '2330725114': 2, '243351999': 0, '243641585': 4, '243749571': 20, '30503246': 1, '30624898': 16, '32564122': 1, '89127267': 3, '89173763': 2, '89173808': 1, 'cluster_1427494838_273472399': 0, 'cluster_1757124350_1757124352': 1, 'cluster_1863241547_1863241548_1976170214': 1, 'cluster_306484187_cluster_1200363791_1200363826_1200363834_1200363898_1200363927_1200363938_1200363947_1200364074_1200364103_1507566554_1507566556_255882157_306484190': 0, 'gneJ143': 0, 'gneJ207': 11, 'gneJ208': 0, 'gneJ210': 1, 'gneJ255': 0, 'gneJ257': 3}, {'1863241632': 0, '2330725114': 2, '243351999': 0, '243641585': 7, '243749571': 41, '30503246': 1, '30624898': 30, '32564122': 1, '89127267': 4, '89173763': 3, '89173808': 1, 'cluster_1427494838_273472399': 0, 'cluster_1757124350_1757124352': 1, 'cluster_1863241547_1863241548_1976170214': 2, 'cluster_306484187_cluster_1200363791_1200363826_1200363834_1200363898_1200363927_1200363938_1200363947_1200364074_1200364103_1507566554_1507566556_255882157_306484190': 0, 'gneJ143': 0, 'gneJ207': 11, 'gneJ208': 0, 'gneJ210': 1, 'gneJ255': 0, 'gneJ257': 6}, 
58720.0, {'1863241632': 0.0, '2330725114': 0.0, '243351999': 0.0, '243641585': -0.071428575, '243749571': -4.0, '30503246': -0.10714286, '30624898': -4.0, '32564122': -0.06696428, '89127267': -0.058035713, '89173763': -0.38392857, '89173808': 0.0, 'cluster_1427494838_273472399': 0.0, 'cluster_1757124350_1757124352': 0.0, 'cluster_1863241547_1863241548_1976170214': -0.058035713, 'cluster_306484187_cluster_1200363791_1200363826_1200363834_1200363898_1200363927_1200363938_1200363947_1200364074_1200364103_1507566554_1507566556_255882157_306484190': 0.0, 'gneJ143': -0.026785715, 'gneJ207': -1.5625, 'gneJ208': 0.0, 'gneJ210': 0.0, 'gneJ255': 0.0, 'gneJ257': 0.0}, {'1863241632': 0, '2330725114': 0, '243351999': 0, '243641585': 1, '243749571': 20, '30503246': 1, '30624898': 16, '32564122': 1, '89127267': 1, '89173763': 2, '89173808': 0, 'cluster_1427494838_273472399': 0, 'cluster_1757124350_1757124352': 0, 'cluster_1863241547_1863241548_1976170214': 1, 'cluster_306484187_cluster_1200363791_1200363826_1200363834_1200363898_1200363927_1200363938_1200363947_1200364074_1200364103_1507566554_1507566556_255882157_306484190': 0, 'gneJ143': 2, 'gneJ207': 10, 'gneJ208': 0, 'gneJ210': 0, 'gneJ255': 0, 'gneJ257': 0}, {'1863241632': 0, '2330725114': 0, '243351999': 0, '243641585': 1, '243749571': 42, '30503246': 1, '30624898': 28, '32564122': 1, '89127267': 2, '89173763': 3, '89173808': 0, 'cluster_1427494838_273472399': 0, 'cluster_1757124350_1757124352': 0, 'cluster_1863241547_1863241548_1976170214': 2, 'cluster_306484187_cluster_1200363791_1200363826_1200363834_1200363898_1200363927_1200363938_1200363947_1200364074_1200364103_1507566554_1507566556_255882157_306484190': 0, 'gneJ143': 2, 'gneJ207': 11, 'gneJ208': 0, 'gneJ210': 0, 'gneJ255': 0, 'gneJ257': 0}, 
58730.0, {'1863241632': -0.03125, '2330725114': -0.0625, '243351999': 0.0, '243641585': -0.04464286, '243749571': -4.0, '30503246': 0.0, '30624898': -4.0, '32564122': -0.11160714, '89127267': -0.09821428, '89173763': -0.45535713, '89173808': 0.0, 'cluster_1427494838_273472399': 0.0, 'cluster_1757124350_1757124352': 0.0, 'cluster_1863241547_1863241548_1976170214': -0.16964285, 'cluster_306484187_cluster_1200363791_1200363826_1200363834_1200363898_1200363927_1200363938_1200363947_1200364074_1200364103_1507566554_1507566556_255882157_306484190': 0.0, 'gneJ143': -0.24107143, 'gneJ207': -1.8794643, 'gneJ208': 0.0, 'gneJ210': 0.0, 'gneJ255': 0.0, 'gneJ257': -0.08928572}, {'1863241632': 1, '2330725114': 2, '243351999': 0, '243641585': 1, '243749571': 20, '30503246': 0, '30624898': 16, '32564122': 1, '89127267': 1, '89173763': 2, '89173808': 0, 'cluster_1427494838_273472399': 0, 'cluster_1757124350_1757124352': 0, 'cluster_1863241547_1863241548_1976170214': 2, 'cluster_306484187_cluster_1200363791_1200363826_1200363834_1200363898_1200363927_1200363938_1200363947_1200364074_1200364103_1507566554_1507566556_255882157_306484190': 0, 'gneJ143': 5, 'gneJ207': 10, 'gneJ208': 0, 'gneJ210': 0, 'gneJ255': 0, 'gneJ257': 3}, {'1863241632': 1, '2330725114': 2, '243351999': 0, '243641585': 2, '243749571': 42, '30503246': 0, '30624898': 29, '32564122': 1, '89127267': 1, '89173763': 2, '89173808': 0, 'cluster_1427494838_273472399': 0, 'cluster_1757124350_1757124352': 0, 'cluster_1863241547_1863241548_1976170214': 3, 'cluster_306484187_cluster_1200363791_1200363826_1200363834_1200363898_1200363927_1200363938_1200363947_1200364074_1200364103_1507566554_1507566556_255882157_306484190': 0, 'gneJ143': 7, 'gneJ207': 12, 'gneJ208': 0, 'gneJ210': 0, 'gneJ255': 0, 'gneJ257': 5}, 
58740.0, {'1863241632': -0.09821428, '2330725114': -0.15178572, '243351999': 0.0, '243641585': -0.08035714, '243749571': -4.0, '30503246': 0.0, '30624898': -4.0, '32564122': -0.15625, '89127267': -0.14285715, '89173763': -0.54464287, '89173808': 0.0, 'cluster_1427494838_273472399': 0.0, 'cluster_1757124350_1757124352': 0.0, 'cluster_1863241547_1863241548_1976170214': -0.23660715, 'cluster_306484187_cluster_1200363791_1200363826_1200363834_1200363898_1200363927_1200363938_1200363947_1200364074_1200364103_1507566554_1507566556_255882157_306484190': 0.0, 'gneJ143': -0.5625, 'gneJ207': -1.8303572, 'gneJ208': 0.0, 'gneJ210': 0.0, 'gneJ255': 0.0, 'gneJ257': -0.18303572}, {'1863241632': 1, '2330725114': 2, '243351999': 0, '243641585': 2, '243749571': 20, '30503246': 0, '30624898': 16, '32564122': 1, '89127267': 1, '89173763': 2, '89173808': 0, 'cluster_1427494838_273472399': 0, 'cluster_1757124350_1757124352': 0, 'cluster_1863241547_1863241548_1976170214': 1, 'cluster_306484187_cluster_1200363791_1200363826_1200363834_1200363898_1200363927_1200363938_1200363947_1200364074_1200364103_1507566554_1507566556_255882157_306484190': 0, 'gneJ143': 4, 'gneJ207': 10, 'gneJ208': 0, 'gneJ210': 0, 'gneJ255': 0, 'gneJ257': 2}, {'1863241632': 2, '2330725114': 2, '243351999': 0, '243641585': 3, '243749571': 42, '30503246': 0, '30624898': 33, '32564122': 1, '89127267': 1, '89173763': 2, '89173808': 0, 'cluster_1427494838_273472399': 0, 'cluster_1757124350_1757124352': 0, 'cluster_1863241547_1863241548_1976170214': 3, 'cluster_306484187_cluster_1200363791_1200363826_1200363834_1200363898_1200363927_1200363938_1200363947_1200364074_1200364103_1507566554_1507566556_255882157_306484190': 0, 'gneJ143': 9, 'gneJ207': 11, 'gneJ208': 0, 'gneJ210': 0, 'gneJ255': 0, 'gneJ257': 4}, 
58750.0, {'1863241632': -0.1875, '2330725114': 0.0, '243351999': 0.0, '243641585': -0.04017857, '243749571': -4.0, '30503246': 0.0, '30624898': -4.0, '32564122': -0.20089285, '89127267': 0.0, '89173763': -0.6339286, '89173808': 0.0, 'cluster_1427494838_273472399': -0.071428575, 'cluster_1757124350_1757124352': 0.0, 'cluster_1863241547_1863241548_1976170214': -0.27232143, 'cluster_306484187_cluster_1200363791_1200363826_1200363834_1200363898_1200363927_1200363938_1200363947_1200364074_1200364103_1507566554_1507566556_255882157_306484190': 0.0, 'gneJ143': -0.82589287, 'gneJ207': -2.044643, 'gneJ208': 0.0, 'gneJ210': -0.04017857, 'gneJ255': -0.013392857, 'gneJ257': -0.3080357}, {'1863241632': 1, '2330725114': 0, '243351999': 0, '243641585': 1, '243749571': 20, '30503246': 0, '30624898': 16, '32564122': 1, '89127267': 0, '89173763': 2, '89173808': 0, 'cluster_1427494838_273472399': 2, 'cluster_1757124350_1757124352': 0, 'cluster_1863241547_1863241548_1976170214': 1, 'cluster_306484187_cluster_1200363791_1200363826_1200363834_1200363898_1200363927_1200363938_1200363947_1200364074_1200364103_1507566554_1507566556_255882157_306484190': 0, 'gneJ143': 3, 'gneJ207': 8, 'gneJ208': 0, 'gneJ210': 1, 'gneJ255': 1, 'gneJ257': 2}, {'1863241632': 2, '2330725114': 0, '243351999': 0, '243641585': 1, '243749571': 44, '30503246': 0, '30624898': 33, '32564122': 1, '89127267': 0, '89173763': 2, '89173808': 0, 'cluster_1427494838_273472399': 4, 'cluster_1757124350_1757124352': 0, 'cluster_1863241547_1863241548_1976170214': 3, 'cluster_306484187_cluster_1200363791_1200363826_1200363834_1200363898_1200363927_1200363938_1200363947_1200364074_1200364103_1507566554_1507566556_255882157_306484190': 0, 'gneJ143': 8, 'gneJ207': 8, 'gneJ208': 0, 'gneJ210': 1, 'gneJ255': 1, 'gneJ257': 3}, 
58760.0, {'1863241632': -0.2767857, '2330725114': -0.10714286, '243351999': -0.04017857, '243641585': -0.084821425, '243749571': -4.0, '30503246': 0.0, '30624898': -4.0, '32564122': -0.0625, '89127267': -0.026785715, '89173763': -0.34375, '89173808': 0.0, 'cluster_1427494838_273472399': -0.15178572, 'cluster_1757124350_1757124352': 0.0, 'cluster_1863241547_1863241548_1976170214': -0.36160713, 'cluster_306484187_cluster_1200363791_1200363826_1200363834_1200363898_1200363927_1200363938_1200363947_1200364074_1200364103_1507566554_1507566556_255882157_306484190': 0.0, 'gneJ143': -1.0089285, 'gneJ207': -1.7008928, 'gneJ208': 0.0, 'gneJ210': -0.116071425, 'gneJ255': -0.084821425, 'gneJ257': -0.008928572}, {'1863241632': 1, '2330725114': 4, '243351999': 1, '243641585': 1, '243749571': 20, '30503246': 0, '30624898': 16, '32564122': 2, '89127267': 1, '89173763': 1, '89173808': 0, 'cluster_1427494838_273472399': 2, 'cluster_1757124350_1757124352': 0, 'cluster_1863241547_1863241548_1976170214': 1, 'cluster_306484187_cluster_1200363791_1200363826_1200363834_1200363898_1200363927_1200363938_1200363947_1200364074_1200364103_1507566554_1507566556_255882157_306484190': 0, 'gneJ143': 3, 'gneJ207': 6, 'gneJ208': 0, 'gneJ210': 2, 'gneJ255': 2, 'gneJ257': 1}, {'1863241632': 2, '2330725114': 5, '243351999': 1, '243641585': 1, '243749571': 43, '30503246': 0, '30624898': 35, '32564122': 2, '89127267': 1, '89173763': 2, '89173808': 0, 'cluster_1427494838_273472399': 4, 'cluster_1757124350_1757124352': 0, 'cluster_1863241547_1863241548_1976170214': 3, 'cluster_306484187_cluster_1200363791_1200363826_1200363834_1200363898_1200363927_1200363938_1200363947_1200364074_1200364103_1507566554_1507566556_255882157_306484190': 0, 'gneJ143': 7, 'gneJ207': 8, 'gneJ208': 0, 'gneJ210': 3, 'gneJ255': 2, 'gneJ257': 1}, 
58770.0, {'1863241632': 0.0, '2330725114': -0.11160714, '243351999': -0.084821425, '243641585': 0.0, '243749571': -4.0, '30503246': 0.0, '30624898': -4.0, '32564122': -0.16964285, '89127267': -0.08928572, '89173763': -0.058035713, '89173808': 0.0, 'cluster_1427494838_273472399': 0.0, 'cluster_1757124350_1757124352': 0.0, 'cluster_1863241547_1863241548_1976170214': -0.5, 'cluster_306484187_cluster_1200363791_1200363826_1200363834_1200363898_1200363927_1200363938_1200363947_1200364074_1200364103_1507566554_1507566556_255882157_306484190': 0.0, 'gneJ143': -0.20089285, 'gneJ207': -1.1651785, 'gneJ208': 0.0, 'gneJ210': 0.0, 'gneJ255': -0.20535715, 'gneJ257': -0.071428575}, {'1863241632': 0, '2330725114': 4, '243351999': 1, '243641585': 0, '243749571': 20, '30503246': 0, '30624898': 16, '32564122': 3, '89127267': 1, '89173763': 1, '89173808': 0, 'cluster_1427494838_273472399': 0, 'cluster_1757124350_1757124352': 0, 'cluster_1863241547_1863241548_1976170214': 1, 'cluster_306484187_cluster_1200363791_1200363826_1200363834_1200363898_1200363927_1200363938_1200363947_1200364074_1200364103_1507566554_1507566556_255882157_306484190': 0, 'gneJ143': 2, 'gneJ207': 4, 'gneJ208': 0, 'gneJ210': 0, 'gneJ255': 3, 'gneJ257': 2}, {'1863241632': 0, '2330725114': 4, '243351999': 1, '243641585': 0, '243749571': 43, '30503246': 0, '30624898': 41, '32564122': 3, '89127267': 2, '89173763': 1, '89173808': 0, 'cluster_1427494838_273472399': 0, 'cluster_1757124350_1757124352': 0, 'cluster_1863241547_1863241548_1976170214': 5, 'cluster_306484187_cluster_1200363791_1200363826_1200363834_1200363898_1200363927_1200363938_1200363947_1200364074_1200364103_1507566554_1507566556_255882157_306484190': 0, 'gneJ143': 2, 'gneJ207': 5, 'gneJ208': 0, 'gneJ210': 0, 'gneJ255': 3, 'gneJ257': 2}, 
58780.0, {'1863241632': 0.0, '2330725114': -0.12053572, '243351999': 0.0, '243641585': -0.07589286, '243749571': -4.0, '30503246': 0.0, '30624898': -4.0, '32564122': 0.0, '89127267': -0.20982143, '89173763': -0.102678575, '89173808': 0.0, 'cluster_1427494838_273472399': 0.0, 'cluster_1757124350_1757124352': 0.0, 'cluster_1863241547_1863241548_1976170214': -0.0625, 'cluster_306484187_cluster_1200363791_1200363826_1200363834_1200363898_1200363927_1200363938_1200363947_1200364074_1200364103_1507566554_1507566556_255882157_306484190': 0.0, 'gneJ143': -0.004464286, 'gneJ207': -0.24553572, 'gneJ208': 0.0, 'gneJ210': 0.0, 'gneJ255': 0.0, 'gneJ257': -0.18303572}, {'1863241632': 0, '2330725114': 2, '243351999': 0, '243641585': 1, '243749571': 20, '30503246': 0, '30624898': 16, '32564122': 0, '89127267': 2, '89173763': 1, '89173808': 0, 'cluster_1427494838_273472399': 0, 'cluster_1757124350_1757124352': 0, 'cluster_1863241547_1863241548_1976170214': 1, 'cluster_306484187_cluster_1200363791_1200363826_1200363834_1200363898_1200363927_1200363938_1200363947_1200364074_1200364103_1507566554_1507566556_255882157_306484190': 0, 'gneJ143': 1, 'gneJ207': 1, 'gneJ208': 0, 'gneJ210': 0, 'gneJ255': 0, 'gneJ257': 3}, {'1863241632': 0, '2330725114': 2, '243351999': 0, '243641585': 3, '243749571': 43, '30503246': 0, '30624898': 40, '32564122': 0, '89127267': 3, '89173763': 1, '89173808': 0, 'cluster_1427494838_273472399': 0, 'cluster_1757124350_1757124352': 0, 'cluster_1863241547_1863241548_1976170214': 1, 'cluster_306484187_cluster_1200363791_1200363826_1200363834_1200363898_1200363927_1200363938_1200363947_1200364074_1200364103_1507566554_1507566556_255882157_306484190': 0, 'gneJ143': 1, 'gneJ207': 2, 'gneJ208': 0, 'gneJ210': 0, 'gneJ255': 0, 'gneJ257': 3}, 
58790.0, {'1863241632': 0.0, '2330725114': 0.0, '243351999': 0.0, '243641585': -0.13839285, '243749571': -4.0, '30503246': 0.0, '30624898': -4.0, '32564122': 0.0, '89127267': 0.0, '89173763': -0.27232143, '89173808': 0.0, 'cluster_1427494838_273472399': 0.0, 'cluster_1757124350_1757124352': -0.04464286, 'cluster_1863241547_1863241548_1976170214': -0.116071425, 'cluster_306484187_cluster_1200363791_1200363826_1200363834_1200363898_1200363927_1200363938_1200363947_1200364074_1200364103_1507566554_1507566556_255882157_306484190': 0.0, 'gneJ143': -0.035714287, 'gneJ207': -0.09375, 'gneJ208': -0.017857144, 'gneJ210': 0.0, 'gneJ255': -0.03125, 'gneJ257': -0.32142857}, {'1863241632': 0, '2330725114': 0, '243351999': 0, '243641585': 2, '243749571': 20, '30503246': 0, '30624898': 16, '32564122': 0, '89127267': 0, '89173763': 3, '89173808': 0, 'cluster_1427494838_273472399': 0, 'cluster_1757124350_1757124352': 1, 'cluster_1863241547_1863241548_1976170214': 1, 'cluster_306484187_cluster_1200363791_1200363826_1200363834_1200363898_1200363927_1200363938_1200363947_1200364074_1200364103_1507566554_1507566556_255882157_306484190': 0, 'gneJ143': 3, 'gneJ207': 1, 'gneJ208': 1, 'gneJ210': 0, 'gneJ255': 1, 'gneJ257': 3}, {'1863241632': 0, '2330725114': 0, '243351999': 0, '243641585': 3, '243749571': 43, '30503246': 0, '30624898': 39, '32564122': 0, '89127267': 0, '89173763': 7, '89173808': 0, 'cluster_1427494838_273472399': 0, 'cluster_1757124350_1757124352': 1, 'cluster_1863241547_1863241548_1976170214': 2, 'cluster_306484187_cluster_1200363791_1200363826_1200363834_1200363898_1200363927_1200363938_1200363947_1200364074_1200364103_1507566554_1507566556_255882157_306484190': 0, 'gneJ143': 3, 'gneJ207': 1, 'gneJ208': 1, 'gneJ210': 0, 'gneJ255': 1, 'gneJ257': 4}, 
58800.0, {'1863241632': 0.0, '2330725114': -0.04017857, '243351999': 0.0, '243641585': -0.3080357, '243749571': -4.0, '30503246': 0.0, '30624898': -4.0, '32564122': -0.004464286, '89127267': -0.071428575, '89173763': -0.6785714, '89173808': -0.017857144, 'cluster_1427494838_273472399': 0.0, 'cluster_1757124350_1757124352': 0.0, 'cluster_1863241547_1863241548_1976170214': -0.26785713, 'cluster_306484187_cluster_1200363791_1200363826_1200363834_1200363898_1200363927_1200363938_1200363947_1200364074_1200364103_1507566554_1507566556_255882157_306484190': 0.0, 'gneJ143': -0.2544643, 'gneJ207': -0.13839285, 'gneJ208': -0.0625, 'gneJ210': -0.04464286, 'gneJ255': -0.15625, 'gneJ257': -0.53571427}, {'1863241632': 0, '2330725114': 1, '243351999': 0, '243641585': 2, '243749571': 20, '30503246': 0, '30624898': 16, '32564122': 1, '89127267': 1, '89173763': 7, '89173808': 1, 'cluster_1427494838_273472399': 0, 'cluster_1757124350_1757124352': 0, 'cluster_1863241547_1863241548_1976170214': 1, 'cluster_306484187_cluster_1200363791_1200363826_1200363834_1200363898_1200363927_1200363938_1200363947_1200364074_1200364103_1507566554_1507566556_255882157_306484190': 0, 'gneJ143': 5, 'gneJ207': 1, 'gneJ208': 1, 'gneJ210': 1, 'gneJ255': 1, 'gneJ257': 3}, {'1863241632': 0, '2330725114': 1, '243351999': 0, '243641585': 4, '243749571': 43, '30503246': 0, '30624898': 38, '32564122': 1, '89127267': 2, '89173763': 11, '89173808': 1, 'cluster_1427494838_273472399': 0, 'cluster_1757124350_1757124352': 0, 'cluster_1863241547_1863241548_1976170214': 4, 'cluster_306484187_cluster_1200363791_1200363826_1200363834_1200363898_1200363927_1200363938_1200363947_1200364074_1200364103_1507566554_1507566556_255882157_306484190': 0, 'gneJ143': 5, 'gneJ207': 1, 'gneJ208': 1, 'gneJ210': 2, 'gneJ255': 4, 'gneJ257': 5}, 
58810.0, {'1863241632': 0.0, '2330725114': -0.035714287, '243351999': 0.0, '243641585': -0.52678573, '243749571': -4.0, '30503246': 0.0, '30624898': -4.0, '32564122': 0.0, '89127267': -0.084821425, '89173763': -1.0580357, '89173808': -0.0625, 'cluster_1427494838_273472399': 0.0, 'cluster_1757124350_1757124352': 0.0, 'cluster_1863241547_1863241548_1976170214': -0.17410715, 'cluster_306484187_cluster_1200363791_1200363826_1200363834_1200363898_1200363927_1200363938_1200363947_1200364074_1200364103_1507566554_1507566556_255882157_306484190': 0.0, 'gneJ143': -0.47767857, 'gneJ207': -0.116071425, 'gneJ208': 0.0, 'gneJ210': 0.0, 'gneJ255': -0.026785715, 'gneJ257': 0.0}, {'1863241632': 0, '2330725114': 2, '243351999': 0, '243641585': 3, '243749571': 20, '30503246': 0, '30624898': 16, '32564122': 0, '89127267': 1, '89173763': 7, '89173808': 1, 'cluster_1427494838_273472399': 0, 'cluster_1757124350_1757124352': 0, 'cluster_1863241547_1863241548_1976170214': 1, 'cluster_306484187_cluster_1200363791_1200363826_1200363834_1200363898_1200363927_1200363938_1200363947_1200364074_1200364103_1507566554_1507566556_255882157_306484190': 0, 'gneJ143': 5, 'gneJ207': 5, 'gneJ208': 0, 'gneJ210': 0, 'gneJ255': 1, 'gneJ257': 0}, {'1863241632': 0, '2330725114': 3, '243351999': 0, '243641585': 7, '243749571': 43, '30503246': 0, '30624898': 37, '32564122': 0, '89127267': 2, '89173763': 11, '89173808': 1, 'cluster_1427494838_273472399': 0, 'cluster_1757124350_1757124352': 0, 'cluster_1863241547_1863241548_1976170214': 3, 'cluster_306484187_cluster_1200363791_1200363826_1200363834_1200363898_1200363927_1200363938_1200363947_1200364074_1200364103_1507566554_1507566556_255882157_306484190': 0, 'gneJ143': 5, 'gneJ207': 5, 'gneJ208': 0, 'gneJ210': 0, 'gneJ255': 1, 'gneJ257': 0}, 
58820.0, {'1863241632': -0.04017857, '2330725114': 0.0, '243351999': 0.0, '243641585': -0.8839286, '243749571': -4.0, '30503246': 0.0, '30624898': -4.0, '32564122': 0.0, '89127267': -0.17410715, '89173763': -1.5982143, '89173808': 0.0, 'cluster_1427494838_273472399': -0.013392857, 'cluster_1757124350_1757124352': 0.0, 'cluster_1863241547_1863241548_1976170214': -0.3482143, 'cluster_306484187_cluster_1200363791_1200363826_1200363834_1200363898_1200363927_1200363938_1200363947_1200364074_1200364103_1507566554_1507566556_255882157_306484190': 0.0, 'gneJ143': -0.75, 'gneJ207': -0.1875, 'gneJ208': 0.0, 'gneJ210': 0.0, 'gneJ255': -0.09375, 'gneJ257': -0.026785715}, {'1863241632': 1, '2330725114': 0, '243351999': 0, '243641585': 4, '243749571': 20, '30503246': 0, '30624898': 16, '32564122': 0, '89127267': 1, '89173763': 8, '89173808': 0, 'cluster_1427494838_273472399': 1, 'cluster_1757124350_1757124352': 0, 'cluster_1863241547_1863241548_1976170214': 1, 'cluster_306484187_cluster_1200363791_1200363826_1200363834_1200363898_1200363927_1200363938_1200363947_1200364074_1200364103_1507566554_1507566556_255882157_306484190': 0, 'gneJ143': 5, 'gneJ207': 3, 'gneJ208': 0, 'gneJ210': 0, 'gneJ255': 3, 'gneJ257': 1}, {'1863241632': 1, '2330725114': 0, '243351999': 0, '243641585': 8, '243749571': 43, '30503246': 0, '30624898': 35, '32564122': 0, '89127267': 2, '89173763': 13, '89173808': 0, 'cluster_1427494838_273472399': 1, 'cluster_1757124350_1757124352': 0, 'cluster_1863241547_1863241548_1976170214': 5, 'cluster_306484187_cluster_1200363791_1200363826_1200363834_1200363898_1200363927_1200363938_1200363947_1200364074_1200364103_1507566554_1507566556_255882157_306484190': 0, 'gneJ143': 7, 'gneJ207': 3, 'gneJ208': 0, 'gneJ210': 0, 'gneJ255': 3, 'gneJ257': 1}, 
58830.0, {'1863241632': 0.0, '2330725114': -0.013392857, '243351999': 0.0, '243641585': -0.45535713, '243749571': -4.0, '30503246': 0.0, '30624898': -4.0, '32564122': 0.0, '89127267': 0.0, '89173763': -2.2276785, '89173808': 0.0, 'cluster_1427494838_273472399': 0.0, 'cluster_1757124350_1757124352': 0.0, 'cluster_1863241547_1863241548_1976170214': -0.4419643, 'cluster_306484187_cluster_1200363791_1200363826_1200363834_1200363898_1200363927_1200363938_1200363947_1200364074_1200364103_1507566554_1507566556_255882157_306484190': 0.0, 'gneJ143': -0.49107143, 'gneJ207': -0.102678575, 'gneJ208': 0.0, 'gneJ210': -0.08035714, 'gneJ255': 0.0, 'gneJ257': 0.0}, {'1863241632': 0, '2330725114': 1, '243351999': 0, '243641585': 4, '243749571': 20, '30503246': 0, '30624898': 16, '32564122': 0, '89127267': 0, '89173763': 9, '89173808': 0, 'cluster_1427494838_273472399': 0, 'cluster_1757124350_1757124352': 0, 'cluster_1863241547_1863241548_1976170214': 1, 'cluster_306484187_cluster_1200363791_1200363826_1200363834_1200363898_1200363927_1200363938_1200363947_1200364074_1200364103_1507566554_1507566556_255882157_306484190': 0, 'gneJ143': 2, 'gneJ207': 1, 'gneJ208': 0, 'gneJ210': 1, 'gneJ255': 0, 'gneJ257': 0}, {'1863241632': 0, '2330725114': 1, '243351999': 0, '243641585': 4, '243749571': 45, '30503246': 0, '30624898': 34, '32564122': 0, '89127267': 0, '89173763': 15, '89173808': 0, 'cluster_1427494838_273472399': 0, 'cluster_1757124350_1757124352': 0, 'cluster_1863241547_1863241548_1976170214': 3, 'cluster_306484187_cluster_1200363791_1200363826_1200363834_1200363898_1200363927_1200363938_1200363947_1200364074_1200364103_1507566554_1507566556_255882157_306484190': 0, 'gneJ143': 4, 'gneJ207': 1, 'gneJ208': 0, 'gneJ210': 2, 'gneJ255': 0, 'gneJ257': 0}, 
58840.0, {'1863241632': 0.0, '2330725114': -0.14732143, '243351999': 0.0, '243641585': -0.6785714, '243749571': -4.0, '30503246': -0.04910714, '30624898': -4.0, '32564122': -0.03125, '89127267': 0.0, '89173763': -2.8973215, '89173808': 0.0, 'cluster_1427494838_273472399': 0.0, 'cluster_1757124350_1757124352': -0.02232143, 'cluster_1863241547_1863241548_1976170214': -0.02232143, 'cluster_306484187_cluster_1200363791_1200363826_1200363834_1200363898_1200363927_1200363938_1200363947_1200364074_1200364103_1507566554_1507566556_255882157_306484190': 0.0, 'gneJ143': -0.53571427, 'gneJ207': -0.04464286, 'gneJ208': 0.0, 'gneJ210': 0.0, 'gneJ255': -0.058035713, 'gneJ257': -0.017857144}, {'1863241632': 0, '2330725114': 4, '243351999': 0, '243641585': 4, '243749571': 20, '30503246': 2, '30624898': 16, '32564122': 1, '89127267': 0, '89173763': 9, '89173808': 0, 'cluster_1427494838_273472399': 0, 'cluster_1757124350_1757124352': 1, 'cluster_1863241547_1863241548_1976170214': 1, 'cluster_306484187_cluster_1200363791_1200363826_1200363834_1200363898_1200363927_1200363938_1200363947_1200364074_1200364103_1507566554_1507566556_255882157_306484190': 0, 'gneJ143': 3, 'gneJ207': 1, 'gneJ208': 0, 'gneJ210': 0, 'gneJ255': 3, 'gneJ257': 2}, {'1863241632': 0, '2330725114': 4, '243351999': 0, '243641585': 6, '243749571': 45, '30503246': 3, '30624898': 35, '32564122': 1, '89127267': 0, '89173763': 15, '89173808': 0, 'cluster_1427494838_273472399': 0, 'cluster_1757124350_1757124352': 1, 'cluster_1863241547_1863241548_1976170214': 1, 'cluster_306484187_cluster_1200363791_1200363826_1200363834_1200363898_1200363927_1200363938_1200363947_1200364074_1200364103_1507566554_1507566556_255882157_306484190': 0, 'gneJ143': 7, 'gneJ207': 1, 'gneJ208': 0, 'gneJ210': 0, 'gneJ255': 4, 'gneJ257': 2}, 
58850.0, {'1863241632': 0.0, '2330725114': -0.4375, '243351999': 0.0, '243641585': -1.0357143, '243749571': -4.0, '30503246': 0.0, '30624898': -4.0, '32564122': -0.017857144, '89127267': -0.013392857, '89173763': -3.6026785, '89173808': 0.0, 'cluster_1427494838_273472399': -0.02232143, 'cluster_1757124350_1757124352': -0.004464286, 'cluster_1863241547_1863241548_1976170214': -0.08928572, 'cluster_306484187_cluster_1200363791_1200363826_1200363834_1200363898_1200363927_1200363938_1200363947_1200364074_1200364103_1507566554_1507566556_255882157_306484190': 0.0, 'gneJ143': -0.12053572, 'gneJ207': -0.09375, 'gneJ208': -0.04464286, 'gneJ210': -0.02232143, 'gneJ255': -0.1875, 'gneJ257': -0.14732143}, {'1863241632': 0, '2330725114': 8, '243351999': 0, '243641585': 4, '243749571': 20, '30503246': 0, '30624898': 16, '32564122': 1, '89127267': 1, '89173763': 9, '89173808': 0, 'cluster_1427494838_273472399': 1, 'cluster_1757124350_1757124352': 1, 'cluster_1863241547_1863241548_1976170214': 1, 'cluster_306484187_cluster_1200363791_1200363826_1200363834_1200363898_1200363927_1200363938_1200363947_1200364074_1200364103_1507566554_1507566556_255882157_306484190': 0, 'gneJ143': 2, 'gneJ207': 3, 'gneJ208': 2, 'gneJ210': 1, 'gneJ255': 4, 'gneJ257': 3}, {'1863241632': 0, '2330725114': 9, '243351999': 0, '243641585': 9, '243749571': 45, '30503246': 0, '30624898': 35, '32564122': 1, '89127267': 1, '89173763': 17, '89173808': 0, 'cluster_1427494838_273472399': 1, 'cluster_1757124350_1757124352': 1, 'cluster_1863241547_1863241548_1976170214': 2, 'cluster_306484187_cluster_1200363791_1200363826_1200363834_1200363898_1200363927_1200363938_1200363947_1200364074_1200364103_1507566554_1507566556_255882157_306484190': 0, 'gneJ143': 2, 'gneJ207': 4, 'gneJ208': 2, 'gneJ210': 1, 'gneJ255': 4, 'gneJ257': 3}, 
58860.0, {'1863241632': -0.04017857, '2330725114': -0.45982143, '243351999': 0.0, '243641585': -1.4866072, '243749571': -4.0, '30503246': 0.0, '30624898': -4.0, '32564122': -0.0625, '89127267': -0.07589286, '89173763': -4.0, '89173808': -0.035714287, 'cluster_1427494838_273472399': -0.04464286, 'cluster_1757124350_1757124352': -0.06696428, 'cluster_1863241547_1863241548_1976170214': -0.17857143, 'cluster_306484187_cluster_1200363791_1200363826_1200363834_1200363898_1200363927_1200363938_1200363947_1200364074_1200364103_1507566554_1507566556_255882157_306484190': 0.0, 'gneJ143': -0.20982143, 'gneJ207': 0.0, 'gneJ208': -0.13392857, 'gneJ210': -0.07589286, 'gneJ255': -0.25892857, 'gneJ257': -0.28125}, {'1863241632': 2, '2330725114': 8, '243351999': 0, '243641585': 4, '243749571': 20, '30503246': 0, '30624898': 16, '32564122': 1, '89127267': 2, '89173763': 9, '89173808': 1, 'cluster_1427494838_273472399': 1, 'cluster_1757124350_1757124352': 2, 'cluster_1863241547_1863241548_1976170214': 1, 'cluster_306484187_cluster_1200363791_1200363826_1200363834_1200363898_1200363927_1200363938_1200363947_1200364074_1200364103_1507566554_1507566556_255882157_306484190': 0, 'gneJ143': 2, 'gneJ207': 0, 'gneJ208': 2, 'gneJ210': 1, 'gneJ255': 3, 'gneJ257': 3}, {'1863241632': 2, '2330725114': 8, '243351999': 0, '243641585': 12, '243749571': 45, '30503246': 0, '30624898': 41, '32564122': 1, '89127267': 2, '89173763': 18, '89173808': 1, 'cluster_1427494838_273472399': 2, 'cluster_1757124350_1757124352': 2, 'cluster_1863241547_1863241548_1976170214': 2, 'cluster_306484187_cluster_1200363791_1200363826_1200363834_1200363898_1200363927_1200363938_1200363947_1200364074_1200364103_1507566554_1507566556_255882157_306484190': 0, 'gneJ143': 2, 'gneJ207': 0, 'gneJ208': 2, 'gneJ210': 2, 'gneJ255': 3, 'gneJ257': 3}, 
58870.0, {'1863241632': -0.12946428, '2330725114': -0.3169643, '243351999': 0.0, '243641585': -2.107143, '243749571': -4.0, '30503246': 0.0, '30624898': -4.0, '32564122': -0.04017857, '89127267': -0.16517857, '89173763': -4.0, '89173808': 0.0, 'cluster_1427494838_273472399': -0.14285715, 'cluster_1757124350_1757124352': 0.0, 'cluster_1863241547_1863241548_1976170214': -0.15625, 'cluster_306484187_cluster_1200363791_1200363826_1200363834_1200363898_1200363927_1200363938_1200363947_1200364074_1200364103_1507566554_1507566556_255882157_306484190': -0.02232143, 'gneJ143': -0.026785715, 'gneJ207': -0.04910714, 'gneJ208': -0.22321428, 'gneJ210': -0.16517857, 'gneJ255': -0.4017857, 'gneJ257': -0.058035713}, {'1863241632': 2, '2330725114': 4, '243351999': 0, '243641585': 5, '243749571': 20, '30503246': 0, '30624898': 16, '32564122': 1, '89127267': 2, '89173763': 10, '89173808': 0, 'cluster_1427494838_273472399': 2, 'cluster_1757124350_1757124352': 0, 'cluster_1863241547_1863241548_1976170214': 1, 'cluster_306484187_cluster_1200363791_1200363826_1200363834_1200363898_1200363927_1200363938_1200363947_1200364074_1200364103_1507566554_1507566556_255882157_306484190': 1, 'gneJ143': 1, 'gneJ207': 2, 'gneJ208': 2, 'gneJ210': 1, 'gneJ255': 4, 'gneJ257': 2}, {'1863241632': 2, '2330725114': 5, '243351999': 0, '243641585': 15, '243749571': 45, '30503246': 0, '30624898': 39, '32564122': 2, '89127267': 2, '89173763': 23, '89173808': 0, 'cluster_1427494838_273472399': 4, 'cluster_1757124350_1757124352': 0, 'cluster_1863241547_1863241548_1976170214': 1, 'cluster_306484187_cluster_1200363791_1200363826_1200363834_1200363898_1200363927_1200363938_1200363947_1200364074_1200364103_1507566554_1507566556_255882157_306484190': 1, 'gneJ143': 1, 'gneJ207': 2, 'gneJ208': 2, 'gneJ210': 2, 'gneJ255': 4, 'gneJ257': 4}, 
58880.0, {'1863241632': 0.0, '2330725114': -0.09821428, '243351999': 0.0, '243641585': -1.4866072, '243749571': -4.0, '30503246': -0.017857144, '30624898': -4.0, '32564122': -0.12946428, '89127267': 0.0, '89173763': -3.3705356, '89173808': -0.004464286, 'cluster_1427494838_273472399': 0.0, 'cluster_1757124350_1757124352': 0.0, 'cluster_1863241547_1863241548_1976170214': -0.20089285, 'cluster_306484187_cluster_1200363791_1200363826_1200363834_1200363898_1200363927_1200363938_1200363947_1200364074_1200364103_1507566554_1507566556_255882157_306484190': -0.017857144, 'gneJ143': -0.125, 'gneJ207': -0.071428575, 'gneJ208': -0.39285713, 'gneJ210': 0.0, 'gneJ255': -0.41517857, 'gneJ257': -0.13839285}, {'1863241632': 0, '2330725114': 1, '243351999': 0, '243641585': 5, '243749571': 20, '30503246': 1, '30624898': 16, '32564122': 1, '89127267': 0, '89173763': 10, '89173808': 1, 'cluster_1427494838_273472399': 0, 'cluster_1757124350_1757124352': 0, 'cluster_1863241547_1863241548_1976170214': 1, 'cluster_306484187_cluster_1200363791_1200363826_1200363834_1200363898_1200363927_1200363938_1200363947_1200364074_1200364103_1507566554_1507566556_255882157_306484190': 1, 'gneJ143': 1, 'gneJ207': 3, 'gneJ208': 4, 'gneJ210': 0, 'gneJ255': 3, 'gneJ257': 2}, {'1863241632': 0, '2330725114': 1, '243351999': 0, '243641585': 12, '243749571': 45, '30503246': 1, '30624898': 38, '32564122': 2, '89127267': 0, '89173763': 19, '89173808': 1, 'cluster_1427494838_273472399': 0, 'cluster_1757124350_1757124352': 0, 'cluster_1863241547_1863241548_1976170214': 1, 'cluster_306484187_cluster_1200363791_1200363826_1200363834_1200363898_1200363927_1200363938_1200363947_1200364074_1200364103_1507566554_1507566556_255882157_306484190': 1, 'gneJ143': 4, 'gneJ207': 4, 'gneJ208': 4, 'gneJ210': 0, 'gneJ255': 4, 'gneJ257': 5}, 
58890.0, {'1863241632': -0.017857144, '2330725114': 0.0, '243351999': 0.0, '243641585': -2.075893, '243749571': -4.0, '30503246': 0.0, '30624898': -4.0, '32564122': 0.0, '89127267': -0.004464286, '89173763': -1.1071428, '89173808': 0.0, 'cluster_1427494838_273472399': 0.0, 'cluster_1757124350_1757124352': 0.0, 'cluster_1863241547_1863241548_1976170214': -0.24553572, 'cluster_306484187_cluster_1200363791_1200363826_1200363834_1200363898_1200363927_1200363938_1200363947_1200364074_1200364103_1507566554_1507566556_255882157_306484190': 0.0, 'gneJ143': 0.0, 'gneJ207': -0.3080357, 'gneJ208': -0.5714286, 'gneJ210': -0.026785715, 'gneJ255': -0.084821425, 'gneJ257': -0.3125}, {'1863241632': 1, '2330725114': 0, '243351999': 0, '243641585': 6, '243749571': 20, '30503246': 0, '30624898': 16, '32564122': 0, '89127267': 1, '89173763': 5, '89173808': 0, 'cluster_1427494838_273472399': 0, 'cluster_1757124350_1757124352': 0, 'cluster_1863241547_1863241548_1976170214': 1, 'cluster_306484187_cluster_1200363791_1200363826_1200363834_1200363898_1200363927_1200363938_1200363947_1200364074_1200364103_1507566554_1507566556_255882157_306484190': 0, 'gneJ143': 0, 'gneJ207': 3, 'gneJ208': 4, 'gneJ210': 1, 'gneJ255': 1, 'gneJ257': 3}, {'1863241632': 1, '2330725114': 0, '243351999': 0, '243641585': 15, '243749571': 45, '30503246': 0, '30624898': 36, '32564122': 0, '89127267': 1, '89173763': 9, '89173808': 0, 'cluster_1427494838_273472399': 0, 'cluster_1757124350_1757124352': 0, 'cluster_1863241547_1863241548_1976170214': 1, 'cluster_306484187_cluster_1200363791_1200363826_1200363834_1200363898_1200363927_1200363938_1200363947_1200364074_1200364103_1507566554_1507566556_255882157_306484190': 0, 'gneJ143': 0, 'gneJ207': 6, 'gneJ208': 4, 'gneJ210': 1, 'gneJ255': 2, 'gneJ257': 5}, 
58900.0, {'1863241632': 0.0, '2330725114': 0.0, '243351999': 0.0, '243641585': -2.8526785, '243749571': -4.0, '30503246': 0.0, '30624898': -4.0, '32564122': -0.026785715, '89127267': 0.0, '89173763': -0.39732143, '89173808': 0.0, 'cluster_1427494838_273472399': -0.07589286, 'cluster_1757124350_1757124352': 0.0, 'cluster_1863241547_1863241548_1976170214': -0.32589287, 'cluster_306484187_cluster_1200363791_1200363826_1200363834_1200363898_1200363927_1200363938_1200363947_1200364074_1200364103_1507566554_1507566556_255882157_306484190': 0.0, 'gneJ143': 0.0, 'gneJ207': -0.57589287, 'gneJ208': -0.75, 'gneJ210': 0.0, 'gneJ255': -0.071428575, 'gneJ257': -0.04017857}, {'1863241632': 0, '2330725114': 0, '243351999': 0, '243641585': 7, '243749571': 20, '30503246': 0, '30624898': 16, '32564122': 1, '89127267': 0, '89173763': 2, '89173808': 0, 'cluster_1427494838_273472399': 2, 'cluster_1757124350_1757124352': 0, 'cluster_1863241547_1863241548_1976170214': 1, 'cluster_306484187_cluster_1200363791_1200363826_1200363834_1200363898_1200363927_1200363938_1200363947_1200364074_1200364103_1507566554_1507566556_255882157_306484190': 0, 'gneJ143': 0, 'gneJ207': 3, 'gneJ208': 4, 'gneJ210': 0, 'gneJ255': 4, 'gneJ257': 1}, {'1863241632': 0, '2330725114': 0, '243351999': 0, '243641585': 18, '243749571': 45, '30503246': 0, '30624898': 35, '32564122': 1, '89127267': 0, '89173763': 2, '89173808': 0, 'cluster_1427494838_273472399': 3, 'cluster_1757124350_1757124352': 0, 'cluster_1863241547_1863241548_1976170214': 2, 'cluster_306484187_cluster_1200363791_1200363826_1200363834_1200363898_1200363927_1200363938_1200363947_1200364074_1200364103_1507566554_1507566556_255882157_306484190': 0, 'gneJ143': 0, 'gneJ207': 6, 'gneJ208': 4, 'gneJ210': 0, 'gneJ255': 4, 'gneJ257': 2}, 
58910.0, {'1863241632': -0.04017857, '2330725114': -0.008928572, '243351999': 0.0, '243641585': -2.7098215, '243749571': -4.0, '30503246': -0.035714287, '30624898': -4.0, '32564122': -0.11160714, '89127267': 0.0, '89173763': -0.48660713, '89173808': 0.0, 'cluster_1427494838_273472399': -0.20982143, 'cluster_1757124350_1757124352': 0.0, 'cluster_1863241547_1863241548_1976170214': -0.5089286, 'cluster_306484187_cluster_1200363791_1200363826_1200363834_1200363898_1200363927_1200363938_1200363947_1200364074_1200364103_1507566554_1507566556_255882157_306484190': 0.0, 'gneJ143': 0.0, 'gneJ207': 0.0, 'gneJ208': -0.16964285, 'gneJ210': -0.013392857, 'gneJ255': -0.04910714, 'gneJ257': -0.09821428}, {'1863241632': 1, '2330725114': 1, '243351999': 0, '243641585': 8, '243749571': 20, '30503246': 1, '30624898': 16, '32564122': 1, '89127267': 0, '89173763': 2, '89173808': 0, 'cluster_1427494838_273472399': 2, 'cluster_1757124350_1757124352': 0, 'cluster_1863241547_1863241548_1976170214': 2, 'cluster_306484187_cluster_1200363791_1200363826_1200363834_1200363898_1200363927_1200363938_1200363947_1200364074_1200364103_1507566554_1507566556_255882157_306484190': 0, 'gneJ143': 0, 'gneJ207': 0, 'gneJ208': 1, 'gneJ210': 1, 'gneJ255': 1, 'gneJ257': 2}, {'1863241632': 1, '2330725114': 1, '243351999': 0, '243641585': 16, '243749571': 45, '30503246': 2, '30624898': 34, '32564122': 2, '89127267': 0, '89173763': 2, '89173808': 0, 'cluster_1427494838_273472399': 3, 'cluster_1757124350_1757124352': 0, 'cluster_1863241547_1863241548_1976170214': 6, 'cluster_306484187_cluster_1200363791_1200363826_1200363834_1200363898_1200363927_1200363938_1200363947_1200364074_1200364103_1507566554_1507566556_255882157_306484190': 0, 'gneJ143': 0, 'gneJ207': 0, 'gneJ208': 1, 'gneJ210': 2, 'gneJ255': 1, 'gneJ257': 4}, 
58920.0, {'1863241632': -0.084821425, '2330725114': -0.102678575, '243351999': 0.0, '243641585': -2.2232144, '243749571': -4.0, '30503246': -0.125, '30624898': -4.0, '32564122': 0.0, '89127267': 0.0, '89173763': -0.017857144, '89173808': 0.0, 'cluster_1427494838_273472399': 0.0, 'cluster_1757124350_1757124352': 0.0, 'cluster_1863241547_1863241548_1976170214': -0.62946427, 'cluster_306484187_cluster_1200363791_1200363826_1200363834_1200363898_1200363927_1200363938_1200363947_1200364074_1200364103_1507566554_1507566556_255882157_306484190': 0.0, 'gneJ143': -0.0625, 'gneJ207': -0.03125, 'gneJ208': -0.21428572, 'gneJ210': -0.02232143, 'gneJ255': -0.035714287, 'gneJ257': -0.1875}, {'1863241632': 1, '2330725114': 3, '243351999': 0, '243641585': 8, '243749571': 20, '30503246': 1, '30624898': 16, '32564122': 0, '89127267': 0, '89173763': 1, '89173808': 0, 'cluster_1427494838_273472399': 0, 'cluster_1757124350_1757124352': 0, 'cluster_1863241547_1863241548_1976170214': 2, 'cluster_306484187_cluster_1200363791_1200363826_1200363834_1200363898_1200363927_1200363938_1200363947_1200364074_1200364103_1507566554_1507566556_255882157_306484190': 0, 'gneJ143': 2, 'gneJ207': 1, 'gneJ208': 1, 'gneJ210': 1, 'gneJ255': 3, 'gneJ257': 2}, {'1863241632': 1, '2330725114': 3, '243351999': 0, '243641585': 20, '243749571': 46, '30503246': 2, '30624898': 33, '32564122': 0, '89127267': 0, '89173763': 1, '89173808': 0, 'cluster_1427494838_273472399': 0, 'cluster_1757124350_1757124352': 0, 'cluster_1863241547_1863241548_1976170214': 4, 'cluster_306484187_cluster_1200363791_1200363826_1200363834_1200363898_1200363927_1200363938_1200363947_1200364074_1200364103_1507566554_1507566556_255882157_306484190': 0, 'gneJ143': 4, 'gneJ207': 1, 'gneJ208': 1, 'gneJ210': 1, 'gneJ255': 3, 'gneJ257': 5}, 
58930.0, {'1863241632': -0.12946428, '2330725114': -0.04910714, '243351999': -0.02232143, '243641585': -1.0133928, '243749571': -4.0, '30503246': 0.0, '30624898': -4.0, '32564122': -0.004464286, '89127267': -0.008928572, '89173763': -0.071428575, '89173808': 0.0, 'cluster_1427494838_273472399': 0.0, 'cluster_1757124350_1757124352': 0.0, 'cluster_1863241547_1863241548_1976170214': -0.80803573, 'cluster_306484187_cluster_1200363791_1200363826_1200363834_1200363898_1200363927_1200363938_1200363947_1200364074_1200364103_1507566554_1507566556_255882157_306484190': 0.0, 'gneJ143': 0.0, 'gneJ207': -0.13839285, 'gneJ208': 0.0, 'gneJ210': -0.09375, 'gneJ255': -0.17410715, 'gneJ257': -0.4375}, {'1863241632': 1, '2330725114': 1, '243351999': 1, '243641585': 4, '243749571': 21, '30503246': 0, '30624898': 16, '32564122': 1, '89127267': 1, '89173763': 1, '89173808': 0, 'cluster_1427494838_273472399': 0, 'cluster_1757124350_1757124352': 0, 'cluster_1863241547_1863241548_1976170214': 2, 'cluster_306484187_cluster_1200363791_1200363826_1200363834_1200363898_1200363927_1200363938_1200363947_1200364074_1200364103_1507566554_1507566556_255882157_306484190': 0, 'gneJ143': 0, 'gneJ207': 4, 'gneJ208': 0, 'gneJ210': 1, 'gneJ255': 4, 'gneJ257': 4}, {'1863241632': 1, '2330725114': 1, '243351999': 1, '243641585': 13, '243749571': 48, '30503246': 0, '30624898': 32, '32564122': 1, '89127267': 1, '89173763': 3, '89173808': 0, 'cluster_1427494838_273472399': 0, 'cluster_1757124350_1757124352': 0, 'cluster_1863241547_1863241548_1976170214': 4, 'cluster_306484187_cluster_1200363791_1200363826_1200363834_1200363898_1200363927_1200363938_1200363947_1200364074_1200364103_1507566554_1507566556_255882157_306484190': 0, 'gneJ143': 0, 'gneJ207': 4, 'gneJ208': 0, 'gneJ210': 2, 'gneJ255': 4, 'gneJ257': 8}, 
58940.0, {'1863241632': -0.17410715, '2330725114': -0.004464286, '243351999': -0.06696428, '243641585': -1.4910715, '243749571': -4.0, '30503246': 0.0, '30624898': -4.0, '32564122': -0.04910714, '89127267': 0.0, '89173763': -0.27232143, '89173808': -0.03125, 'cluster_1427494838_273472399': -0.02232143, 'cluster_1757124350_1757124352': -0.008928572, 'cluster_1863241547_1863241548_1976170214': -0.98660713, 'cluster_306484187_cluster_1200363791_1200363826_1200363834_1200363898_1200363927_1200363938_1200363947_1200364074_1200364103_1507566554_1507566556_255882157_306484190': 0.0, 'gneJ143': -0.05357143, 'gneJ207': -0.3169643, 'gneJ208': 0.0, 'gneJ210': -0.004464286, 'gneJ255': -0.24553572, 'gneJ257': -0.15178572}, {'1863241632': 1, '2330725114': 1, '243351999': 1, '243641585': 5, '243749571': 21, '30503246': 0, '30624898': 16, '32564122': 1, '89127267': 0, '89173763': 2, '89173808': 1, 'cluster_1427494838_273472399': 1, 'cluster_1757124350_1757124352': 1, 'cluster_1863241547_1863241548_1976170214': 2, 'cluster_306484187_cluster_1200363791_1200363826_1200363834_1200363898_1200363927_1200363938_1200363947_1200364074_1200364103_1507566554_1507566556_255882157_306484190': 0, 'gneJ143': 2, 'gneJ207': 4, 'gneJ208': 0, 'gneJ210': 1, 'gneJ255': 3, 'gneJ257': 1}, {'1863241632': 1, '2330725114': 1, '243351999': 1, '243641585': 14, '243749571': 48, '30503246': 0, '30624898': 34, '32564122': 1, '89127267': 0, '89173763': 5, '89173808': 1, 'cluster_1427494838_273472399': 1, 'cluster_1757124350_1757124352': 1, 'cluster_1863241547_1863241548_1976170214': 4, 'cluster_306484187_cluster_1200363791_1200363826_1200363834_1200363898_1200363927_1200363938_1200363947_1200364074_1200364103_1507566554_1507566556_255882157_306484190': 0, 'gneJ143': 2, 'gneJ207': 4, 'gneJ208': 0, 'gneJ210': 1, 'gneJ255': 3, 'gneJ257': 2}, 
58950.0, {'1863241632': -0.21875, '2330725114': -0.008928572, '243351999': 0.0, '243641585': -1.6517857, '243749571': -4.0, '30503246': 0.0, '30624898': -4.0, '32564122': -0.13392857, '89127267': 0.0, '89173763': 0.0, '89173808': 0.0, 'cluster_1427494838_273472399': -0.06696428, 'cluster_1757124350_1757124352': 0.0, 'cluster_1863241547_1863241548_1976170214': -1.1651785, 'cluster_306484187_cluster_1200363791_1200363826_1200363834_1200363898_1200363927_1200363938_1200363947_1200364074_1200364103_1507566554_1507566556_255882157_306484190': 0.0, 'gneJ143': -0.14285715, 'gneJ207': -0.09821428, 'gneJ208': 0.0, 'gneJ210': -0.04910714, 'gneJ255': 0.0, 'gneJ257': -0.15178572}, {'1863241632': 1, '2330725114': 1, '243351999': 0, '243641585': 7, '243749571': 22, '30503246': 0, '30624898': 16, '32564122': 1, '89127267': 0, '89173763': 0, '89173808': 0, 'cluster_1427494838_273472399': 1, 'cluster_1757124350_1757124352': 0, 'cluster_1863241547_1863241548_1976170214': 2, 'cluster_306484187_cluster_1200363791_1200363826_1200363834_1200363898_1200363927_1200363938_1200363947_1200364074_1200364103_1507566554_1507566556_255882157_306484190': 0, 'gneJ143': 2, 'gneJ207': 1, 'gneJ208': 0, 'gneJ210': 1, 'gneJ255': 0, 'gneJ257': 1}, {'1863241632': 1, '2330725114': 1, '243351999': 0, '243641585': 16, '243749571': 50, '30503246': 0, '30624898': 35, '32564122': 2, '89127267': 0, '89173763': 0, '89173808': 0, 'cluster_1427494838_273472399': 1, 'cluster_1757124350_1757124352': 0, 'cluster_1863241547_1863241548_1976170214': 4, 'cluster_306484187_cluster_1200363791_1200363826_1200363834_1200363898_1200363927_1200363938_1200363947_1200364074_1200364103_1507566554_1507566556_255882157_306484190': 0, 'gneJ143': 2, 'gneJ207': 1, 'gneJ208': 0, 'gneJ210': 1, 'gneJ255': 0, 'gneJ257': 2}, 
58960.0, {'1863241632': -0.26339287, '2330725114': 0.0, '243351999': 0.0, '243641585': -1.0669643, '243749571': -4.0, '30503246': -0.008928572, '30624898': -4.0, '32564122': 0.0, '89127267': 0.0, '89173763': -0.058035713, '89173808': 0.0, 'cluster_1427494838_273472399': 0.0, 'cluster_1757124350_1757124352': 0.0, 'cluster_1863241547_1863241548_1976170214': -1.34375, 'cluster_306484187_cluster_1200363791_1200363826_1200363834_1200363898_1200363927_1200363938_1200363947_1200364074_1200364103_1507566554_1507566556_255882157_306484190': -0.04464286, 'gneJ143': -0.23214285, 'gneJ207': -0.14285715, 'gneJ208': 0.0, 'gneJ210': 0.0, 'gneJ255': -0.02232143, 'gneJ257': -0.36607143}, {'1863241632': 1, '2330725114': 0, '243351999': 0, '243641585': 5, '243749571': 22, '30503246': 1, '30624898': 16, '32564122': 0, '89127267': 0, '89173763': 1, '89173808': 0, 'cluster_1427494838_273472399': 0, 'cluster_1757124350_1757124352': 0, 'cluster_1863241547_1863241548_1976170214': 2, 'cluster_306484187_cluster_1200363791_1200363826_1200363834_1200363898_1200363927_1200363938_1200363947_1200364074_1200364103_1507566554_1507566556_255882157_306484190': 1, 'gneJ143': 2, 'gneJ207': 1, 'gneJ208': 0, 'gneJ210': 0, 'gneJ255': 1, 'gneJ257': 2}, {'1863241632': 1, '2330725114': 0, '243351999': 0, '243641585': 11, '243749571': 51, '30503246': 1, '30624898': 33, '32564122': 0, '89127267': 0, '89173763': 3, '89173808': 0, 'cluster_1427494838_273472399': 0, 'cluster_1757124350_1757124352': 0, 'cluster_1863241547_1863241548_1976170214': 4, 'cluster_306484187_cluster_1200363791_1200363826_1200363834_1200363898_1200363927_1200363938_1200363947_1200364074_1200364103_1507566554_1507566556_255882157_306484190': 2, 'gneJ143': 2, 'gneJ207': 1, 'gneJ208': 0, 'gneJ210': 0, 'gneJ255': 1, 'gneJ257': 5}, 
58970.0, {'1863241632': -0.3080357, '2330725114': -0.004464286, '243351999': 0.0, '243641585': -1.0133928, '243749571': -4.0, '30503246': -0.04464286, '30624898': -4.0, '32564122': -0.004464286, '89127267': -0.008928572, '89173763': -0.09821428, '89173808': -0.017857144, 'cluster_1427494838_273472399': 0.0, 'cluster_1757124350_1757124352': 0.0, 'cluster_1863241547_1863241548_1976170214': -0.34375, 'cluster_306484187_cluster_1200363791_1200363826_1200363834_1200363898_1200363927_1200363938_1200363947_1200364074_1200364103_1507566554_1507566556_255882157_306484190': 0.0, 'gneJ143': 0.0, 'gneJ207': -0.017857144, 'gneJ208': 0.0, 'gneJ210': -0.026785715, 'gneJ255': 0.0, 'gneJ257': -0.08928572}, {'1863241632': 1, '2330725114': 1, '243351999': 0, '243641585': 4, '243749571': 22, '30503246': 1, '30624898': 16, '32564122': 1, '89127267': 1, '89173763': 2, '89173808': 1, 'cluster_1427494838_273472399': 0, 'cluster_1757124350_1757124352': 0, 'cluster_1863241547_1863241548_1976170214': 1, 'cluster_306484187_cluster_1200363791_1200363826_1200363834_1200363898_1200363927_1200363938_1200363947_1200364074_1200364103_1507566554_1507566556_255882157_306484190': 0, 'gneJ143': 0, 'gneJ207': 1, 'gneJ208': 0, 'gneJ210': 1, 'gneJ255': 0, 'gneJ257': 1}, {'1863241632': 1, '2330725114': 1, '243351999': 0, '243641585': 8, '243749571': 51, '30503246': 1, '30624898': 32, '32564122': 1, '89127267': 1, '89173763': 3, '89173808': 1, 'cluster_1427494838_273472399': 0, 'cluster_1757124350_1757124352': 0, 'cluster_1863241547_1863241548_1976170214': 3, 'cluster_306484187_cluster_1200363791_1200363826_1200363834_1200363898_1200363927_1200363938_1200363947_1200364074_1200364103_1507566554_1507566556_255882157_306484190': 0, 'gneJ143': 0, 'gneJ207': 1, 'gneJ208': 0, 'gneJ210': 1, 'gneJ255': 0, 'gneJ257': 2}, 
58980.0, {'1863241632': -0.35267857, '2330725114': -0.06696428, '243351999': 0.0, '243641585': -0.6160714, '243749571': -4.0, '30503246': -0.08928572, '30624898': -4.0, '32564122': 0.0, '89127267': -0.08035714, '89173763': -0.23214285, '89173808': -0.12053572, 'cluster_1427494838_273472399': -0.04910714, 'cluster_1757124350_1757124352': 0.0, 'cluster_1863241547_1863241548_1976170214': -0.36607143, 'cluster_306484187_cluster_1200363791_1200363826_1200363834_1200363898_1200363927_1200363938_1200363947_1200364074_1200364103_1507566554_1507566556_255882157_306484190': 0.0, 'gneJ143': 0.0, 'gneJ207': 0.0, 'gneJ208': 0.0, 'gneJ210': -0.071428575, 'gneJ255': -0.04017857, 'gneJ257': -0.071428575}, {'1863241632': 1, '2330725114': 2, '243351999': 0, '243641585': 5, '243749571': 22, '30503246': 1, '30624898': 16, '32564122': 0, '89127267': 2, '89173763': 2, '89173808': 2, 'cluster_1427494838_273472399': 1, 'cluster_1757124350_1757124352': 0, 'cluster_1863241547_1863241548_1976170214': 2, 'cluster_306484187_cluster_1200363791_1200363826_1200363834_1200363898_1200363927_1200363938_1200363947_1200364074_1200364103_1507566554_1507566556_255882157_306484190': 0, 'gneJ143': 0, 'gneJ207': 0, 'gneJ208': 0, 'gneJ210': 1, 'gneJ255': 1, 'gneJ257': 1}, {'1863241632': 1, '2330725114': 3, '243351999': 0, '243641585': 8, '243749571': 49, '30503246': 1, '30624898': 31, '32564122': 0, '89127267': 2, '89173763': 3, '89173808': 4, 'cluster_1427494838_273472399': 2, 'cluster_1757124350_1757124352': 0, 'cluster_1863241547_1863241548_1976170214': 3, 'cluster_306484187_cluster_1200363791_1200363826_1200363834_1200363898_1200363927_1200363938_1200363947_1200364074_1200364103_1507566554_1507566556_255882157_306484190': 0, 'gneJ143': 0, 'gneJ207': 0, 'gneJ208': 0, 'gneJ210': 1, 'gneJ255': 1, 'gneJ257': 2}, 
58990.0, {'1863241632': 0.0, '2330725114': 0.0, '243351999': 0.0, '243641585': -1.0267857, '243749571': -4.0, '30503246': -0.13392857, '30624898': -4.0, '32564122': 0.0, '89127267': 0.0, '89173763': -0.3392857, '89173808': -0.375, 'cluster_1427494838_273472399': 0.0, 'cluster_1757124350_1757124352': 0.0, 'cluster_1863241547_1863241548_1976170214': 0.0, 'cluster_306484187_cluster_1200363791_1200363826_1200363834_1200363898_1200363927_1200363938_1200363947_1200364074_1200364103_1507566554_1507566556_255882157_306484190': 0.0, 'gneJ143': 0.0, 'gneJ207': 0.0, 'gneJ208': 0.0, 'gneJ210': -0.026785715, 'gneJ255': -0.16964285, 'gneJ257': -0.008928572}, {'1863241632': 0, '2330725114': 0, '243351999': 0, '243641585': 6, '243749571': 22, '30503246': 1, '30624898': 16, '32564122': 0, '89127267': 0, '89173763': 3, '89173808': 3, 'cluster_1427494838_273472399': 0, 'cluster_1757124350_1757124352': 0, 'cluster_1863241547_1863241548_1976170214': 0, 'cluster_306484187_cluster_1200363791_1200363826_1200363834_1200363898_1200363927_1200363938_1200363947_1200364074_1200364103_1507566554_1507566556_255882157_306484190': 0, 'gneJ143': 0, 'gneJ207': 0, 'gneJ208': 0, 'gneJ210': 1, 'gneJ255': 3, 'gneJ257': 1}, {'1863241632': 0, '2330725114': 0, '243351999': 0, '243641585': 11, '243749571': 49, '30503246': 1, '30624898': 30, '32564122': 0, '89127267': 0, '89173763': 4, '89173808': 6, 'cluster_1427494838_273472399': 0, 'cluster_1757124350_1757124352': 0, 'cluster_1863241547_1863241548_1976170214': 0, 'cluster_306484187_cluster_1200363791_1200363826_1200363834_1200363898_1200363927_1200363938_1200363947_1200364074_1200364103_1507566554_1507566556_255882157_306484190': 0, 'gneJ143': 0, 'gneJ207': 0, 'gneJ208': 0, 'gneJ210': 1, 'gneJ255': 3, 'gneJ257': 1}, 
59000.0, {'1863241632': -0.03125, '2330725114': -0.013392857, '243351999': 0.0, '243641585': -0.4330357, '243749571': -4.0, '30503246': -0.1875, '30624898': -4.0, '32564122': -0.008928572, '89127267': 0.0, '89173763': -0.51785713, '89173808': 0.0, 'cluster_1427494838_273472399': -0.06696428, 'cluster_1757124350_1757124352': 0.0, 'cluster_1863241547_1863241548_1976170214': -0.07589286, 'cluster_306484187_cluster_1200363791_1200363826_1200363834_1200363898_1200363927_1200363938_1200363947_1200364074_1200364103_1507566554_1507566556_255882157_306484190': 0.0, 'gneJ143': 0.0, 'gneJ207': 0.0, 'gneJ208': 0.0, 'gneJ210': -0.035714287, 'gneJ255': -0.08928572, 'gneJ257': -0.04017857}, {'1863241632': 1, '2330725114': 1, '243351999': 0, '243641585': 3, '243749571': 22, '30503246': 1, '30624898': 16, '32564122': 1, '89127267': 0, '89173763': 3, '89173808': 0, 'cluster_1427494838_273472399': 2, 'cluster_1757124350_1757124352': 0, 'cluster_1863241547_1863241548_1976170214': 1, 'cluster_306484187_cluster_1200363791_1200363826_1200363834_1200363898_1200363927_1200363938_1200363947_1200364074_1200364103_1507566554_1507566556_255882157_306484190': 0, 'gneJ143': 0, 'gneJ207': 0, 'gneJ208': 0, 'gneJ210': 1, 'gneJ255': 1, 'gneJ257': 2}, {'1863241632': 2, '2330725114': 1, '243351999': 0, '243641585': 5, '243749571': 50, '30503246': 2, '30624898': 30, '32564122': 1, '89127267': 0, '89173763': 4, '89173808': 0, 'cluster_1427494838_273472399': 3, 'cluster_1757124350_1757124352': 0, 'cluster_1863241547_1863241548_1976170214': 2, 'cluster_306484187_cluster_1200363791_1200363826_1200363834_1200363898_1200363927_1200363938_1200363947_1200364074_1200364103_1507566554_1507566556_255882157_306484190': 0, 'gneJ143': 0, 'gneJ207': 0, 'gneJ208': 0, 'gneJ210': 2, 'gneJ255': 2, 'gneJ257': 3}, 
59010.0, {'1863241632': -0.15178572, '2330725114': 0.0, '243351999': -0.03125, '243641585': -0.6785714, '243749571': -4.0, '30503246': -0.058035713, '30624898': -4.0, '32564122': -0.017857144, '89127267': -0.026785715, '89173763': -0.72321427, '89173808': 0.0, 'cluster_1427494838_273472399': 0.0, 'cluster_1757124350_1757124352': 0.0, 'cluster_1863241547_1863241548_1976170214': -0.058035713, 'cluster_306484187_cluster_1200363791_1200363826_1200363834_1200363898_1200363927_1200363938_1200363947_1200364074_1200364103_1507566554_1507566556_255882157_306484190': 0.0, 'gneJ143': 0.0, 'gneJ207': -0.035714287, 'gneJ208': -0.04017857, 'gneJ210': -0.071428575, 'gneJ255': -0.08035714, 'gneJ257': -0.16071428}, {'1863241632': 2, '2330725114': 0, '243351999': 2, '243641585': 4, '243749571': 22, '30503246': 1, '30624898': 16, '32564122': 1, '89127267': 1, '89173763': 4, '89173808': 0, 'cluster_1427494838_273472399': 0, 'cluster_1757124350_1757124352': 0, 'cluster_1863241547_1863241548_1976170214': 2, 'cluster_306484187_cluster_1200363791_1200363826_1200363834_1200363898_1200363927_1200363938_1200363947_1200364074_1200364103_1507566554_1507566556_255882157_306484190': 0, 'gneJ143': 0, 'gneJ207': 2, 'gneJ208': 2, 'gneJ210': 1, 'gneJ255': 2, 'gneJ257': 3}, {'1863241632': 3, '2330725114': 0, '243351999': 2, '243641585': 8, '243749571': 50, '30503246': 2, '30624898': 28, '32564122': 1, '89127267': 2, '89173763': 5, '89173808': 0, 'cluster_1427494838_273472399': 0, 'cluster_1757124350_1757124352': 0, 'cluster_1863241547_1863241548_1976170214': 3, 'cluster_306484187_cluster_1200363791_1200363826_1200363834_1200363898_1200363927_1200363938_1200363947_1200364074_1200364103_1507566554_1507566556_255882157_306484190': 0, 'gneJ143': 0, 'gneJ207': 2, 'gneJ208': 2, 'gneJ210': 2, 'gneJ255': 3, 'gneJ257': 4}, 
59020.0, {'1863241632': -0.33035713, '2330725114': -0.02232143, '243351999': 0.0, '243641585': -0.13392857, '243749571': -4.0, '30503246': -0.14732143, '30624898': -4.0, '32564122': -0.004464286, '89127267': 0.0, '89173763': -0.5, '89173808': 0.0, 'cluster_1427494838_273472399': -0.03125, 'cluster_1757124350_1757124352': 0.0, 'cluster_1863241547_1863241548_1976170214': -0.19196428, 'cluster_306484187_cluster_1200363791_1200363826_1200363834_1200363898_1200363927_1200363938_1200363947_1200364074_1200364103_1507566554_1507566556_255882157_306484190': 0.0, 'gneJ143': -0.017857144, 'gneJ207': 0.0, 'gneJ208': 0.0, 'gneJ210': -0.035714287, 'gneJ255': -0.17410715, 'gneJ257': -0.29017857}, {'1863241632': 2, '2330725114': 1, '243351999': 0, '243641585': 2, '243749571': 22, '30503246': 1, '30624898': 16, '32564122': 1, '89127267': 0, '89173763': 4, '89173808': 0, 'cluster_1427494838_273472399': 1, 'cluster_1757124350_1757124352': 0, 'cluster_1863241547_1863241548_1976170214': 2, 'cluster_306484187_cluster_1200363791_1200363826_1200363834_1200363898_1200363927_1200363938_1200363947_1200364074_1200364103_1507566554_1507566556_255882157_306484190': 0, 'gneJ143': 1, 'gneJ207': 0, 'gneJ208': 0, 'gneJ210': 1, 'gneJ255': 3, 'gneJ257': 3}, {'1863241632': 4, '2330725114': 1, '243351999': 0, '243641585': 4, '243749571': 50, '30503246': 2, '30624898': 29, '32564122': 1, '89127267': 0, '89173763': 7, '89173808': 0, 'cluster_1427494838_273472399': 2, 'cluster_1757124350_1757124352': 0, 'cluster_1863241547_1863241548_1976170214': 3, 'cluster_306484187_cluster_1200363791_1200363826_1200363834_1200363898_1200363927_1200363938_1200363947_1200364074_1200364103_1507566554_1507566556_255882157_306484190': 0, 'gneJ143': 1, 'gneJ207': 0, 'gneJ208': 0, 'gneJ210': 1, 'gneJ255': 5, 'gneJ257': 3}, 
59030.0, {'1863241632': -0.25892857, '2330725114': 0.0, '243351999': 0.0, '243641585': -0.07589286, '243749571': -4.0, '30503246': -0.07589286, '30624898': -4.0, '32564122': -0.013392857, '89127267': 0.0, '89173763': -0.87053573, '89173808': 0.0, 'cluster_1427494838_273472399': -0.12053572, 'cluster_1757124350_1757124352': 0.0, 'cluster_1863241547_1863241548_1976170214': -0.116071425, 'cluster_306484187_cluster_1200363791_1200363826_1200363834_1200363898_1200363927_1200363938_1200363947_1200364074_1200364103_1507566554_1507566556_255882157_306484190': 0.0, 'gneJ143': 0.0, 'gneJ207': 0.0, 'gneJ208': -0.013392857, 'gneJ210': -0.116071425, 'gneJ255': -0.20535715, 'gneJ257': -0.42410713}, {'1863241632': 2, '2330725114': 0, '243351999': 0, '243641585': 1, '243749571': 22, '30503246': 1, '30624898': 16, '32564122': 1, '89127267': 0, '89173763': 6, '89173808': 0, 'cluster_1427494838_273472399': 1, 'cluster_1757124350_1757124352': 0, 'cluster_1863241547_1863241548_1976170214': 1, 'cluster_306484187_cluster_1200363791_1200363826_1200363834_1200363898_1200363927_1200363938_1200363947_1200364074_1200364103_1507566554_1507566556_255882157_306484190': 0, 'gneJ143': 0, 'gneJ207': 0, 'gneJ208': 1, 'gneJ210': 2, 'gneJ255': 3, 'gneJ257': 3}, {'1863241632': 2, '2330725114': 0, '243351999': 0, '243641585': 2, '243749571': 50, '30503246': 2, '30624898': 31, '32564122': 1, '89127267': 0, '89173763': 11, '89173808': 0, 'cluster_1427494838_273472399': 2, 'cluster_1757124350_1757124352': 0, 'cluster_1863241547_1863241548_1976170214': 2, 'cluster_306484187_cluster_1200363791_1200363826_1200363834_1200363898_1200363927_1200363938_1200363947_1200364074_1200364103_1507566554_1507566556_255882157_306484190': 0, 'gneJ143': 0, 'gneJ207': 0, 'gneJ208': 1, 'gneJ210': 3, 'gneJ255': 3, 'gneJ257': 3}, 
59040.0, {'1863241632': -0.42410713, '2330725114': 0.0, '243351999': 0.0, '243641585': -0.41964287, '243749571': -4.0, '30503246': 0.0, '30624898': -4.0, '32564122': -0.03125, '89127267': -0.04910714, '89173763': -0.75446427, '89173808': 0.0, 'cluster_1427494838_273472399': -0.03125, 'cluster_1757124350_1757124352': -0.004464286, 'cluster_1863241547_1863241548_1976170214': -0.08928572, 'cluster_306484187_cluster_1200363791_1200363826_1200363834_1200363898_1200363927_1200363938_1200363947_1200364074_1200364103_1507566554_1507566556_255882157_306484190': 0.0, 'gneJ143': 0.0, 'gneJ207': -0.03125, 'gneJ208': -0.058035713, 'gneJ210': -0.05357143, 'gneJ255': -0.0625, 'gneJ257': -0.58928573}, {'1863241632': 2, '2330725114': 0, '243351999': 0, '243641585': 4, '243749571': 22, '30503246': 0, '30624898': 16, '32564122': 1, '89127267': 1, '89173763': 6, '89173808': 0, 'cluster_1427494838_273472399': 1, 'cluster_1757124350_1757124352': 1, 'cluster_1863241547_1863241548_1976170214': 1, 'cluster_306484187_cluster_1200363791_1200363826_1200363834_1200363898_1200363927_1200363938_1200363947_1200364074_1200364103_1507566554_1507566556_255882157_306484190': 0, 'gneJ143': 0, 'gneJ207': 2, 'gneJ208': 1, 'gneJ210': 2, 'gneJ255': 1, 'gneJ257': 4}, {'1863241632': 4, '2330725114': 0, '243351999': 0, '243641585': 11, '243749571': 51, '30503246': 0, '30624898': 29, '32564122': 2, '89127267': 2, '89173763': 7, '89173808': 0, 'cluster_1427494838_273472399': 1, 'cluster_1757124350_1757124352': 1, 'cluster_1863241547_1863241548_1976170214': 2, 'cluster_306484187_cluster_1200363791_1200363826_1200363834_1200363898_1200363927_1200363938_1200363947_1200364074_1200364103_1507566554_1507566556_255882157_306484190': 0, 'gneJ143': 0, 'gneJ207': 2, 'gneJ208': 1, 'gneJ210': 3, 'gneJ255': 2, 'gneJ257': 5}, 
59050.0, {'1863241632': 0.0, '2330725114': 0.0, '243351999': 0.0, '243641585': -0.8526786, '243749571': -4.0, '30503246': -0.02232143, '30624898': -4.0, '32564122': 0.0, '89127267': 0.0, '89173763': -0.92410713, '89173808': -0.04017857, 'cluster_1427494838_273472399': -0.07589286, 'cluster_1757124350_1757124352': 0.0, 'cluster_1863241547_1863241548_1976170214': -0.13392857, 'cluster_306484187_cluster_1200363791_1200363826_1200363834_1200363898_1200363927_1200363938_1200363947_1200364074_1200364103_1507566554_1507566556_255882157_306484190': 0.0, 'gneJ143': -0.026785715, 'gneJ207': -0.24107143, 'gneJ208': 0.0, 'gneJ210': -0.13392857, 'gneJ255': -0.07589286, 'gneJ257': -0.81696427}, {'1863241632': 0, '2330725114': 0, '243351999': 0, '243641585': 5, '243749571': 22, '30503246': 1, '30624898': 16, '32564122': 0, '89127267': 0, '89173763': 6, '89173808': 1, 'cluster_1427494838_273472399': 1, 'cluster_1757124350_1757124352': 0, 'cluster_1863241547_1863241548_1976170214': 1, 'cluster_306484187_cluster_1200363791_1200363826_1200363834_1200363898_1200363927_1200363938_1200363947_1200364074_1200364103_1507566554_1507566556_255882157_306484190': 0, 'gneJ143': 1, 'gneJ207': 5, 'gneJ208': 0, 'gneJ210': 2, 'gneJ255': 2, 'gneJ257': 4}, {'1863241632': 0, '2330725114': 0, '243351999': 0, '243641585': 12, '243749571': 52, '30503246': 2, '30624898': 28, '32564122': 0, '89127267': 0, '89173763': 6, '89173808': 1, 'cluster_1427494838_273472399': 1, 'cluster_1757124350_1757124352': 0, 'cluster_1863241547_1863241548_1976170214': 3, 'cluster_306484187_cluster_1200363791_1200363826_1200363834_1200363898_1200363927_1200363938_1200363947_1200364074_1200364103_1507566554_1507566556_255882157_306484190': 0, 'gneJ143': 1, 'gneJ207': 6, 'gneJ208': 0, 'gneJ210': 3, 'gneJ255': 4, 'gneJ257': 6}, 
59060.0, {'1863241632': -0.05357143, '2330725114': 0.0, '243351999': 0.0, '243641585': -1.0267857, '243749571': -4.0, '30503246': -0.11160714, '30624898': -4.0, '32564122': 0.0, '89127267': -0.035714287, '89173763': -1.1919643, '89173808': 0.0, 'cluster_1427494838_273472399': 0.0, 'cluster_1757124350_1757124352': -0.058035713, 'cluster_1863241547_1863241548_1976170214': -0.14285715, 'cluster_306484187_cluster_1200363791_1200363826_1200363834_1200363898_1200363927_1200363938_1200363947_1200364074_1200364103_1507566554_1507566556_255882157_306484190': 0.0, 'gneJ143': -0.04910714, 'gneJ207': -0.15625, 'gneJ208': 0.0, 'gneJ210': -0.08035714, 'gneJ255': -0.2544643, 'gneJ257': -0.17410715}, {'1863241632': 2, '2330725114': 0, '243351999': 0, '243641585': 6, '243749571': 22, '30503246': 1, '30624898': 16, '32564122': 0, '89127267': 1, '89173763': 6, '89173808': 0, 'cluster_1427494838_273472399': 0, 'cluster_1757124350_1757124352': 1, 'cluster_1863241547_1863241548_1976170214': 1, 'cluster_306484187_cluster_1200363791_1200363826_1200363834_1200363898_1200363927_1200363938_1200363947_1200364074_1200364103_1507566554_1507566556_255882157_306484190': 0, 'gneJ143': 1, 'gneJ207': 2, 'gneJ208': 0, 'gneJ210': 1, 'gneJ255': 2, 'gneJ257': 2}, {'1863241632': 2, '2330725114': 0, '243351999': 0, '243641585': 15, '243749571': 53, '30503246': 2, '30624898': 27, '32564122': 0, '89127267': 1, '89173763': 6, '89173808': 0, 'cluster_1427494838_273472399': 0, 'cluster_1757124350_1757124352': 2, 'cluster_1863241547_1863241548_1976170214': 2, 'cluster_306484187_cluster_1200363791_1200363826_1200363834_1200363898_1200363927_1200363938_1200363947_1200364074_1200364103_1507566554_1507566556_255882157_306484190': 0, 'gneJ143': 4, 'gneJ207': 2, 'gneJ208': 0, 'gneJ210': 1, 'gneJ255': 4, 'gneJ257': 4}, 
59070.0, {'1863241632': 0.0, '2330725114': 0.0, '243351999': 0.0, '243641585': -1.8973215, '243749571': -4.0, '30503246': 0.0, '30624898': -4.0, '32564122': 0.0, '89127267': -0.08035714, '89173763': -0.7901786, '89173808': 0.0, 'cluster_1427494838_273472399': 0.0, 'cluster_1757124350_1757124352': -0.14732143, 'cluster_1863241547_1863241548_1976170214': -0.29464287, 'cluster_306484187_cluster_1200363791_1200363826_1200363834_1200363898_1200363927_1200363938_1200363947_1200364074_1200364103_1507566554_1507566556_255882157_306484190': 0.0, 'gneJ143': 0.0, 'gneJ207': 0.0, 'gneJ208': -0.013392857, 'gneJ210': -0.035714287, 'gneJ255': -0.071428575, 'gneJ257': -0.2767857}, {'1863241632': 0, '2330725114': 0, '243351999': 0, '243641585': 8, '243749571': 22, '30503246': 0, '30624898': 16, '32564122': 0, '89127267': 1, '89173763': 4, '89173808': 0, 'cluster_1427494838_273472399': 0, 'cluster_1757124350_1757124352': 1, 'cluster_1863241547_1863241548_1976170214': 1, 'cluster_306484187_cluster_1200363791_1200363826_1200363834_1200363898_1200363927_1200363938_1200363947_1200364074_1200364103_1507566554_1507566556_255882157_306484190': 0, 'gneJ143': 0, 'gneJ207': 0, 'gneJ208': 1, 'gneJ210': 1, 'gneJ255': 1, 'gneJ257': 4}, {'1863241632': 0, '2330725114': 0, '243351999': 0, '243641585': 22, '243749571': 52, '30503246': 0, '30624898': 26, '32564122': 0, '89127267': 1, '89173763': 5, '89173808': 0, 'cluster_1427494838_273472399': 0, 'cluster_1757124350_1757124352': 2, 'cluster_1863241547_1863241548_1976170214': 6, 'cluster_306484187_cluster_1200363791_1200363826_1200363834_1200363898_1200363927_1200363938_1200363947_1200364074_1200364103_1507566554_1507566556_255882157_306484190': 0, 'gneJ143': 0, 'gneJ207': 0, 'gneJ208': 1, 'gneJ210': 1, 'gneJ255': 2, 'gneJ257': 6}, 
59080.0, {'1863241632': 0.0, '2330725114': 0.0, '243351999': -0.07589286, '243641585': -2.6160715, '243749571': -4.0, '30503246': 0.0, '30624898': -4.0, '32564122': -0.058035713, '89127267': -0.03125, '89173763': -1.0803572, '89173808': 0.0, 'cluster_1427494838_273472399': 0.0, 'cluster_1757124350_1757124352': 0.0, 'cluster_1863241547_1863241548_1976170214': -0.21875, 'cluster_306484187_cluster_1200363791_1200363826_1200363834_1200363898_1200363927_1200363938_1200363947_1200364074_1200364103_1507566554_1507566556_255882157_306484190': 0.0, 'gneJ143': -0.04910714, 'gneJ207': -0.013392857, 'gneJ208': 0.0, 'gneJ210': -0.09821428, 'gneJ255': -0.071428575, 'gneJ257': -0.4642857}, {'1863241632': 0, '2330725114': 0, '243351999': 2, '243641585': 9, '243749571': 22, '30503246': 0, '30624898': 16, '32564122': 1, '89127267': 1, '89173763': 5, '89173808': 0, 'cluster_1427494838_273472399': 0, 'cluster_1757124350_1757124352': 0, 'cluster_1863241547_1863241548_1976170214': 2, 'cluster_306484187_cluster_1200363791_1200363826_1200363834_1200363898_1200363927_1200363938_1200363947_1200364074_1200364103_1507566554_1507566556_255882157_306484190': 0, 'gneJ143': 2, 'gneJ207': 1, 'gneJ208': 0, 'gneJ210': 1, 'gneJ255': 1, 'gneJ257': 4}, {'1863241632': 0, '2330725114': 0, '243351999': 2, '243641585': 26, '243749571': 51, '30503246': 0, '30624898': 26, '32564122': 2, '89127267': 1, '89173763': 9, '89173808': 0, 'cluster_1427494838_273472399': 0, 'cluster_1757124350_1757124352': 0, 'cluster_1863241547_1863241548_1976170214': 4, 'cluster_306484187_cluster_1200363791_1200363826_1200363834_1200363898_1200363927_1200363938_1200363947_1200364074_1200364103_1507566554_1507566556_255882157_306484190': 0, 'gneJ143': 2, 'gneJ207': 1, 'gneJ208': 0, 'gneJ210': 2, 'gneJ255': 1, 'gneJ257': 7}, 
59090.0, {'1863241632': 0.0, '2330725114': -0.035714287, '243351999': 0.0, '243641585': -3.78125, '243749571': -4.0, '30503246': 0.0, '30624898': -4.0, '32564122': -0.14732143, '89127267': 0.0, '89173763': -1.5267857, '89173808': 0.0, 'cluster_1427494838_273472399': -0.10714286, 'cluster_1757124350_1757124352': 0.0, 'cluster_1863241547_1863241548_1976170214': -0.3125, 'cluster_306484187_cluster_1200363791_1200363826_1200363834_1200363898_1200363927_1200363938_1200363947_1200364074_1200364103_1507566554_1507566556_255882157_306484190': 0.0, 'gneJ143': -0.06696428, 'gneJ207': 0.0, 'gneJ208': 0.0, 'gneJ210': -0.1875, 'gneJ255': -0.14285715, 'gneJ257': -0.79464287}, {'1863241632': 0, '2330725114': 1, '243351999': 0, '243641585': 9, '243749571': 22, '30503246': 0, '30624898': 16, '32564122': 1, '89127267': 0, '89173763': 6, '89173808': 0, 'cluster_1427494838_273472399': 2, 'cluster_1757124350_1757124352': 0, 'cluster_1863241547_1863241548_1976170214': 2, 'cluster_306484187_cluster_1200363791_1200363826_1200363834_1200363898_1200363927_1200363938_1200363947_1200364074_1200364103_1507566554_1507566556_255882157_306484190': 0, 'gneJ143': 2, 'gneJ207': 0, 'gneJ208': 0, 'gneJ210': 1, 'gneJ255': 1, 'gneJ257': 4}, {'1863241632': 0, '2330725114': 1, '243351999': 0, '243641585': 27, '243749571': 52, '30503246': 0, '30624898': 26, '32564122': 2, '89127267': 0, '89173763': 10, '89173808': 0, 'cluster_1427494838_273472399': 4, 'cluster_1757124350_1757124352': 0, 'cluster_1863241547_1863241548_1976170214': 3, 'cluster_306484187_cluster_1200363791_1200363826_1200363834_1200363898_1200363927_1200363938_1200363947_1200364074_1200364103_1507566554_1507566556_255882157_306484190': 0, 'gneJ143': 2, 'gneJ207': 0, 'gneJ208': 0, 'gneJ210': 2, 'gneJ255': 2, 'gneJ257': 8}, 
59100.0, {'1863241632': -0.084821425, '2330725114': -0.116071425, '243351999': 0.0, '243641585': -4.0, '243749571': -4.0, '30503246': -0.02232143, '30624898': -4.0, '32564122': -0.23660715, '89127267': 0.0, '89173763': -1.4955357, '89173808': 0.0, 'cluster_1427494838_273472399': 0.0, 'cluster_1757124350_1757124352': 0.0, 'cluster_1863241547_1863241548_1976170214': -0.58035713, 'cluster_306484187_cluster_1200363791_1200363826_1200363834_1200363898_1200363927_1200363938_1200363947_1200364074_1200364103_1507566554_1507566556_255882157_306484190': -0.026785715, 'gneJ143': 0.0, 'gneJ207': -0.026785715, 'gneJ208': 0.0, 'gneJ210': -0.2767857, 'gneJ255': 0.0, 'gneJ257': -0.90625}, {'1863241632': 2, '2330725114': 5, '243351999': 0, '243641585': 12, '243749571': 22, '30503246': 1, '30624898': 16, '32564122': 1, '89127267': 0, '89173763': 6, '89173808': 0, 'cluster_1427494838_273472399': 0, 'cluster_1757124350_1757124352': 0, 'cluster_1863241547_1863241548_1976170214': 2, 'cluster_306484187_cluster_1200363791_1200363826_1200363834_1200363898_1200363927_1200363938_1200363947_1200364074_1200364103_1507566554_1507566556_255882157_306484190': 1, 'gneJ143': 0, 'gneJ207': 2, 'gneJ208': 0, 'gneJ210': 1, 'gneJ255': 0, 'gneJ257': 6}, {'1863241632': 3, '2330725114': 5, '243351999': 0, '243641585': 34, '243749571': 54, '30503246': 1, '30624898': 25, '32564122': 2, '89127267': 0, '89173763': 6, '89173808': 0, 'cluster_1427494838_273472399': 0, 'cluster_1757124350_1757124352': 0, 'cluster_1863241547_1863241548_1976170214': 9, 'cluster_306484187_cluster_1200363791_1200363826_1200363834_1200363898_1200363927_1200363938_1200363947_1200364074_1200364103_1507566554_1507566556_255882157_306484190': 1, 'gneJ143': 0, 'gneJ207': 2, 'gneJ208': 0, 'gneJ210': 2, 'gneJ255': 0, 'gneJ257': 8}, 
59110.0, {'1863241632': 0.0, '2330725114': -0.21428572, '243351999': 0.0, '243641585': -4.0, '243749571': -4.0, '30503246': -0.06696428, '30624898': -4.0, '32564122': 0.0, '89127267': 0.0, '89173763': -1.7946428, '89173808': 0.0, 'cluster_1427494838_273472399': 0.0, 'cluster_1757124350_1757124352': -0.008928572, 'cluster_1863241547_1863241548_1976170214': -1.125, 'cluster_306484187_cluster_1200363791_1200363826_1200363834_1200363898_1200363927_1200363938_1200363947_1200364074_1200364103_1507566554_1507566556_255882157_306484190': 0.0, 'gneJ143': -0.02232143, 'gneJ207': -0.29017857, 'gneJ208': 0.0, 'gneJ210': 0.0, 'gneJ255': 0.0, 'gneJ257': -1.2633928}, {'1863241632': 0, '2330725114': 7, '243351999': 0, '243641585': 14, '243749571': 22, '30503246': 1, '30624898': 16, '32564122': 0, '89127267': 0, '89173763': 6, '89173808': 0, 'cluster_1427494838_273472399': 0, 'cluster_1757124350_1757124352': 1, 'cluster_1863241547_1863241548_1976170214': 3, 'cluster_306484187_cluster_1200363791_1200363826_1200363834_1200363898_1200363927_1200363938_1200363947_1200364074_1200364103_1507566554_1507566556_255882157_306484190': 0, 'gneJ143': 1, 'gneJ207': 4, 'gneJ208': 0, 'gneJ210': 0, 'gneJ255': 0, 'gneJ257': 6}, {'1863241632': 0, '2330725114': 7, '243351999': 0, '243641585': 38, '243749571': 54, '30503246': 1, '30624898': 24, '32564122': 0, '89127267': 0, '89173763': 8, '89173808': 0, 'cluster_1427494838_273472399': 0, 'cluster_1757124350_1757124352': 1, 'cluster_1863241547_1863241548_1976170214': 14, 'cluster_306484187_cluster_1200363791_1200363826_1200363834_1200363898_1200363927_1200363938_1200363947_1200364074_1200364103_1507566554_1507566556_255882157_306484190': 0, 'gneJ143': 1, 'gneJ207': 8, 'gneJ208': 0, 'gneJ210': 0, 'gneJ255': 0, 'gneJ257': 8}, 
59120.0, {'1863241632': 0.0, '2330725114': -0.24107143, '243351999': 0.0, '243641585': -4.0, '243749571': -4.0, '30503246': 0.0, '30624898': -4.0, '32564122': -0.017857144, '89127267': -0.03125, '89173763': -2.1875, '89173808': 0.0, 'cluster_1427494838_273472399': 0.0, 'cluster_1757124350_1757124352': -0.05357143, 'cluster_1863241547_1863241548_1976170214': -1.8303572, 'cluster_306484187_cluster_1200363791_1200363826_1200363834_1200363898_1200363927_1200363938_1200363947_1200364074_1200364103_1507566554_1507566556_255882157_306484190': -0.04017857, 'gneJ143': 0.0, 'gneJ207': -0.6473214, 'gneJ208': 0.0, 'gneJ210': 0.0, 'gneJ255': -0.017857144, 'gneJ257': -1.2946428}, {'1863241632': 0, '2330725114': 4, '243351999': 0, '243641585': 15, '243749571': 22, '30503246': 0, '30624898': 16, '32564122': 1, '89127267': 1, '89173763': 6, '89173808': 0, 'cluster_1427494838_273472399': 0, 'cluster_1757124350_1757124352': 1, 'cluster_1863241547_1863241548_1976170214': 4, 'cluster_306484187_cluster_1200363791_1200363826_1200363834_1200363898_1200363927_1200363938_1200363947_1200364074_1200364103_1507566554_1507566556_255882157_306484190': 1, 'gneJ143': 0, 'gneJ207': 4, 'gneJ208': 0, 'gneJ210': 0, 'gneJ255': 1, 'gneJ257': 6}, {'1863241632': 0, '2330725114': 4, '243351999': 0, '243641585': 34, '243749571': 55, '30503246': 0, '30624898': 24, '32564122': 1, '89127267': 1, '89173763': 9, '89173808': 0, 'cluster_1427494838_273472399': 0, 'cluster_1757124350_1757124352': 1, 'cluster_1863241547_1863241548_1976170214': 16, 'cluster_306484187_cluster_1200363791_1200363826_1200363834_1200363898_1200363927_1200363938_1200363947_1200364074_1200364103_1507566554_1507566556_255882157_306484190': 3, 'gneJ143': 0, 'gneJ207': 8, 'gneJ208': 0, 'gneJ210': 0, 'gneJ255': 1, 'gneJ257': 7}, 
59130.0, {'1863241632': -0.04017857, '2330725114': -0.30357143, '243351999': 0.0, '243641585': -4.0, '243749571': -4.0, '30503246': 0.0, '30624898': -4.0, '32564122': 0.0, '89127267': 0.0, '89173763': -2.299107, '89173808': 0.0, 'cluster_1427494838_273472399': 0.0, 'cluster_1757124350_1757124352': -0.09821428, 'cluster_1863241547_1863241548_1976170214': -1.7232143, 'cluster_306484187_cluster_1200363791_1200363826_1200363834_1200363898_1200363927_1200363938_1200363947_1200364074_1200364103_1507566554_1507566556_255882157_306484190': 0.0, 'gneJ143': -0.008928572, 'gneJ207': -0.21875, 'gneJ208': 0.0, 'gneJ210': 0.0, 'gneJ255': 0.0, 'gneJ257': -1.5714285}, {'1863241632': 1, '2330725114': 3, '243351999': 0, '243641585': 17, '243749571': 22, '30503246': 0, '30624898': 16, '32564122': 0, '89127267': 0, '89173763': 6, '89173808': 0, 'cluster_1427494838_273472399': 0, 'cluster_1757124350_1757124352': 1, 'cluster_1863241547_1863241548_1976170214': 4, 'cluster_306484187_cluster_1200363791_1200363826_1200363834_1200363898_1200363927_1200363938_1200363947_1200364074_1200364103_1507566554_1507566556_255882157_306484190': 0, 'gneJ143': 1, 'gneJ207': 1, 'gneJ208': 0, 'gneJ210': 0, 'gneJ255': 0, 'gneJ257': 6}, {'1863241632': 1, '2330725114': 3, '243351999': 0, '243641585': 31, '243749571': 55, '30503246': 0, '30624898': 24, '32564122': 0, '89127267': 0, '89173763': 6, '89173808': 0, 'cluster_1427494838_273472399': 0, 'cluster_1757124350_1757124352': 1, 'cluster_1863241547_1863241548_1976170214': 14, 'cluster_306484187_cluster_1200363791_1200363826_1200363834_1200363898_1200363927_1200363938_1200363947_1200364074_1200364103_1507566554_1507566556_255882157_306484190': 0, 'gneJ143': 1, 'gneJ207': 2, 'gneJ208': 0, 'gneJ210': 0, 'gneJ255': 0, 'gneJ257': 8}, 
59140.0, {'1863241632': 0.0, '2330725114': 0.0, '243351999': 0.0, '243641585': -4.0, '243749571': -4.0, '30503246': 0.0, '30624898': -4.0, '32564122': 0.0, '89127267': -0.02232143, '89173763': -2.59375, '89173808': -0.026785715, 'cluster_1427494838_273472399': -0.12946428, 'cluster_1757124350_1757124352': -0.14285715, 'cluster_1863241547_1863241548_1976170214': -2.4285715, 'cluster_306484187_cluster_1200363791_1200363826_1200363834_1200363898_1200363927_1200363938_1200363947_1200364074_1200364103_1507566554_1507566556_255882157_306484190': 0.0, 'gneJ143': 0.0, 'gneJ207': -0.15625, 'gneJ208': 0.0, 'gneJ210': -0.02232143, 'gneJ255': -0.04464286, 'gneJ257': -1.8080357}, {'1863241632': 0, '2330725114': 0, '243351999': 0, '243641585': 14, '243749571': 22, '30503246': 0, '30624898': 16, '32564122': 0, '89127267': 1, '89173763': 6, '89173808': 1, 'cluster_1427494838_273472399': 3, 'cluster_1757124350_1757124352': 1, 'cluster_1863241547_1863241548_1976170214': 4, 'cluster_306484187_cluster_1200363791_1200363826_1200363834_1200363898_1200363927_1200363938_1200363947_1200364074_1200364103_1507566554_1507566556_255882157_306484190': 0, 'gneJ143': 0, 'gneJ207': 2, 'gneJ208': 0, 'gneJ210': 1, 'gneJ255': 1, 'gneJ257': 6}, {'1863241632': 0, '2330725114': 0, '243351999': 0, '243641585': 35, '243749571': 56, '30503246': 0, '30624898': 24, '32564122': 0, '89127267': 1, '89173763': 8, '89173808': 1, 'cluster_1427494838_273472399': 5, 'cluster_1757124350_1757124352': 1, 'cluster_1863241547_1863241548_1976170214': 16, 'cluster_306484187_cluster_1200363791_1200363826_1200363834_1200363898_1200363927_1200363938_1200363947_1200364074_1200364103_1507566554_1507566556_255882157_306484190': 0, 'gneJ143': 0, 'gneJ207': 2, 'gneJ208': 0, 'gneJ210': 1, 'gneJ255': 2, 'gneJ257': 6}, 
59150.0, {'1863241632': 0.0, '2330725114': 0.0, '243351999': 0.0, '243641585': -4.0, '243749571': -4.0, '30503246': 0.0, '30624898': -4.0, '32564122': 0.0, '89127267': 0.0, '89173763': -3.049107, '89173808': -0.071428575, 'cluster_1427494838_273472399': 0.0, 'cluster_1757124350_1757124352': 0.0, 'cluster_1863241547_1863241548_1976170214': -1.2901785, 'cluster_306484187_cluster_1200363791_1200363826_1200363834_1200363898_1200363927_1200363938_1200363947_1200364074_1200364103_1507566554_1507566556_255882157_306484190': 0.0, 'gneJ143': -0.035714287, 'gneJ207': -0.004464286, 'gneJ208': 0.0, 'gneJ210': 0.0, 'gneJ255': 0.0, 'gneJ257': -2.0892856}, {'1863241632': 0, '2330725114': 0, '243351999': 0, '243641585': 15, '243749571': 23, '30503246': 0, '30624898': 16, '32564122': 0, '89127267': 0, '89173763': 6, '89173808': 1, 'cluster_1427494838_273472399': 0, 'cluster_1757124350_1757124352': 0, 'cluster_1863241547_1863241548_1976170214': 3, 'cluster_306484187_cluster_1200363791_1200363826_1200363834_1200363898_1200363927_1200363938_1200363947_1200364074_1200364103_1507566554_1507566556_255882157_306484190': 0, 'gneJ143': 2, 'gneJ207': 1, 'gneJ208': 0, 'gneJ210': 0, 'gneJ255': 0, 'gneJ257': 6}, {'1863241632': 0, '2330725114': 0, '243351999': 0, '243641585': 33, '243749571': 57, '30503246': 0, '30624898': 24, '32564122': 0, '89127267': 0, '89173763': 11, '89173808': 1, 'cluster_1427494838_273472399': 0, 'cluster_1757124350_1757124352': 0, 'cluster_1863241547_1863241548_1976170214': 9, 'cluster_306484187_cluster_1200363791_1200363826_1200363834_1200363898_1200363927_1200363938_1200363947_1200364074_1200364103_1507566554_1507566556_255882157_306484190': 0, 'gneJ143': 2, 'gneJ207': 1, 'gneJ208': 0, 'gneJ210': 0, 'gneJ255': 0, 'gneJ257': 7}, 
59160.0, {'1863241632': 0.0, '2330725114': 0.0, '243351999': 0.0, '243641585': -4.0, '243749571': -4.0, '30503246': 0.0, '30624898': -4.0, '32564122': 0.0, '89127267': 0.0, '89173763': -2.3348215, '89173808': -0.116071425, 'cluster_1427494838_273472399': 0.0, 'cluster_1757124350_1757124352': -0.004464286, 'cluster_1863241547_1863241548_1976170214': -0.58035713, 'cluster_306484187_cluster_1200363791_1200363826_1200363834_1200363898_1200363927_1200363938_1200363947_1200364074_1200364103_1507566554_1507566556_255882157_306484190': 0.0, 'gneJ143': -0.14285715, 'gneJ207': 0.0, 'gneJ208': 0.0, 'gneJ210': 0.0, 'gneJ255': -0.02232143, 'gneJ257': -2.419643}, {'1863241632': 0, '2330725114': 0, '243351999': 0, '243641585': 17, '243749571': 23, '30503246': 0, '30624898': 16, '32564122': 0, '89127267': 0, '89173763': 5, '89173808': 1, 'cluster_1427494838_273472399': 0, 'cluster_1757124350_1757124352': 1, 'cluster_1863241547_1863241548_1976170214': 2, 'cluster_306484187_cluster_1200363791_1200363826_1200363834_1200363898_1200363927_1200363938_1200363947_1200364074_1200364103_1507566554_1507566556_255882157_306484190': 0, 'gneJ143': 3, 'gneJ207': 0, 'gneJ208': 0, 'gneJ210': 0, 'gneJ255': 1, 'gneJ257': 6}, {'1863241632': 0, '2330725114': 0, '243351999': 0, '243641585': 33, '243749571': 57, '30503246': 0, '30624898': 24, '32564122': 0, '89127267': 0, '89173763': 9, '89173808': 1, 'cluster_1427494838_273472399': 0, 'cluster_1757124350_1757124352': 1, 'cluster_1863241547_1863241548_1976170214': 6, 'cluster_306484187_cluster_1200363791_1200363826_1200363834_1200363898_1200363927_1200363938_1200363947_1200364074_1200364103_1507566554_1507566556_255882157_306484190': 0, 'gneJ143': 3, 'gneJ207': 0, 'gneJ208': 0, 'gneJ210': 0, 'gneJ255': 1, 'gneJ257': 9}, 
59170.0, {'1863241632': 0.0, '2330725114': 0.0, '243351999': 0.0, '243641585': -4.0, '243749571': -4.0, '30503246': 0.0, '30624898': -4.0, '32564122': -0.02232143, '89127267': -0.017857144, '89173763': -2.3169644, '89173808': 0.0, 'cluster_1427494838_273472399': 0.0, 'cluster_1757124350_1757124352': -0.04910714, 'cluster_1863241547_1863241548_1976170214': -0.45089287, 'cluster_306484187_cluster_1200363791_1200363826_1200363834_1200363898_1200363927_1200363938_1200363947_1200364074_1200364103_1507566554_1507566556_255882157_306484190': 0.0, 'gneJ143': -0.2767857, 'gneJ207': -0.013392857, 'gneJ208': 0.0, 'gneJ210': 0.0, 'gneJ255': -0.026785715, 'gneJ257': -2.9419644}, {'1863241632': 0, '2330725114': 0, '243351999': 0, '243641585': 17, '243749571': 23, '30503246': 0, '30624898': 16, '32564122': 1, '89127267': 1, '89173763': 5, '89173808': 0, 'cluster_1427494838_273472399': 0, 'cluster_1757124350_1757124352': 1, 'cluster_1863241547_1863241548_1976170214': 2, 'cluster_306484187_cluster_1200363791_1200363826_1200363834_1200363898_1200363927_1200363938_1200363947_1200364074_1200364103_1507566554_1507566556_255882157_306484190': 0, 'gneJ143': 3, 'gneJ207': 1, 'gneJ208': 0, 'gneJ210': 0, 'gneJ255': 1, 'gneJ257': 6}, {'1863241632': 0, '2330725114': 0, '243351999': 0, '243641585': 33, '243749571': 57, '30503246': 0, '30624898': 24, '32564122': 1, '89127267': 2, '89173763': 7, '89173808': 0, 'cluster_1427494838_273472399': 0, 'cluster_1757124350_1757124352': 1, 'cluster_1863241547_1863241548_1976170214': 4, 'cluster_306484187_cluster_1200363791_1200363826_1200363834_1200363898_1200363927_1200363938_1200363947_1200364074_1200364103_1507566554_1507566556_255882157_306484190': 0, 'gneJ143': 3, 'gneJ207': 1, 'gneJ208': 0, 'gneJ210': 0, 'gneJ255': 1, 'gneJ257': 16}, 
59180.0, {'1863241632': -0.02232143, '2330725114': 0.0, '243351999': 0.0, '243641585': -4.0, '243749571': -4.0, '30503246': 0.0, '30624898': -4.0, '32564122': -0.008928572, '89127267': 0.0, '89173763': -2.669643, '89173808': 0.0, 'cluster_1427494838_273472399': 0.0, 'cluster_1757124350_1757124352': 0.0, 'cluster_1863241547_1863241548_1976170214': -0.28125, 'cluster_306484187_cluster_1200363791_1200363826_1200363834_1200363898_1200363927_1200363938_1200363947_1200364074_1200364103_1507566554_1507566556_255882157_306484190': 0.0, 'gneJ143': -0.2544643, 'gneJ207': 0.0, 'gneJ208': 0.0, 'gneJ210': -0.04464286, 'gneJ255': 0.0, 'gneJ257': -3.65625}, {'1863241632': 2, '2330725114': 0, '243351999': 0, '243641585': 16, '243749571': 23, '30503246': 0, '30624898': 16, '32564122': 1, '89127267': 0, '89173763': 6, '89173808': 0, 'cluster_1427494838_273472399': 0, 'cluster_1757124350_1757124352': 0, 'cluster_1863241547_1863241548_1976170214': 1, 'cluster_306484187_cluster_1200363791_1200363826_1200363834_1200363898_1200363927_1200363938_1200363947_1200364074_1200364103_1507566554_1507566556_255882157_306484190': 0, 'gneJ143': 2, 'gneJ207': 0, 'gneJ208': 0, 'gneJ210': 1, 'gneJ255': 0, 'gneJ257': 6}, {'1863241632': 2, '2330725114': 0, '243351999': 0, '243641585': 34, '243749571': 57, '30503246': 0, '30624898': 24, '32564122': 1, '89127267': 0, '89173763': 8, '89173808': 0, 'cluster_1427494838_273472399': 0, 'cluster_1757124350_1757124352': 0, 'cluster_1863241547_1863241548_1976170214': 2, 'cluster_306484187_cluster_1200363791_1200363826_1200363834_1200363898_1200363927_1200363938_1200363947_1200364074_1200364103_1507566554_1507566556_255882157_306484190': 0, 'gneJ143': 2, 'gneJ207': 0, 'gneJ208': 0, 'gneJ210': 1, 'gneJ255': 0, 'gneJ257': 16}, 
59190.0, {'1863241632': -0.11160714, '2330725114': -0.017857144, '243351999': 0.0, '243641585': -4.0, '243749571': -4.0, '30503246': -0.03125, '30624898': -4.0, '32564122': -0.05357143, '89127267': 0.0, '89173763': -2.6160715, '89173808': 0.0, 'cluster_1427494838_273472399': -0.03125, 'cluster_1757124350_1757124352': 0.0, 'cluster_1863241547_1863241548_1976170214': -0.26339287, 'cluster_306484187_cluster_1200363791_1200363826_1200363834_1200363898_1200363927_1200363938_1200363947_1200364074_1200364103_1507566554_1507566556_255882157_306484190': -0.02232143, 'gneJ143': 0.0, 'gneJ207': -0.026785715, 'gneJ208': 0.0, 'gneJ210': -0.102678575, 'gneJ255': 0.0, 'gneJ257': -3.6339285}, {'1863241632': 2, '2330725114': 1, '243351999': 0, '243641585': 15, '243749571': 23, '30503246': 1, '30624898': 16, '32564122': 1, '89127267': 0, '89173763': 6, '89173808': 0, 'cluster_1427494838_273472399': 1, 'cluster_1757124350_1757124352': 0, 'cluster_1863241547_1863241548_1976170214': 1, 'cluster_306484187_cluster_1200363791_1200363826_1200363834_1200363898_1200363927_1200363938_1200363947_1200364074_1200364103_1507566554_1507566556_255882157_306484190': 1, 'gneJ143': 0, 'gneJ207': 1, 'gneJ208': 0, 'gneJ210': 2, 'gneJ255': 0, 'gneJ257': 6}, {'1863241632': 2, '2330725114': 1, '243351999': 0, '243641585': 31, '243749571': 57, '30503246': 1, '30624898': 25, '32564122': 1, '89127267': 0, '89173763': 6, '89173808': 0, 'cluster_1427494838_273472399': 1, 'cluster_1757124350_1757124352': 0, 'cluster_1863241547_1863241548_1976170214': 1, 'cluster_306484187_cluster_1200363791_1200363826_1200363834_1200363898_1200363927_1200363938_1200363947_1200364074_1200364103_1507566554_1507566556_255882157_306484190': 2, 'gneJ143': 0, 'gneJ207': 1, 'gneJ208': 0, 'gneJ210': 3, 'gneJ255': 0, 'gneJ257': 17}, 
59200.0, {'1863241632': 0.0, '2330725114': -0.14285715, '243351999': 0.0, '243641585': -4.0, '243749571': -4.0, '30503246': 0.0, '30624898': -4.0, '32564122': -0.102678575, '89127267': 0.0, '89173763': -2.8839285, '89173808': -0.026785715, 'cluster_1427494838_273472399': 0.0, 'cluster_1757124350_1757124352': 0.0, 'cluster_1863241547_1863241548_1976170214': -0.084821425, 'cluster_306484187_cluster_1200363791_1200363826_1200363834_1200363898_1200363927_1200363938_1200363947_1200364074_1200364103_1507566554_1507566556_255882157_306484190': 0.0, 'gneJ143': -0.026785715, 'gneJ207': -0.071428575, 'gneJ208': 0.0, 'gneJ210': 0.0, 'gneJ255': 0.0, 'gneJ257': -3.8794644}, {'1863241632': 0, '2330725114': 3, '243351999': 0, '243641585': 11, '243749571': 23, '30503246': 0, '30624898': 16, '32564122': 2, '89127267': 0, '89173763': 6, '89173808': 1, 'cluster_1427494838_273472399': 0, 'cluster_1757124350_1757124352': 0, 'cluster_1863241547_1863241548_1976170214': 1, 'cluster_306484187_cluster_1200363791_1200363826_1200363834_1200363898_1200363927_1200363938_1200363947_1200364074_1200364103_1507566554_1507566556_255882157_306484190': 0, 'gneJ143': 1, 'gneJ207': 1, 'gneJ208': 0, 'gneJ210': 0, 'gneJ255': 0, 'gneJ257': 6}, {'1863241632': 0, '2330725114': 3, '243351999': 0, '243641585': 27, '243749571': 57, '30503246': 0, '30624898': 26, '32564122': 2, '89127267': 0, '89173763': 6, '89173808': 1, 'cluster_1427494838_273472399': 0, 'cluster_1757124350_1757124352': 0, 'cluster_1863241547_1863241548_1976170214': 3, 'cluster_306484187_cluster_1200363791_1200363826_1200363834_1200363898_1200363927_1200363938_1200363947_1200364074_1200364103_1507566554_1507566556_255882157_306484190': 0, 'gneJ143': 1, 'gneJ207': 1, 'gneJ208': 0, 'gneJ210': 0, 'gneJ255': 0, 'gneJ257': 15}, 
59210.0, {'1863241632': 0.0, '2330725114': -0.35714287, '243351999': 0.0, '243641585': -4.0, '243749571': -4.0, '30503246': 0.0, '30624898': -4.0, '32564122': -0.14285715, '89127267': 0.0, '89173763': -3.1517856, '89173808': 0.0, 'cluster_1427494838_273472399': 0.0, 'cluster_1757124350_1757124352': 0.0, 'cluster_1863241547_1863241548_1976170214': -0.27232143, 'cluster_306484187_cluster_1200363791_1200363826_1200363834_1200363898_1200363927_1200363938_1200363947_1200364074_1200364103_1507566554_1507566556_255882157_306484190': 0.0, 'gneJ143': -0.071428575, 'gneJ207': 0.0, 'gneJ208': 0.0, 'gneJ210': 0.0, 'gneJ255': 0.0, 'gneJ257': -2.638393}, {'1863241632': 0, '2330725114': 7, '243351999': 0, '243641585': 11, '243749571': 23, '30503246': 0, '30624898': 16, '32564122': 1, '89127267': 0, '89173763': 6, '89173808': 0, 'cluster_1427494838_273472399': 0, 'cluster_1757124350_1757124352': 0, 'cluster_1863241547_1863241548_1976170214': 2, 'cluster_306484187_cluster_1200363791_1200363826_1200363834_1200363898_1200363927_1200363938_1200363947_1200364074_1200364103_1507566554_1507566556_255882157_306484190': 0, 'gneJ143': 1, 'gneJ207': 0, 'gneJ208': 0, 'gneJ210': 0, 'gneJ255': 0, 'gneJ257': 5}, {'1863241632': 0, '2330725114': 7, '243351999': 0, '243641585': 31, '243749571': 57, '30503246': 0, '30624898': 26, '32564122': 1, '89127267': 0, '89173763': 6, '89173808': 0, 'cluster_1427494838_273472399': 0, 'cluster_1757124350_1757124352': 0, 'cluster_1863241547_1863241548_1976170214': 7, 'cluster_306484187_cluster_1200363791_1200363826_1200363834_1200363898_1200363927_1200363938_1200363947_1200364074_1200364103_1507566554_1507566556_255882157_306484190': 0, 'gneJ143': 1, 'gneJ207': 0, 'gneJ208': 0, 'gneJ210': 0, 'gneJ255': 0, 'gneJ257': 12}, 
59220.0, {'1863241632': 0.0, '2330725114': -0.4107143, '243351999': 0.0, '243641585': -4.0, '243749571': -4.0, '30503246': -0.004464286, '30624898': -4.0, '32564122': -0.013392857, '89127267': 0.0, '89173763': -3.419643, '89173808': 0.0, 'cluster_1427494838_273472399': 0.0, 'cluster_1757124350_1757124352': 0.0, 'cluster_1863241547_1863241548_1976170214': -0.65625, 'cluster_306484187_cluster_1200363791_1200363826_1200363834_1200363898_1200363927_1200363938_1200363947_1200364074_1200364103_1507566554_1507566556_255882157_306484190': 0.0, 'gneJ143': -0.116071425, 'gneJ207': -0.02232143, 'gneJ208': 0.0, 'gneJ210': 0.0, 'gneJ255': 0.0, 'gneJ257': -2.7232144}, {'1863241632': 0, '2330725114': 6, '243351999': 0, '243641585': 8, '243749571': 23, '30503246': 1, '30624898': 16, '32564122': 1, '89127267': 0, '89173763': 6, '89173808': 0, 'cluster_1427494838_273472399': 0, 'cluster_1757124350_1757124352': 0, 'cluster_1863241547_1863241548_1976170214': 3, 'cluster_306484187_cluster_1200363791_1200363826_1200363834_1200363898_1200363927_1200363938_1200363947_1200364074_1200364103_1507566554_1507566556_255882157_306484190': 0, 'gneJ143': 1, 'gneJ207': 1, 'gneJ208': 0, 'gneJ210': 0, 'gneJ255': 0, 'gneJ257': 7}, {'1863241632': 0, '2330725114': 7, '243351999': 0, '243641585': 30, '243749571': 57, '30503246': 1, '30624898': 26, '32564122': 1, '89127267': 0, '89173763': 6, '89173808': 0, 'cluster_1427494838_273472399': 0, 'cluster_1757124350_1757124352': 0, 'cluster_1863241547_1863241548_1976170214': 9, 'cluster_306484187_cluster_1200363791_1200363826_1200363834_1200363898_1200363927_1200363938_1200363947_1200364074_1200364103_1507566554_1507566556_255882157_306484190': 0, 'gneJ143': 1, 'gneJ207': 1, 'gneJ208': 0, 'gneJ210': 0, 'gneJ255': 0, 'gneJ257': 14}, 
59230.0, {'1863241632': -0.017857144, '2330725114': -0.26339287, '243351999': 0.0, '243641585': -4.0, '243749571': -4.0, '30503246': 0.0, '30624898': -4.0, '32564122': -0.004464286, '89127267': 0.0, '89173763': -1.2098215, '89173808': 0.0, 'cluster_1427494838_273472399': 0.0, 'cluster_1757124350_1757124352': -0.02232143, 'cluster_1863241547_1863241548_1976170214': -1.1071428, 'cluster_306484187_cluster_1200363791_1200363826_1200363834_1200363898_1200363927_1200363938_1200363947_1200364074_1200364103_1507566554_1507566556_255882157_306484190': 0.0, 'gneJ143': -0.004464286, 'gneJ207': -0.06696428, 'gneJ208': 0.0, 'gneJ210': -0.004464286, 'gneJ255': 0.0, 'gneJ257': -3.6339285}, {'1863241632': 1, '2330725114': 3, '243351999': 0, '243641585': 8, '243749571': 23, '30503246': 0, '30624898': 16, '32564122': 1, '89127267': 0, '89173763': 3, '89173808': 0, 'cluster_1427494838_273472399': 0, 'cluster_1757124350_1757124352': 1, 'cluster_1863241547_1863241548_1976170214': 4, 'cluster_306484187_cluster_1200363791_1200363826_1200363834_1200363898_1200363927_1200363938_1200363947_1200364074_1200364103_1507566554_1507566556_255882157_306484190': 0, 'gneJ143': 1, 'gneJ207': 1, 'gneJ208': 0, 'gneJ210': 1, 'gneJ255': 0, 'gneJ257': 10}, {'1863241632': 1, '2330725114': 3, '243351999': 0, '243641585': 20, '243749571': 58, '30503246': 0, '30624898': 27, '32564122': 1, '89127267': 0, '89173763': 3, '89173808': 0, 'cluster_1427494838_273472399': 0, 'cluster_1757124350_1757124352': 1, 'cluster_1863241547_1863241548_1976170214': 11, 'cluster_306484187_cluster_1200363791_1200363826_1200363834_1200363898_1200363927_1200363938_1200363947_1200364074_1200364103_1507566554_1507566556_255882157_306484190': 0, 'gneJ143': 1, 'gneJ207': 1, 'gneJ208': 0, 'gneJ210': 1, 'gneJ255': 0, 'gneJ257': 24}, 
59240.0, {'1863241632': 0.0, '2330725114': 0.0, '243351999': 0.0, '243641585': -4.0, '243749571': -4.0, '30503246': 0.0, '30624898': -4.0, '32564122': -0.08928572, '89127267': 0.0, '89173763': -1.3526785, '89173808': 0.0, 'cluster_1427494838_273472399': 0.0, 'cluster_1757124350_1757124352': 0.0, 'cluster_1863241547_1863241548_1976170214': -1.6071428, 'cluster_306484187_cluster_1200363791_1200363826_1200363834_1200363898_1200363927_1200363938_1200363947_1200364074_1200364103_1507566554_1507566556_255882157_306484190': 0.0, 'gneJ143': -0.02232143, 'gneJ207': -0.11160714, 'gneJ208': 0.0, 'gneJ210': 0.0, 'gneJ255': 0.0, 'gneJ257': -4.0}, {'1863241632': 0, '2330725114': 0, '243351999': 0, '243641585': 8, '243749571': 23, '30503246': 0, '30624898': 16, '32564122': 2, '89127267': 0, '89173763': 4, '89173808': 0, 'cluster_1427494838_273472399': 0, 'cluster_1757124350_1757124352': 0, 'cluster_1863241547_1863241548_1976170214': 4, 'cluster_306484187_cluster_1200363791_1200363826_1200363834_1200363898_1200363927_1200363938_1200363947_1200364074_1200364103_1507566554_1507566556_255882157_306484190': 0, 'gneJ143': 1, 'gneJ207': 1, 'gneJ208': 0, 'gneJ210': 0, 'gneJ255': 0, 'gneJ257': 12}, {'1863241632': 0, '2330725114': 0, '243351999': 0, '243641585': 17, '243749571': 58, '30503246': 0, '30624898': 26, '32564122': 2, '89127267': 0, '89173763': 4, '89173808': 0, 'cluster_1427494838_273472399': 0, 'cluster_1757124350_1757124352': 0, 'cluster_1863241547_1863241548_1976170214': 12, 'cluster_306484187_cluster_1200363791_1200363826_1200363834_1200363898_1200363927_1200363938_1200363947_1200364074_1200364103_1507566554_1507566556_255882157_306484190': 0, 'gneJ143': 1, 'gneJ207': 1, 'gneJ208': 0, 'gneJ210': 0, 'gneJ255': 0, 'gneJ257': 28}, 
59250.0, {'1863241632': 0.0, '2330725114': 0.0, '243351999': 0.0, '243641585': -3.90625, '243749571': -4.0, '30503246': 0.0, '30624898': -4.0, '32564122': -0.25892857, '89127267': -0.026785715, '89173763': -1.6071428, '89173808': -0.013392857, 'cluster_1427494838_273472399': 0.0, 'cluster_1757124350_1757124352': 0.0, 'cluster_1863241547_1863241548_1976170214': -2.25, 'cluster_306484187_cluster_1200363791_1200363826_1200363834_1200363898_1200363927_1200363938_1200363947_1200364074_1200364103_1507566554_1507566556_255882157_306484190': 0.0, 'gneJ143': -0.12053572, 'gneJ207': 0.0, 'gneJ208': 0.0, 'gneJ210': 0.0, 'gneJ255': 0.0, 'gneJ257': -4.0}, {'1863241632': 0, '2330725114': 0, '243351999': 0, '243641585': 5, '243749571': 23, '30503246': 0, '30624898': 16, '32564122': 5, '89127267': 1, '89173763': 6, '89173808': 1, 'cluster_1427494838_273472399': 0, 'cluster_1757124350_1757124352': 0, 'cluster_1863241547_1863241548_1976170214': 6, 'cluster_306484187_cluster_1200363791_1200363826_1200363834_1200363898_1200363927_1200363938_1200363947_1200364074_1200364103_1507566554_1507566556_255882157_306484190': 0, 'gneJ143': 2, 'gneJ207': 0, 'gneJ208': 0, 'gneJ210': 0, 'gneJ255': 0, 'gneJ257': 17}, {'1863241632': 0, '2330725114': 0, '243351999': 0, '243641585': 17, '243749571': 58, '30503246': 0, '30624898': 26, '32564122': 5, '89127267': 1, '89173763': 6, '89173808': 1, 'cluster_1427494838_273472399': 0, 'cluster_1757124350_1757124352': 0, 'cluster_1863241547_1863241548_1976170214': 16, 'cluster_306484187_cluster_1200363791_1200363826_1200363834_1200363898_1200363927_1200363938_1200363947_1200364074_1200364103_1507566554_1507566556_255882157_306484190': 0, 'gneJ143': 3, 'gneJ207': 0, 'gneJ208': 0, 'gneJ210': 0, 'gneJ255': 0, 'gneJ257': 33}, 
59260.0, {'1863241632': -0.02232143, '2330725114': -0.004464286, '243351999': 0.0, '243641585': -4.0, '243749571': -4.0, '30503246': 0.0, '30624898': -4.0, '32564122': -0.16517857, '89127267': 0.0, '89173763': -1.875, '89173808': 0.0, 'cluster_1427494838_273472399': 0.0, 'cluster_1757124350_1757124352': 0.0, 'cluster_1863241547_1863241548_1976170214': -2.9464285, 'cluster_306484187_cluster_1200363791_1200363826_1200363834_1200363898_1200363927_1200363938_1200363947_1200364074_1200364103_1507566554_1507566556_255882157_306484190': 0.0, 'gneJ143': -0.14285715, 'gneJ207': -0.026785715, 'gneJ208': 0.0, 'gneJ210': 0.0, 'gneJ255': -0.02232143, 'gneJ257': -4.0}, {'1863241632': 1, '2330725114': 1, '243351999': 0, '243641585': 6, '243749571': 23, '30503246': 0, '30624898': 16, '32564122': 2, '89127267': 0, '89173763': 6, '89173808': 0, 'cluster_1427494838_273472399': 0, 'cluster_1757124350_1757124352': 0, 'cluster_1863241547_1863241548_1976170214': 6, 'cluster_306484187_cluster_1200363791_1200363826_1200363834_1200363898_1200363927_1200363938_1200363947_1200364074_1200364103_1507566554_1507566556_255882157_306484190': 0, 'gneJ143': 1, 'gneJ207': 2, 'gneJ208': 0, 'gneJ210': 0, 'gneJ255': 1, 'gneJ257': 20}, {'1863241632': 1, '2330725114': 1, '243351999': 0, '243641585': 17, '243749571': 58, '30503246': 0, '30624898': 26, '32564122': 4, '89127267': 0, '89173763': 6, '89173808': 0, 'cluster_1427494838_273472399': 0, 'cluster_1757124350_1757124352': 0, 'cluster_1863241547_1863241548_1976170214': 16, 'cluster_306484187_cluster_1200363791_1200363826_1200363834_1200363898_1200363927_1200363938_1200363947_1200364074_1200364103_1507566554_1507566556_255882157_306484190': 0, 'gneJ143': 2, 'gneJ207': 2, 'gneJ208': 0, 'gneJ210': 0, 'gneJ255': 2, 'gneJ257': 39}, 
59270.0, {'1863241632': -0.004464286, '2330725114': -0.116071425, '243351999': 0.0, '243641585': -4.0, '243749571': -4.0, '30503246': -0.04017857, '30624898': -4.0, '32564122': 0.0, '89127267': 0.0, '89173763': -2.142857, '89173808': 0.0, 'cluster_1427494838_273472399': -0.03125, 'cluster_1757124350_1757124352': 0.0, 'cluster_1863241547_1863241548_1976170214': -3.7589285, 'cluster_306484187_cluster_1200363791_1200363826_1200363834_1200363898_1200363927_1200363938_1200363947_1200364074_1200364103_1507566554_1507566556_255882157_306484190': 0.0, 'gneJ143': -0.017857144, 'gneJ207': -0.05357143, 'gneJ208': 0.0, 'gneJ210': 0.0, 'gneJ255': 0.0, 'gneJ257': -4.0}, {'1863241632': 1, '2330725114': 2, '243351999': 0, '243641585': 8, '243749571': 23, '30503246': 1, '30624898': 16, '32564122': 0, '89127267': 0, '89173763': 6, '89173808': 0, 'cluster_1427494838_273472399': 1, 'cluster_1757124350_1757124352': 0, 'cluster_1863241547_1863241548_1976170214': 6, 'cluster_306484187_cluster_1200363791_1200363826_1200363834_1200363898_1200363927_1200363938_1200363947_1200364074_1200364103_1507566554_1507566556_255882157_306484190': 0, 'gneJ143': 1, 'gneJ207': 1, 'gneJ208': 0, 'gneJ210': 0, 'gneJ255': 0, 'gneJ257': 22}, {'1863241632': 1, '2330725114': 3, '243351999': 0, '243641585': 21, '243749571': 56, '30503246': 1, '30624898': 26, '32564122': 0, '89127267': 0, '89173763': 6, '89173808': 0, 'cluster_1427494838_273472399': 1, 'cluster_1757124350_1757124352': 0, 'cluster_1863241547_1863241548_1976170214': 20, 'cluster_306484187_cluster_1200363791_1200363826_1200363834_1200363898_1200363927_1200363938_1200363947_1200364074_1200364103_1507566554_1507566556_255882157_306484190': 0, 'gneJ143': 1, 'gneJ207': 1, 'gneJ208': 0, 'gneJ210': 0, 'gneJ255': 0, 'gneJ257': 43}, 
59280.0, {'1863241632': -0.04464286, '2330725114': 0.0, '243351999': 0.0, '243641585': -3.6294644, '243749571': -4.0, '30503246': -0.084821425, '30624898': -4.0, '32564122': 0.0, '89127267': 0.0, '89173763': -1.0401785, '89173808': 0.0, 'cluster_1427494838_273472399': 0.0, 'cluster_1757124350_1757124352': 0.0, 'cluster_1863241547_1863241548_1976170214': -4.0, 'cluster_306484187_cluster_1200363791_1200363826_1200363834_1200363898_1200363927_1200363938_1200363947_1200364074_1200364103_1507566554_1507566556_255882157_306484190': 0.0, 'gneJ143': -0.0625, 'gneJ207': -0.116071425, 'gneJ208': 0.0, 'gneJ210': 0.0, 'gneJ255': 0.0, 'gneJ257': -4.0}, {'1863241632': 1, '2330725114': 0, '243351999': 0, '243641585': 8, '243749571': 23, '30503246': 1, '30624898': 16, '32564122': 0, '89127267': 0, '89173763': 4, '89173808': 0, 'cluster_1427494838_273472399': 0, 'cluster_1757124350_1757124352': 0, 'cluster_1863241547_1863241548_1976170214': 6, 'cluster_306484187_cluster_1200363791_1200363826_1200363834_1200363898_1200363927_1200363938_1200363947_1200364074_1200364103_1507566554_1507566556_255882157_306484190': 0, 'gneJ143': 1, 'gneJ207': 2, 'gneJ208': 0, 'gneJ210': 0, 'gneJ255': 0, 'gneJ257': 22}, {'1863241632': 1, '2330725114': 0, '243351999': 0, '243641585': 18, '243749571': 56, '30503246': 1, '30624898': 27, '32564122': 0, '89127267': 0, '89173763': 5, '89173808': 0, 'cluster_1427494838_273472399': 0, 'cluster_1757124350_1757124352': 0, 'cluster_1863241547_1863241548_1976170214': 25, 'cluster_306484187_cluster_1200363791_1200363826_1200363834_1200363898_1200363927_1200363938_1200363947_1200364074_1200364103_1507566554_1507566556_255882157_306484190': 0, 'gneJ143': 1, 'gneJ207': 2, 'gneJ208': 0, 'gneJ210': 0, 'gneJ255': 0, 'gneJ257': 46}, 
59290.0, {'1863241632': -0.08928572, '2330725114': -0.026785715, '243351999': -0.026785715, '243641585': -4.0, '243749571': -4.0, '30503246': -0.12946428, '30624898': -4.0, '32564122': 0.0, '89127267': 0.0, '89173763': -0.5, '89173808': 0.0, 'cluster_1427494838_273472399': -0.004464286, 'cluster_1757124350_1757124352': 0.0, 'cluster_1863241547_1863241548_1976170214': -2.6651785, 'cluster_306484187_cluster_1200363791_1200363826_1200363834_1200363898_1200363927_1200363938_1200363947_1200364074_1200364103_1507566554_1507566556_255882157_306484190': 0.0, 'gneJ143': -0.10714286, 'gneJ207': -0.20535715, 'gneJ208': 0.0, 'gneJ210': -0.004464286, 'gneJ255': 0.0, 'gneJ257': -4.0}, {'1863241632': 1, '2330725114': 1, '243351999': 1, '243641585': 8, '243749571': 23, '30503246': 1, '30624898': 16, '32564122': 0, '89127267': 0, '89173763': 2, '89173808': 0, 'cluster_1427494838_273472399': 1, 'cluster_1757124350_1757124352': 0, 'cluster_1863241547_1863241548_1976170214': 4, 'cluster_306484187_cluster_1200363791_1200363826_1200363834_1200363898_1200363927_1200363938_1200363947_1200364074_1200364103_1507566554_1507566556_255882157_306484190': 0, 'gneJ143': 1, 'gneJ207': 2, 'gneJ208': 0, 'gneJ210': 1, 'gneJ255': 0, 'gneJ257': 22}, {'1863241632': 1, '2330725114': 1, '243351999': 1, '243641585': 17, '243749571': 55, '30503246': 1, '30624898': 27, '32564122': 0, '89127267': 0, '89173763': 3, '89173808': 0, 'cluster_1427494838_273472399': 1, 'cluster_1757124350_1757124352': 0, 'cluster_1863241547_1863241548_1976170214': 17, 'cluster_306484187_cluster_1200363791_1200363826_1200363834_1200363898_1200363927_1200363938_1200363947_1200364074_1200364103_1507566554_1507566556_255882157_306484190': 0, 'gneJ143': 1, 'gneJ207': 2, 'gneJ208': 0, 'gneJ210': 1, 'gneJ255': 0, 'gneJ257': 49}, 
59300.0, {'1863241632': 0.0, '2330725114': 0.0, '243351999': 0.0, '243641585': -3.607143, '243749571': -4.0, '30503246': 0.0, '30624898': -4.0, '32564122': -0.013392857, '89127267': -0.008928572, '89173763': -0.20089285, '89173808': -0.03125, 'cluster_1427494838_273472399': -0.04910714, 'cluster_1757124350_1757124352': 0.0, 'cluster_1863241547_1863241548_1976170214': -0.45089287, 'cluster_306484187_cluster_1200363791_1200363826_1200363834_1200363898_1200363927_1200363938_1200363947_1200364074_1200364103_1507566554_1507566556_255882157_306484190': 0.0, 'gneJ143': -0.035714287, 'gneJ207': -0.29464287, 'gneJ208': 0.0, 'gneJ210': -0.04910714, 'gneJ255': 0.0, 'gneJ257': -4.0}, {'1863241632': 0, '2330725114': 0, '243351999': 0, '243641585': 8, '243749571': 23, '30503246': 0, '30624898': 16, '32564122': 2, '89127267': 1, '89173763': 1, '89173808': 1, 'cluster_1427494838_273472399': 1, 'cluster_1757124350_1757124352': 0, 'cluster_1863241547_1863241548_1976170214': 1, 'cluster_306484187_cluster_1200363791_1200363826_1200363834_1200363898_1200363927_1200363938_1200363947_1200364074_1200364103_1507566554_1507566556_255882157_306484190': 0, 'gneJ143': 1, 'gneJ207': 2, 'gneJ208': 0, 'gneJ210': 1, 'gneJ255': 0, 'gneJ257': 24}, {'1863241632': 0, '2330725114': 0, '243351999': 0, '243641585': 14, '243749571': 55, '30503246': 0, '30624898': 27, '32564122': 2, '89127267': 1, '89173763': 4, '89173808': 1, 'cluster_1427494838_273472399': 1, 'cluster_1757124350_1757124352': 0, 'cluster_1863241547_1863241548_1976170214': 4, 'cluster_306484187_cluster_1200363791_1200363826_1200363834_1200363898_1200363927_1200363938_1200363947_1200364074_1200364103_1507566554_1507566556_255882157_306484190': 0, 'gneJ143': 2, 'gneJ207': 2, 'gneJ208': 0, 'gneJ210': 1, 'gneJ255': 0, 'gneJ257': 51}, 
59310.0, {'1863241632': 0.0, '2330725114': 0.0, '243351999': 0.0, '243641585': -4.0, '243749571': -4.0, '30503246': 0.0, '30624898': -4.0, '32564122': -0.17857143, '89127267': -0.05357143, '89173763': -0.0625, '89173808': -0.008928572, 'cluster_1427494838_273472399': 0.0, 'cluster_1757124350_1757124352': 0.0, 'cluster_1863241547_1863241548_1976170214': -0.29910713, 'cluster_306484187_cluster_1200363791_1200363826_1200363834_1200363898_1200363927_1200363938_1200363947_1200364074_1200364103_1507566554_1507566556_255882157_306484190': 0.0, 'gneJ143': -0.18303572, 'gneJ207': -0.39285713, 'gneJ208': 0.0, 'gneJ210': -0.004464286, 'gneJ255': 0.0, 'gneJ257': -4.0}, {'1863241632': 0, '2330725114': 0, '243351999': 0, '243641585': 8, '243749571': 23, '30503246': 0, '30624898': 16, '32564122': 6, '89127267': 1, '89173763': 4, '89173808': 1, 'cluster_1427494838_273472399': 0, 'cluster_1757124350_1757124352': 0, 'cluster_1863241547_1863241548_1976170214': 2, 'cluster_306484187_cluster_1200363791_1200363826_1200363834_1200363898_1200363927_1200363938_1200363947_1200364074_1200364103_1507566554_1507566556_255882157_306484190': 0, 'gneJ143': 2, 'gneJ207': 2, 'gneJ208': 0, 'gneJ210': 1, 'gneJ255': 0, 'gneJ257': 24}, {'1863241632': 0, '2330725114': 0, '243351999': 0, '243641585': 14, '243749571': 55, '30503246': 0, '30624898': 29, '32564122': 6, '89127267': 1, '89173763': 4, '89173808': 1, 'cluster_1427494838_273472399': 0, 'cluster_1757124350_1757124352': 0, 'cluster_1863241547_1863241548_1976170214': 6, 'cluster_306484187_cluster_1200363791_1200363826_1200363834_1200363898_1200363927_1200363938_1200363947_1200364074_1200364103_1507566554_1507566556_255882157_306484190': 0, 'gneJ143': 4, 'gneJ207': 3, 'gneJ208': 0, 'gneJ210': 1, 'gneJ255': 0, 'gneJ257': 53}, 
59320.0, {'1863241632': -0.017857144, '2330725114': -0.004464286, '243351999': 0.0, '243641585': -4.0, '243749571': -4.0, '30503246': 0.0, '30624898': -4.0, '32564122': -0.19642857, '89127267': -0.02232143, '89173763': -0.32142857, '89173808': 0.0, 'cluster_1427494838_273472399': 0.0, 'cluster_1757124350_1757124352': 0.0, 'cluster_1863241547_1863241548_1976170214': -0.39732143, 'cluster_306484187_cluster_1200363791_1200363826_1200363834_1200363898_1200363927_1200363938_1200363947_1200364074_1200364103_1507566554_1507566556_255882157_306484190': 0.0, 'gneJ143': 0.0, 'gneJ207': -0.48214287, 'gneJ208': 0.0, 'gneJ210': 0.0, 'gneJ255': -0.017857144, 'gneJ257': -4.0}, {'1863241632': 1, '2330725114': 1, '243351999': 0, '243641585': 8, '243749571': 23, '30503246': 0, '30624898': 16, '32564122': 3, '89127267': 2, '89173763': 6, '89173808': 0, 'cluster_1427494838_273472399': 0, 'cluster_1757124350_1757124352': 0, 'cluster_1863241547_1863241548_1976170214': 6, 'cluster_306484187_cluster_1200363791_1200363826_1200363834_1200363898_1200363927_1200363938_1200363947_1200364074_1200364103_1507566554_1507566556_255882157_306484190': 0, 'gneJ143': 0, 'gneJ207': 2, 'gneJ208': 0, 'gneJ210': 0, 'gneJ255': 1, 'gneJ257': 24}, {'1863241632': 1, '2330725114': 1, '243351999': 0, '243641585': 14, '243749571': 55, '30503246': 0, '30624898': 35, '32564122': 4, '89127267': 2, '89173763': 6, '89173808': 0, 'cluster_1427494838_273472399': 0, 'cluster_1757124350_1757124352': 0, 'cluster_1863241547_1863241548_1976170214': 9, 'cluster_306484187_cluster_1200363791_1200363826_1200363834_1200363898_1200363927_1200363938_1200363947_1200364074_1200364103_1507566554_1507566556_255882157_306484190': 0, 'gneJ143': 0, 'gneJ207': 3, 'gneJ208': 0, 'gneJ210': 0, 'gneJ255': 1, 'gneJ257': 54}, 
59330.0, {'1863241632': 0.0, '2330725114': 0.0, '243351999': -0.02232143, '243641585': -4.0, '243749571': -4.0, '30503246': 0.0, '30624898': -4.0, '32564122': -0.32589287, '89127267': -0.11160714, '89173763': -0.6026786, '89173808': 0.0, 'cluster_1427494838_273472399': 0.0, 'cluster_1757124350_1757124352': -0.013392857, 'cluster_1863241547_1863241548_1976170214': -0.33482143, 'cluster_306484187_cluster_1200363791_1200363826_1200363834_1200363898_1200363927_1200363938_1200363947_1200364074_1200364103_1507566554_1507566556_255882157_306484190': -0.013392857, 'gneJ143': -0.004464286, 'gneJ207': -0.5625, 'gneJ208': 0.0, 'gneJ210': 0.0, 'gneJ255': 0.0, 'gneJ257': -4.0}, {'1863241632': 0, '2330725114': 0, '243351999': 1, '243641585': 8, '243749571': 23, '30503246': 0, '30624898': 16, '32564122': 3, '89127267': 2, '89173763': 6, '89173808': 0, 'cluster_1427494838_273472399': 0, 'cluster_1757124350_1757124352': 1, 'cluster_1863241547_1863241548_1976170214': 4, 'cluster_306484187_cluster_1200363791_1200363826_1200363834_1200363898_1200363927_1200363938_1200363947_1200364074_1200364103_1507566554_1507566556_255882157_306484190': 1, 'gneJ143': 1, 'gneJ207': 2, 'gneJ208': 0, 'gneJ210': 0, 'gneJ255': 0, 'gneJ257': 25}, {'1863241632': 0, '2330725114': 0, '243351999': 1, '243641585': 16, '243749571': 55, '30503246': 0, '30624898': 36, '32564122': 4, '89127267': 2, '89173763': 7, '89173808': 0, 'cluster_1427494838_273472399': 0, 'cluster_1757124350_1757124352': 2, 'cluster_1863241547_1863241548_1976170214': 5, 'cluster_306484187_cluster_1200363791_1200363826_1200363834_1200363898_1200363927_1200363938_1200363947_1200364074_1200364103_1507566554_1507566556_255882157_306484190': 1, 'gneJ143': 1, 'gneJ207': 2, 'gneJ208': 0, 'gneJ210': 0, 'gneJ255': 0, 'gneJ257': 52}, 
59340.0, {'1863241632': -0.008928572, '2330725114': -0.07589286, '243351999': 0.0, '243641585': -4.0, '243749571': -4.0, '30503246': 0.0, '30624898': -4.0, '32564122': 0.0, '89127267': -0.09375, '89173763': -0.9151786, '89173808': -0.05357143, 'cluster_1427494838_273472399': 0.0, 'cluster_1757124350_1757124352': -0.14732143, 'cluster_1863241547_1863241548_1976170214': -0.38392857, 'cluster_306484187_cluster_1200363791_1200363826_1200363834_1200363898_1200363927_1200363938_1200363947_1200364074_1200364103_1507566554_1507566556_255882157_306484190': 0.0, 'gneJ143': -0.058035713, 'gneJ207': -0.3080357, 'gneJ208': -0.04017857, 'gneJ210': 0.0, 'gneJ255': 0.0, 'gneJ257': -4.0}, {'1863241632': 1, '2330725114': 4, '243351999': 0, '243641585': 8, '243749571': 23, '30503246': 0, '30624898': 16, '32564122': 0, '89127267': 1, '89173763': 6, '89173808': 2, 'cluster_1427494838_273472399': 0, 'cluster_1757124350_1757124352': 2, 'cluster_1863241547_1863241548_1976170214': 3, 'cluster_306484187_cluster_1200363791_1200363826_1200363834_1200363898_1200363927_1200363938_1200363947_1200364074_1200364103_1507566554_1507566556_255882157_306484190': 0, 'gneJ143': 1, 'gneJ207': 1, 'gneJ208': 1, 'gneJ210': 0, 'gneJ255': 0, 'gneJ257': 25}, {'1863241632': 1, '2330725114': 4, '243351999': 0, '243641585': 13, '243749571': 55, '30503246': 0, '30624898': 36, '32564122': 0, '89127267': 1, '89173763': 7, '89173808': 2, 'cluster_1427494838_273472399': 0, 'cluster_1757124350_1757124352': 3, 'cluster_1863241547_1863241548_1976170214': 5, 'cluster_306484187_cluster_1200363791_1200363826_1200363834_1200363898_1200363927_1200363938_1200363947_1200364074_1200364103_1507566554_1507566556_255882157_306484190': 0, 'gneJ143': 2, 'gneJ207': 2, 'gneJ208': 1, 'gneJ210': 0, 'gneJ255': 0, 'gneJ257': 50}, 
59350.0, {'1863241632': -0.09821428, '2330725114': -0.3169643, '243351999': 0.0, '243641585': -4.0, '243749571': -4.0, '30503246': 0.0, '30624898': -4.0, '32564122': -0.06696428, '89127267': -0.13839285, '89173763': -1.2276785, '89173808': -0.14285715, 'cluster_1427494838_273472399': 0.0, 'cluster_1757124350_1757124352': 0.0, 'cluster_1863241547_1863241548_1976170214': -0.67410713, 'cluster_306484187_cluster_1200363791_1200363826_1200363834_1200363898_1200363927_1200363938_1200363947_1200364074_1200364103_1507566554_1507566556_255882157_306484190': 0.0, 'gneJ143': 0.0, 'gneJ207': -0.06696428, 'gneJ208': -0.026785715, 'gneJ210': -0.004464286, 'gneJ255': 0.0, 'gneJ257': -4.0}, {'1863241632': 2, '2330725114': 6, '243351999': 0, '243641585': 8, '243749571': 23, '30503246': 0, '30624898': 16, '32564122': 3, '89127267': 1, '89173763': 6, '89173808': 2, 'cluster_1427494838_273472399': 0, 'cluster_1757124350_1757124352': 0, 'cluster_1863241547_1863241548_1976170214': 6, 'cluster_306484187_cluster_1200363791_1200363826_1200363834_1200363898_1200363927_1200363938_1200363947_1200364074_1200364103_1507566554_1507566556_255882157_306484190': 0, 'gneJ143': 0, 'gneJ207': 1, 'gneJ208': 1, 'gneJ210': 1, 'gneJ255': 0, 'gneJ257': 24}, {'1863241632': 2, '2330725114': 6, '243351999': 0, '243641585': 12, '243749571': 56, '30503246': 0, '30624898': 34, '32564122': 3, '89127267': 1, '89173763': 7, '89173808': 2, 'cluster_1427494838_273472399': 0, 'cluster_1757124350_1757124352': 0, 'cluster_1863241547_1863241548_1976170214': 8, 'cluster_306484187_cluster_1200363791_1200363826_1200363834_1200363898_1200363927_1200363938_1200363947_1200364074_1200364103_1507566554_1507566556_255882157_306484190': 0, 'gneJ143': 0, 'gneJ207': 1, 'gneJ208': 1, 'gneJ210': 1, 'gneJ255': 0, 'gneJ257': 53}, 
59360.0, {'1863241632': 0.0, '2330725114': -0.24553572, '243351999': 0.0, '243641585': -4.0, '243749571': -4.0, '30503246': 0.0, '30624898': -4.0, '32564122': -0.23214285, '89127267': -0.08928572, '89173763': -1.3928572, '89173808': -0.23214285, 'cluster_1427494838_273472399': 0.0, 'cluster_1757124350_1757124352': 0.0, 'cluster_1863241547_1863241548_1976170214': -1.03125, 'cluster_306484187_cluster_1200363791_1200363826_1200363834_1200363898_1200363927_1200363938_1200363947_1200364074_1200364103_1507566554_1507566556_255882157_306484190': 0.0, 'gneJ143': 0.0, 'gneJ207': -0.16071428, 'gneJ208': -0.084821425, 'gneJ210': -0.04910714, 'gneJ255': 0.0, 'gneJ257': -4.0}, {'1863241632': 0, '2330725114': 3, '243351999': 0, '243641585': 8, '243749571': 23, '30503246': 0, '30624898': 16, '32564122': 6, '89127267': 1, '89173763': 6, '89173808': 2, 'cluster_1427494838_273472399': 0, 'cluster_1757124350_1757124352': 0, 'cluster_1863241547_1863241548_1976170214': 6, 'cluster_306484187_cluster_1200363791_1200363826_1200363834_1200363898_1200363927_1200363938_1200363947_1200364074_1200364103_1507566554_1507566556_255882157_306484190': 0, 'gneJ143': 0, 'gneJ207': 2, 'gneJ208': 1, 'gneJ210': 1, 'gneJ255': 0, 'gneJ257': 23}, {'1863241632': 0, '2330725114': 3, '243351999': 0, '243641585': 12, '243749571': 57, '30503246': 0, '30624898': 32, '32564122': 6, '89127267': 3, '89173763': 6, '89173808': 2, 'cluster_1427494838_273472399': 0, 'cluster_1757124350_1757124352': 0, 'cluster_1863241547_1863241548_1976170214': 8, 'cluster_306484187_cluster_1200363791_1200363826_1200363834_1200363898_1200363927_1200363938_1200363947_1200364074_1200364103_1507566554_1507566556_255882157_306484190': 0, 'gneJ143': 0, 'gneJ207': 3, 'gneJ208': 2, 'gneJ210': 1, 'gneJ255': 0, 'gneJ257': 51}, 
59370.0, {'1863241632': -0.04910714, '2330725114': -0.3794643, '243351999': -0.013392857, '243641585': -4.0, '243749571': -4.0, '30503246': 0.0, '30624898': -4.0, '32564122': -0.16517857, '89127267': 0.0, '89173763': -0.83928573, '89173808': 0.0, 'cluster_1427494838_273472399': -0.026785715, 'cluster_1757124350_1757124352': 0.0, 'cluster_1863241547_1863241548_1976170214': -0.625, 'cluster_306484187_cluster_1200363791_1200363826_1200363834_1200363898_1200363927_1200363938_1200363947_1200364074_1200364103_1507566554_1507566556_255882157_306484190': 0.0, 'gneJ143': 0.0, 'gneJ207': 0.0, 'gneJ208': -0.17410715, 'gneJ210': -0.004464286, 'gneJ255': 0.0, 'gneJ257': -4.0}, {'1863241632': 2, '2330725114': 3, '243351999': 1, '243641585': 8, '243749571': 23, '30503246': 0, '30624898': 16, '32564122': 3, '89127267': 0, '89173763': 3, '89173808': 0, 'cluster_1427494838_273472399': 1, 'cluster_1757124350_1757124352': 0, 'cluster_1863241547_1863241548_1976170214': 4, 'cluster_306484187_cluster_1200363791_1200363826_1200363834_1200363898_1200363927_1200363938_1200363947_1200364074_1200364103_1507566554_1507566556_255882157_306484190': 0, 'gneJ143': 0, 'gneJ207': 0, 'gneJ208': 1, 'gneJ210': 1, 'gneJ255': 0, 'gneJ257': 25}, {'1863241632': 2, '2330725114': 3, '243351999': 1, '243641585': 9, '243749571': 57, '30503246': 0, '30624898': 32, '32564122': 3, '89127267': 0, '89173763': 5, '89173808': 0, 'cluster_1427494838_273472399': 1, 'cluster_1757124350_1757124352': 0, 'cluster_1863241547_1863241548_1976170214': 5, 'cluster_306484187_cluster_1200363791_1200363826_1200363834_1200363898_1200363927_1200363938_1200363947_1200364074_1200364103_1507566554_1507566556_255882157_306484190': 0, 'gneJ143': 0, 'gneJ207': 0, 'gneJ208': 2, 'gneJ210': 1, 'gneJ255': 0, 'gneJ257': 53}, 
59380.0, {'1863241632': 0.0, '2330725114': 0.0, '243351999': -0.13392857, '243641585': -4.0, '243749571': -4.0, '30503246': 0.0, '30624898': -4.0, '32564122': 0.0, '89127267': 0.0, '89173763': -0.9464286, '89173808': 0.0, 'cluster_1427494838_273472399': -0.071428575, 'cluster_1757124350_1757124352': 0.0, 'cluster_1863241547_1863241548_1976170214': -0.5223214, 'cluster_306484187_cluster_1200363791_1200363826_1200363834_1200363898_1200363927_1200363938_1200363947_1200364074_1200364103_1507566554_1507566556_255882157_306484190': -0.026785715, 'gneJ143': -0.026785715, 'gneJ207': -0.035714287, 'gneJ208': -0.04464286, 'gneJ210': 0.0, 'gneJ255': 0.0, 'gneJ257': -4.0}, {'1863241632': 0, '2330725114': 0, '243351999': 3, '243641585': 8, '243749571': 23, '30503246': 0, '30624898': 16, '32564122': 0, '89127267': 0, '89173763': 5, '89173808': 0, 'cluster_1427494838_273472399': 1, 'cluster_1757124350_1757124352': 0, 'cluster_1863241547_1863241548_1976170214': 3, 'cluster_306484187_cluster_1200363791_1200363826_1200363834_1200363898_1200363927_1200363938_1200363947_1200364074_1200364103_1507566554_1507566556_255882157_306484190': 1, 'gneJ143': 1, 'gneJ207': 1, 'gneJ208': 1, 'gneJ210': 0, 'gneJ255': 0, 'gneJ257': 25}, {'1863241632': 0, '2330725114': 0, '243351999': 3, '243641585': 9, '243749571': 58, '30503246': 0, '30624898': 33, '32564122': 0, '89127267': 0, '89173763': 5, '89173808': 0, 'cluster_1427494838_273472399': 1, 'cluster_1757124350_1757124352': 0, 'cluster_1863241547_1863241548_1976170214': 4, 'cluster_306484187_cluster_1200363791_1200363826_1200363834_1200363898_1200363927_1200363938_1200363947_1200364074_1200364103_1507566554_1507566556_255882157_306484190': 1, 'gneJ143': 1, 'gneJ207': 1, 'gneJ208': 1, 'gneJ210': 0, 'gneJ255': 0, 'gneJ257': 50}, 
59390.0, {'1863241632': -0.04017857, '2330725114': -0.06696428, '243351999': 0.0, '243641585': -3.3794644, '243749571': -4.0, '30503246': 0.0, '30624898': -4.0, '32564122': -0.035714287, '89127267': -0.04464286, '89173763': -0.5, '89173808': 0.0, 'cluster_1427494838_273472399': 0.0, 'cluster_1757124350_1757124352': 0.0, 'cluster_1863241547_1863241548_1976170214': -0.21875, 'cluster_306484187_cluster_1200363791_1200363826_1200363834_1200363898_1200363927_1200363938_1200363947_1200364074_1200364103_1507566554_1507566556_255882157_306484190': 0.0, 'gneJ143': -0.21428572, 'gneJ207': 0.0, 'gneJ208': -0.08928572, 'gneJ210': 0.0, 'gneJ255': 0.0, 'gneJ257': -4.0}, {'1863241632': 2, '2330725114': 3, '243351999': 0, '243641585': 5, '243749571': 23, '30503246': 0, '30624898': 16, '32564122': 1, '89127267': 1, '89173763': 3, '89173808': 0, 'cluster_1427494838_273472399': 0, 'cluster_1757124350_1757124352': 0, 'cluster_1863241547_1863241548_1976170214': 2, 'cluster_306484187_cluster_1200363791_1200363826_1200363834_1200363898_1200363927_1200363938_1200363947_1200364074_1200364103_1507566554_1507566556_255882157_306484190': 0, 'gneJ143': 2, 'gneJ207': 0, 'gneJ208': 1, 'gneJ210': 0, 'gneJ255': 0, 'gneJ257': 25}, {'1863241632': 2, '2330725114': 3, '243351999': 0, '243641585': 7, '243749571': 59, '30503246': 0, '30624898': 37, '32564122': 2, '89127267': 1, '89173763': 5, '89173808': 0, 'cluster_1427494838_273472399': 0, 'cluster_1757124350_1757124352': 0, 'cluster_1863241547_1863241548_1976170214': 2, 'cluster_306484187_cluster_1200363791_1200363826_1200363834_1200363898_1200363927_1200363938_1200363947_1200364074_1200364103_1507566554_1507566556_255882157_306484190': 0, 'gneJ143': 6, 'gneJ207': 0, 'gneJ208': 1, 'gneJ210': 0, 'gneJ255': 0, 'gneJ257': 49}, 
59400.0, {'1863241632': -0.12946428, '2330725114': -0.20982143, '243351999': -0.013392857, '243641585': -2.7723215, '243749571': -4.0, '30503246': 0.0, '30624898': -4.0, '32564122': 0.0, '89127267': -0.13839285, '89173763': -0.77678573, '89173808': 0.0, 'cluster_1427494838_273472399': 0.0, 'cluster_1757124350_1757124352': 0.0, 'cluster_1863241547_1863241548_1976170214': -0.10714286, 'cluster_306484187_cluster_1200363791_1200363826_1200363834_1200363898_1200363927_1200363938_1200363947_1200364074_1200364103_1507566554_1507566556_255882157_306484190': 0.0, 'gneJ143': -0.4375, 'gneJ207': 0.0, 'gneJ208': 0.0, 'gneJ210': -0.084821425, 'gneJ255': -0.013392857, 'gneJ257': -4.0}, {'1863241632': 2, '2330725114': 4, '243351999': 1, '243641585': 4, '243749571': 23, '30503246': 0, '30624898': 16, '32564122': 0, '89127267': 2, '89173763': 5, '89173808': 0, 'cluster_1427494838_273472399': 0, 'cluster_1757124350_1757124352': 0, 'cluster_1863241547_1863241548_1976170214': 3, 'cluster_306484187_cluster_1200363791_1200363826_1200363834_1200363898_1200363927_1200363938_1200363947_1200364074_1200364103_1507566554_1507566556_255882157_306484190': 0, 'gneJ143': 3, 'gneJ207': 0, 'gneJ208': 0, 'gneJ210': 1, 'gneJ255': 1, 'gneJ257': 24}, {'1863241632': 2, '2330725114': 4, '243351999': 1, '243641585': 6, '243749571': 59, '30503246': 0, '30624898': 35, '32564122': 0, '89127267': 3, '89173763': 8, '89173808': 0, 'cluster_1427494838_273472399': 0, 'cluster_1757124350_1757124352': 0, 'cluster_1863241547_1863241548_1976170214': 4, 'cluster_306484187_cluster_1200363791_1200363826_1200363834_1200363898_1200363927_1200363938_1200363947_1200364074_1200364103_1507566554_1507566556_255882157_306484190': 0, 'gneJ143': 6, 'gneJ207': 0, 'gneJ208': 0, 'gneJ210': 2, 'gneJ255': 1, 'gneJ257': 53}, 
59410.0, {'1863241632': -0.21875, '2330725114': -0.46875, '243351999': -0.004464286, '243641585': -3.1160715, '243749571': -4.0, '30503246': 0.0, '30624898': -4.0, '32564122': -0.035714287, '89127267': 0.0, '89173763': -0.83035713, '89173808': -0.05357143, 'cluster_1427494838_273472399': -0.008928572, 'cluster_1757124350_1757124352': 0.0, 'cluster_1863241547_1863241548_1976170214': -0.38839287, 'cluster_306484187_cluster_1200363791_1200363826_1200363834_1200363898_1200363927_1200363938_1200363947_1200364074_1200364103_1507566554_1507566556_255882157_306484190': 0.0, 'gneJ143': -0.73660713, 'gneJ207': -0.026785715, 'gneJ208': 0.0, 'gneJ210': 0.0, 'gneJ255': 0.0, 'gneJ257': -4.0}, {'1863241632': 2, '2330725114': 6, '243351999': 1, '243641585': 4, '243749571': 23, '30503246': 0, '30624898': 16, '32564122': 1, '89127267': 0, '89173763': 5, '89173808': 3, 'cluster_1427494838_273472399': 1, 'cluster_1757124350_1757124352': 0, 'cluster_1863241547_1863241548_1976170214': 6, 'cluster_306484187_cluster_1200363791_1200363826_1200363834_1200363898_1200363927_1200363938_1200363947_1200364074_1200364103_1507566554_1507566556_255882157_306484190': 0, 'gneJ143': 3, 'gneJ207': 1, 'gneJ208': 0, 'gneJ210': 0, 'gneJ255': 0, 'gneJ257': 25}, {'1863241632': 2, '2330725114': 6, '243351999': 1, '243641585': 10, '243749571': 59, '30503246': 0, '30624898': 34, '32564122': 1, '89127267': 0, '89173763': 5, '89173808': 4, 'cluster_1427494838_273472399': 1, 'cluster_1757124350_1757124352': 0, 'cluster_1863241547_1863241548_1976170214': 8, 'cluster_306484187_cluster_1200363791_1200363826_1200363834_1200363898_1200363927_1200363938_1200363947_1200364074_1200364103_1507566554_1507566556_255882157_306484190': 0, 'gneJ143': 7, 'gneJ207': 1, 'gneJ208': 0, 'gneJ210': 0, 'gneJ255': 0, 'gneJ257': 55}, 
59420.0, {'1863241632': -0.3080357, '2330725114': -0.26785713, '243351999': 0.0, '243641585': -3.2901785, '243749571': -4.0, '30503246': 0.0, '30624898': -4.0, '32564122': -0.08035714, '89127267': -0.026785715, '89173763': -1.0803572, '89173808': 0.0, 'cluster_1427494838_273472399': 0.0, 'cluster_1757124350_1757124352': 0.0, 'cluster_1863241547_1863241548_1976170214': -0.7589286, 'cluster_306484187_cluster_1200363791_1200363826_1200363834_1200363898_1200363927_1200363938_1200363947_1200364074_1200364103_1507566554_1507566556_255882157_306484190': -0.004464286, 'gneJ143': 0.0, 'gneJ207': -0.026785715, 'gneJ208': 0.0, 'gneJ210': 0.0, 'gneJ255': 0.0, 'gneJ257': -4.0}, {'1863241632': 2, '2330725114': 3, '243351999': 0, '243641585': 7, '243749571': 23, '30503246': 0, '30624898': 16, '32564122': 1, '89127267': 1, '89173763': 5, '89173808': 0, 'cluster_1427494838_273472399': 0, 'cluster_1757124350_1757124352': 0, 'cluster_1863241547_1863241548_1976170214': 6, 'cluster_306484187_cluster_1200363791_1200363826_1200363834_1200363898_1200363927_1200363938_1200363947_1200364074_1200364103_1507566554_1507566556_255882157_306484190': 1, 'gneJ143': 0, 'gneJ207': 1, 'gneJ208': 0, 'gneJ210': 0, 'gneJ255': 0, 'gneJ257': 25}, {'1863241632': 2, '2330725114': 3, '243351999': 0, '243641585': 11, '243749571': 58, '30503246': 0, '30624898': 33, '32564122': 1, '89127267': 2, '89173763': 6, '89173808': 0, 'cluster_1427494838_273472399': 0, 'cluster_1757124350_1757124352': 0, 'cluster_1863241547_1863241548_1976170214': 10, 'cluster_306484187_cluster_1200363791_1200363826_1200363834_1200363898_1200363927_1200363938_1200363947_1200364074_1200364103_1507566554_1507566556_255882157_306484190': 1, 'gneJ143': 0, 'gneJ207': 1, 'gneJ208': 0, 'gneJ210': 0, 'gneJ255': 0, 'gneJ257': 52}, 
59430.0, {'1863241632': -0.39732143, '2330725114': -0.4017857, '243351999': 0.0, '243641585': -1.2678572, '243749571': -4.0, '30503246': 0.0, '30624898': -4.0, '32564122': -0.125, '89127267': -0.013392857, '89173763': -1.2767857, '89173808': 0.0, 'cluster_1427494838_273472399': 0.0, 'cluster_1757124350_1757124352': -0.008928572, 'cluster_1863241547_1863241548_1976170214': -1.2098215, 'cluster_306484187_cluster_1200363791_1200363826_1200363834_1200363898_1200363927_1200363938_1200363947_1200364074_1200364103_1507566554_1507566556_255882157_306484190': 0.0, 'gneJ143': 0.0, 'gneJ207': -0.071428575, 'gneJ208': 0.0, 'gneJ210': 0.0, 'gneJ255': 0.0, 'gneJ257': -4.0}, {'1863241632': 2, '2330725114': 3, '243351999': 0, '243641585': 5, '243749571': 23, '30503246': 0, '30624898': 16, '32564122': 1, '89127267': 1, '89173763': 5, '89173808': 0, 'cluster_1427494838_273472399': 0, 'cluster_1757124350_1757124352': 1, 'cluster_1863241547_1863241548_1976170214': 6, 'cluster_306484187_cluster_1200363791_1200363826_1200363834_1200363898_1200363927_1200363938_1200363947_1200364074_1200364103_1507566554_1507566556_255882157_306484190': 0, 'gneJ143': 0, 'gneJ207': 1, 'gneJ208': 0, 'gneJ210': 0, 'gneJ255': 0, 'gneJ257': 25}, {'1863241632': 2, '2330725114': 3, '243351999': 0, '243641585': 10, '243749571': 57, '30503246': 0, '30624898': 34, '32564122': 1, '89127267': 1, '89173763': 5, '89173808': 0, 'cluster_1427494838_273472399': 0, 'cluster_1757124350_1757124352': 2, 'cluster_1863241547_1863241548_1976170214': 11, 'cluster_306484187_cluster_1200363791_1200363826_1200363834_1200363898_1200363927_1200363938_1200363947_1200364074_1200364103_1507566554_1507566556_255882157_306484190': 0, 'gneJ143': 0, 'gneJ207': 1, 'gneJ208': 0, 'gneJ210': 0, 'gneJ255': 0, 'gneJ257': 53}, 
59440.0, {'1863241632': -0.53125, '2330725114': 0.0, '243351999': 0.0, '243641585': -1.7321428, '243749571': -4.0, '30503246': -0.04464286, '30624898': -4.0, '32564122': -0.16964285, '89127267': -0.058035713, '89173763': -1.5, '89173808': 0.0, 'cluster_1427494838_273472399': 0.0, 'cluster_1757124350_1757124352': -0.28125, 'cluster_1863241547_1863241548_1976170214': -0.91071427, 'cluster_306484187_cluster_1200363791_1200363826_1200363834_1200363898_1200363927_1200363938_1200363947_1200364074_1200364103_1507566554_1507566556_255882157_306484190': 0.0, 'gneJ143': -0.02232143, 'gneJ207': -0.116071425, 'gneJ208': 0.0, 'gneJ210': 0.0, 'gneJ255': 0.0, 'gneJ257': -4.0}, {'1863241632': 2, '2330725114': 0, '243351999': 0, '243641585': 5, '243749571': 23, '30503246': 1, '30624898': 16, '32564122': 1, '89127267': 1, '89173763': 5, '89173808': 0, 'cluster_1427494838_273472399': 0, 'cluster_1757124350_1757124352': 4, 'cluster_1863241547_1863241548_1976170214': 4, 'cluster_306484187_cluster_1200363791_1200363826_1200363834_1200363898_1200363927_1200363938_1200363947_1200364074_1200364103_1507566554_1507566556_255882157_306484190': 0, 'gneJ143': 1, 'gneJ207': 1, 'gneJ208': 0, 'gneJ210': 0, 'gneJ255': 0, 'gneJ257': 24}, {'1863241632': 3, '2330725114': 0, '243351999': 0, '243641585': 11, '243749571': 58, '30503246': 2, '30624898': 37, '32564122': 1, '89127267': 1, '89173763': 5, '89173808': 0, 'cluster_1427494838_273472399': 0, 'cluster_1757124350_1757124352': 7, 'cluster_1863241547_1863241548_1976170214': 9, 'cluster_306484187_cluster_1200363791_1200363826_1200363834_1200363898_1200363927_1200363938_1200363947_1200364074_1200364103_1507566554_1507566556_255882157_306484190': 0, 'gneJ143': 2, 'gneJ207': 1, 'gneJ208': 0, 'gneJ210': 0, 'gneJ255': 0, 'gneJ257': 53}, 
59450.0, {'1863241632': -0.6651786, '2330725114': 0.0, '243351999': 0.0, '243641585': -0.6160714, '243749571': -4.0, '30503246': 0.0, '30624898': -4.0, '32564122': -0.21428572, '89127267': 0.0, '89173763': -1.7232143, '89173808': -0.02232143, 'cluster_1427494838_273472399': -0.017857144, 'cluster_1757124350_1757124352': -0.07589286, 'cluster_1863241547_1863241548_1976170214': -0.79464287, 'cluster_306484187_cluster_1200363791_1200363826_1200363834_1200363898_1200363927_1200363938_1200363947_1200364074_1200364103_1507566554_1507566556_255882157_306484190': 0.0, 'gneJ143': -0.17410715, 'gneJ207': -0.013392857, 'gneJ208': 0.0, 'gneJ210': 0.0, 'gneJ255': 0.0, 'gneJ257': -4.0}, {'1863241632': 2, '2330725114': 0, '243351999': 0, '243641585': 2, '243749571': 23, '30503246': 0, '30624898': 16, '32564122': 1, '89127267': 0, '89173763': 5, '89173808': 1, 'cluster_1427494838_273472399': 1, 'cluster_1757124350_1757124352': 1, 'cluster_1863241547_1863241548_1976170214': 3, 'cluster_306484187_cluster_1200363791_1200363826_1200363834_1200363898_1200363927_1200363938_1200363947_1200364074_1200364103_1507566554_1507566556_255882157_306484190': 0, 'gneJ143': 2, 'gneJ207': 1, 'gneJ208': 0, 'gneJ210': 0, 'gneJ255': 0, 'gneJ257': 24}, {'1863241632': 3, '2330725114': 0, '243351999': 0, '243641585': 5, '243749571': 60, '30503246': 0, '30624898': 42, '32564122': 1, '89127267': 0, '89173763': 5, '89173808': 1, 'cluster_1427494838_273472399': 1, 'cluster_1757124350_1757124352': 1, 'cluster_1863241547_1863241548_1976170214': 7, 'cluster_306484187_cluster_1200363791_1200363826_1200363834_1200363898_1200363927_1200363938_1200363947_1200364074_1200364103_1507566554_1507566556_255882157_306484190': 0, 'gneJ143': 4, 'gneJ207': 1, 'gneJ208': 0, 'gneJ210': 0, 'gneJ255': 0, 'gneJ257': 53}, 
59460.0, {'1863241632': 0.0, '2330725114': 0.0, '243351999': -0.017857144, '243641585': -0.9375, '243749571': -4.0, '30503246': 0.0, '30624898': -4.0, '32564122': -0.26785713, '89127267': 0.0, '89173763': -0.91964287, '89173808': -0.04017857, 'cluster_1427494838_273472399': 0.0, 'cluster_1757124350_1757124352': 0.0, 'cluster_1863241547_1863241548_1976170214': -0.98660713, 'cluster_306484187_cluster_1200363791_1200363826_1200363834_1200363898_1200363927_1200363938_1200363947_1200364074_1200364103_1507566554_1507566556_255882157_306484190': 0.0, 'gneJ143': 0.0, 'gneJ207': 0.0, 'gneJ208': 0.0, 'gneJ210': -0.06696428, 'gneJ255': 0.0, 'gneJ257': -4.0}, {'1863241632': 0, '2330725114': 0, '243351999': 1, '243641585': 7, '243749571': 23, '30503246': 0, '30624898': 16, '32564122': 1, '89127267': 0, '89173763': 3, '89173808': 1, 'cluster_1427494838_273472399': 0, 'cluster_1757124350_1757124352': 0, 'cluster_1863241547_1863241548_1976170214': 6, 'cluster_306484187_cluster_1200363791_1200363826_1200363834_1200363898_1200363927_1200363938_1200363947_1200364074_1200364103_1507566554_1507566556_255882157_306484190': 0, 'gneJ143': 0, 'gneJ207': 0, 'gneJ208': 0, 'gneJ210': 1, 'gneJ255': 0, 'gneJ257': 26}, {'1863241632': 0, '2330725114': 0, '243351999': 1, '243641585': 12, '243749571': 59, '30503246': 0, '30624898': 40, '32564122': 2, '89127267': 0, '89173763': 3, '89173808': 1, 'cluster_1427494838_273472399': 0, 'cluster_1757124350_1757124352': 0, 'cluster_1863241547_1863241548_1976170214': 9, 'cluster_306484187_cluster_1200363791_1200363826_1200363834_1200363898_1200363927_1200363938_1200363947_1200364074_1200364103_1507566554_1507566556_255882157_306484190': 0, 'gneJ143': 0, 'gneJ207': 0, 'gneJ208': 0, 'gneJ210': 2, 'gneJ255': 0, 'gneJ257': 56}, 
59470.0, {'1863241632': 0.0, '2330725114': 0.0, '243351999': -0.0625, '243641585': -1.3035715, '243749571': -4.0, '30503246': 0.0, '30624898': -4.0, '32564122': -0.05357143, '89127267': 0.0, '89173763': -1.0535715, '89173808': -0.084821425, 'cluster_1427494838_273472399': -0.058035713, 'cluster_1757124350_1757124352': 0.0, 'cluster_1863241547_1863241548_1976170214': -1.3526785, 'cluster_306484187_cluster_1200363791_1200363826_1200363834_1200363898_1200363927_1200363938_1200363947_1200364074_1200364103_1507566554_1507566556_255882157_306484190': 0.0, 'gneJ143': 0.0, 'gneJ207': 0.0, 'gneJ208': -0.02232143, 'gneJ210': 0.0, 'gneJ255': 0.0, 'gneJ257': -4.0}, {'1863241632': 0, '2330725114': 0, '243351999': 1, '243641585': 8, '243749571': 23, '30503246': 0, '30624898': 16, '32564122': 2, '89127267': 0, '89173763': 3, '89173808': 1, 'cluster_1427494838_273472399': 1, 'cluster_1757124350_1757124352': 0, 'cluster_1863241547_1863241548_1976170214': 6, 'cluster_306484187_cluster_1200363791_1200363826_1200363834_1200363898_1200363927_1200363938_1200363947_1200364074_1200364103_1507566554_1507566556_255882157_306484190': 0, 'gneJ143': 0, 'gneJ207': 0, 'gneJ208': 1, 'gneJ210': 0, 'gneJ255': 0, 'gneJ257': 26}, {'1863241632': 0, '2330725114': 0, '243351999': 1, '243641585': 13, '243749571': 58, '30503246': 0, '30624898': 39, '32564122': 2, '89127267': 0, '89173763': 3, '89173808': 1, 'cluster_1427494838_273472399': 4, 'cluster_1757124350_1757124352': 0, 'cluster_1863241547_1863241548_1976170214': 9, 'cluster_306484187_cluster_1200363791_1200363826_1200363834_1200363898_1200363927_1200363938_1200363947_1200364074_1200364103_1507566554_1507566556_255882157_306484190': 0, 'gneJ143': 0, 'gneJ207': 0, 'gneJ208': 1, 'gneJ210': 0, 'gneJ255': 0, 'gneJ257': 54}, 
59480.0, {'1863241632': 0.0, '2330725114': 0.0, '243351999': 0.0, '243641585': -1.9017857, '243749571': -4.0, '30503246': 0.0, '30624898': -4.0, '32564122': -0.026785715, '89127267': 0.0, '89173763': -1.1964285, '89173808': -0.12946428, 'cluster_1427494838_273472399': 0.0, 'cluster_1757124350_1757124352': 0.0, 'cluster_1863241547_1863241548_1976170214': -1.7901785, 'cluster_306484187_cluster_1200363791_1200363826_1200363834_1200363898_1200363927_1200363938_1200363947_1200364074_1200364103_1507566554_1507566556_255882157_306484190': 0.0, 'gneJ143': 0.0, 'gneJ207': 0.0, 'gneJ208': -0.06696428, 'gneJ210': -0.026785715, 'gneJ255': 0.0, 'gneJ257': -4.0}, {'1863241632': 0, '2330725114': 0, '243351999': 0, '243641585': 8, '243749571': 23, '30503246': 0, '30624898': 16, '32564122': 1, '89127267': 0, '89173763': 3, '89173808': 1, 'cluster_1427494838_273472399': 0, 'cluster_1757124350_1757124352': 0, 'cluster_1863241547_1863241548_1976170214': 6, 'cluster_306484187_cluster_1200363791_1200363826_1200363834_1200363898_1200363927_1200363938_1200363947_1200364074_1200364103_1507566554_1507566556_255882157_306484190': 0, 'gneJ143': 0, 'gneJ207': 0, 'gneJ208': 1, 'gneJ210': 1, 'gneJ255': 0, 'gneJ257': 26}, {'1863241632': 0, '2330725114': 0, '243351999': 0, '243641585': 14, '243749571': 58, '30503246': 0, '30624898': 38, '32564122': 1, '89127267': 0, '89173763': 4, '89173808': 1, 'cluster_1427494838_273472399': 0, 'cluster_1757124350_1757124352': 0, 'cluster_1863241547_1863241548_1976170214': 11, 'cluster_306484187_cluster_1200363791_1200363826_1200363834_1200363898_1200363927_1200363938_1200363947_1200364074_1200364103_1507566554_1507566556_255882157_306484190': 0, 'gneJ143': 0, 'gneJ207': 0, 'gneJ208': 1, 'gneJ210': 1, 'gneJ255': 0, 'gneJ257': 52}, 
59490.0, {'1863241632': 0.0, '2330725114': -0.12053572, '243351999': 0.0, '243641585': -2.4464285, '243749571': -4.0, '30503246': -0.004464286, '30624898': -4.0, '32564122': -0.0625, '89127267': -0.004464286, '89173763': -1.3214285, '89173808': -0.17410715, 'cluster_1427494838_273472399': 0.0, 'cluster_1757124350_1757124352': 0.0, 'cluster_1863241547_1863241548_1976170214': -2.28125, 'cluster_306484187_cluster_1200363791_1200363826_1200363834_1200363898_1200363927_1200363938_1200363947_1200364074_1200364103_1507566554_1507566556_255882157_306484190': 0.0, 'gneJ143': 0.0, 'gneJ207': 0.0, 'gneJ208': -0.008928572, 'gneJ210': 0.0, 'gneJ255': 0.0, 'gneJ257': -4.0}, {'1863241632': 0, '2330725114': 4, '243351999': 0, '243641585': 8, '243749571': 23, '30503246': 1, '30624898': 16, '32564122': 2, '89127267': 1, '89173763': 3, '89173808': 1, 'cluster_1427494838_273472399': 0, 'cluster_1757124350_1757124352': 0, 'cluster_1863241547_1863241548_1976170214': 6, 'cluster_306484187_cluster_1200363791_1200363826_1200363834_1200363898_1200363927_1200363938_1200363947_1200364074_1200364103_1507566554_1507566556_255882157_306484190': 0, 'gneJ143': 0, 'gneJ207': 0, 'gneJ208': 1, 'gneJ210': 0, 'gneJ255': 0, 'gneJ257': 27}, {'1863241632': 0, '2330725114': 4, '243351999': 0, '243641585': 15, '243749571': 59, '30503246': 1, '30624898': 36, '32564122': 3, '89127267': 1, '89173763': 3, '89173808': 1, 'cluster_1427494838_273472399': 0, 'cluster_1757124350_1757124352': 0, 'cluster_1863241547_1863241548_1976170214': 11, 'cluster_306484187_cluster_1200363791_1200363826_1200363834_1200363898_1200363927_1200363938_1200363947_1200364074_1200364103_1507566554_1507566556_255882157_306484190': 0, 'gneJ143': 0, 'gneJ207': 0, 'gneJ208': 1, 'gneJ210': 0, 'gneJ255': 0, 'gneJ257': 57}, 
59500.0, {'1863241632': 0.0, '2330725114': -0.116071425, '243351999': 0.0, '243641585': -3.1160715, '243749571': -4.0, '30503246': -0.0625, '30624898': -4.0, '32564122': -0.035714287, '89127267': -0.11160714, '89173763': 0.0, '89173808': -0.013392857, 'cluster_1427494838_273472399': 0.0, 'cluster_1757124350_1757124352': 0.0, 'cluster_1863241547_1863241548_1976170214': -1.3392857, 'cluster_306484187_cluster_1200363791_1200363826_1200363834_1200363898_1200363927_1200363938_1200363947_1200364074_1200364103_1507566554_1507566556_255882157_306484190': 0.0, 'gneJ143': 0.0, 'gneJ207': 0.0, 'gneJ208': 0.0, 'gneJ210': -0.05357143, 'gneJ255': 0.0, 'gneJ257': -4.0}, {'1863241632': 0, '2330725114': 4, '243351999': 0, '243641585': 8, '243749571': 23, '30503246': 1, '30624898': 16, '32564122': 1, '89127267': 3, '89173763': 0, '89173808': 1, 'cluster_1427494838_273472399': 0, 'cluster_1757124350_1757124352': 0, 'cluster_1863241547_1863241548_1976170214': 4, 'cluster_306484187_cluster_1200363791_1200363826_1200363834_1200363898_1200363927_1200363938_1200363947_1200364074_1200364103_1507566554_1507566556_255882157_306484190': 0, 'gneJ143': 0, 'gneJ207': 0, 'gneJ208': 0, 'gneJ210': 1, 'gneJ255': 0, 'gneJ257': 26}, {'1863241632': 0, '2330725114': 4, '243351999': 0, '243641585': 15, '243749571': 58, '30503246': 2, '30624898': 35, '32564122': 1, '89127267': 5, '89173763': 0, '89173808': 1, 'cluster_1427494838_273472399': 0, 'cluster_1757124350_1757124352': 0, 'cluster_1863241547_1863241548_1976170214': 7, 'cluster_306484187_cluster_1200363791_1200363826_1200363834_1200363898_1200363927_1200363938_1200363947_1200364074_1200364103_1507566554_1507566556_255882157_306484190': 0, 'gneJ143': 0, 'gneJ207': 0, 'gneJ208': 0, 'gneJ210': 2, 'gneJ255': 0, 'gneJ257': 58}, 
59510.0, {'1863241632': 0.0, '2330725114': -0.32142857, '243351999': 0.0, '243641585': -1.8571428, '243749571': -4.0, '30503246': 0.0, '30624898': -4.0, '32564122': -0.08035714, '89127267': -0.05357143, '89173763': -0.004464286, '89173808': -0.058035713, 'cluster_1427494838_273472399': 0.0, 'cluster_1757124350_1757124352': 0.0, 'cluster_1863241547_1863241548_1976170214': -1.1428572, 'cluster_306484187_cluster_1200363791_1200363826_1200363834_1200363898_1200363927_1200363938_1200363947_1200364074_1200364103_1507566554_1507566556_255882157_306484190': 0.0, 'gneJ143': -0.013392857, 'gneJ207': -0.026785715, 'gneJ208': -0.035714287, 'gneJ210': -0.02232143, 'gneJ255': -0.004464286, 'gneJ257': -4.0}, {'1863241632': 0, '2330725114': 6, '243351999': 0, '243641585': 5, '243749571': 23, '30503246': 0, '30624898': 16, '32564122': 1, '89127267': 1, '89173763': 1, '89173808': 1, 'cluster_1427494838_273472399': 0, 'cluster_1757124350_1757124352': 0, 'cluster_1863241547_1863241548_1976170214': 3, 'cluster_306484187_cluster_1200363791_1200363826_1200363834_1200363898_1200363927_1200363938_1200363947_1200364074_1200364103_1507566554_1507566556_255882157_306484190': 0, 'gneJ143': 1, 'gneJ207': 1, 'gneJ208': 1, 'gneJ210': 1, 'gneJ255': 1, 'gneJ257': 26}, {'1863241632': 0, '2330725114': 6, '243351999': 0, '243641585': 10, '243749571': 61, '30503246': 0, '30624898': 33, '32564122': 1, '89127267': 1, '89173763': 1, '89173808': 1, 'cluster_1427494838_273472399': 0, 'cluster_1757124350_1757124352': 0, 'cluster_1863241547_1863241548_1976170214': 7, 'cluster_306484187_cluster_1200363791_1200363826_1200363834_1200363898_1200363927_1200363938_1200363947_1200364074_1200364103_1507566554_1507566556_255882157_306484190': 0, 'gneJ143': 1, 'gneJ207': 2, 'gneJ208': 1, 'gneJ210': 1, 'gneJ255': 1, 'gneJ257': 58}, 
59520.0, {'1863241632': 0.0, '2330725114': -0.63839287, '243351999': 0.0, '243641585': -1.2410715, '243749571': -4.0, '30503246': 0.0, '30624898': -4.0, '32564122': -0.02232143, '89127267': 0.0, '89173763': -0.04910714, '89173808': 0.0, 'cluster_1427494838_273472399': 0.0, 'cluster_1757124350_1757124352': 0.0, 'cluster_1863241547_1863241548_1976170214': -0.7901786, 'cluster_306484187_cluster_1200363791_1200363826_1200363834_1200363898_1200363927_1200363938_1200363947_1200364074_1200364103_1507566554_1507566556_255882157_306484190': 0.0, 'gneJ143': -0.16517857, 'gneJ207': -0.12053572, 'gneJ208': -0.14732143, 'gneJ210': -0.06696428, 'gneJ255': 0.0, 'gneJ257': -4.0}, {'1863241632': 0, '2330725114': 7, '243351999': 0, '243641585': 3, '243749571': 23, '30503246': 0, '30624898': 16, '32564122': 1, '89127267': 0, '89173763': 1, '89173808': 0, 'cluster_1427494838_273472399': 0, 'cluster_1757124350_1757124352': 0, 'cluster_1863241547_1863241548_1976170214': 2, 'cluster_306484187_cluster_1200363791_1200363826_1200363834_1200363898_1200363927_1200363938_1200363947_1200364074_1200364103_1507566554_1507566556_255882157_306484190': 0, 'gneJ143': 2, 'gneJ207': 2, 'gneJ208': 4, 'gneJ210': 1, 'gneJ255': 0, 'gneJ257': 26}, {'1863241632': 0, '2330725114': 8, '243351999': 0, '243641585': 9, '243749571': 61, '30503246': 0, '30624898': 34, '32564122': 1, '89127267': 0, '89173763': 1, '89173808': 0, 'cluster_1427494838_273472399': 0, 'cluster_1757124350_1757124352': 0, 'cluster_1863241547_1863241548_1976170214': 5, 'cluster_306484187_cluster_1200363791_1200363826_1200363834_1200363898_1200363927_1200363938_1200363947_1200364074_1200364103_1507566554_1507566556_255882157_306484190': 0, 'gneJ143': 4, 'gneJ207': 4, 'gneJ208': 4, 'gneJ210': 1, 'gneJ255': 0, 'gneJ257': 58}, 
59530.0, {'1863241632': -0.004464286, '2330725114': -1.0, '243351999': 0.0, '243641585': -1.1339285, '243749571': -4.0, '30503246': 0.0, '30624898': -4.0, '32564122': -0.03125, '89127267': -0.071428575, '89173763': -0.09375, '89173808': -0.04017857, 'cluster_1427494838_273472399': 0.0, 'cluster_1757124350_1757124352': 0.0, 'cluster_1863241547_1863241548_1976170214': -0.65178573, 'cluster_306484187_cluster_1200363791_1200363826_1200363834_1200363898_1200363927_1200363938_1200363947_1200364074_1200364103_1507566554_1507566556_255882157_306484190': 0.0, 'gneJ143': -0.34375, 'gneJ207': -0.02232143, 'gneJ208': -0.32589287, 'gneJ210': -0.11160714, 'gneJ255': 0.0, 'gneJ257': -4.0}, {'1863241632': 1, '2330725114': 9, '243351999': 0, '243641585': 4, '243749571': 23, '30503246': 0, '30624898': 16, '32564122': 1, '89127267': 2, '89173763': 1, '89173808': 1, 'cluster_1427494838_273472399': 0, 'cluster_1757124350_1757124352': 0, 'cluster_1863241547_1863241548_1976170214': 3, 'cluster_306484187_cluster_1200363791_1200363826_1200363834_1200363898_1200363927_1200363938_1200363947_1200364074_1200364103_1507566554_1507566556_255882157_306484190': 0, 'gneJ143': 2, 'gneJ207': 1, 'gneJ208': 4, 'gneJ210': 1, 'gneJ255': 0, 'gneJ257': 26}, {'1863241632': 1, '2330725114': 9, '243351999': 0, '243641585': 11, '243749571': 61, '30503246': 0, '30624898': 35, '32564122': 1, '89127267': 3, '89173763': 1, '89173808': 1, 'cluster_1427494838_273472399': 0, 'cluster_1757124350_1757124352': 0, 'cluster_1863241547_1863241548_1976170214': 6, 'cluster_306484187_cluster_1200363791_1200363826_1200363834_1200363898_1200363927_1200363938_1200363947_1200364074_1200364103_1507566554_1507566556_255882157_306484190': 0, 'gneJ143': 4, 'gneJ207': 1, 'gneJ208': 4, 'gneJ210': 1, 'gneJ255': 0, 'gneJ257': 58}, 
59540.0, {'1863241632': 0.0, '2330725114': -1.4464285, '243351999': 0.0, '243641585': -1.3392857, '243749571': -4.0, '30503246': 0.0, '30624898': -4.0, '32564122': -0.035714287, '89127267': 0.0, '89173763': 0.0, '89173808': -0.008928572, 'cluster_1427494838_273472399': 0.0, 'cluster_1757124350_1757124352': 0.0, 'cluster_1863241547_1863241548_1976170214': -0.45089287, 'cluster_306484187_cluster_1200363791_1200363826_1200363834_1200363898_1200363927_1200363938_1200363947_1200364074_1200364103_1507566554_1507566556_255882157_306484190': 0.0, 'gneJ143': -0.41517857, 'gneJ207': -0.004464286, 'gneJ208': -0.102678575, 'gneJ210': 0.0, 'gneJ255': 0.0, 'gneJ257': -4.0}, {'1863241632': 0, '2330725114': 10, '243351999': 0, '243641585': 5, '243749571': 23, '30503246': 0, '30624898': 16, '32564122': 2, '89127267': 0, '89173763': 0, '89173808': 1, 'cluster_1427494838_273472399': 0, 'cluster_1757124350_1757124352': 0, 'cluster_1863241547_1863241548_1976170214': 6, 'cluster_306484187_cluster_1200363791_1200363826_1200363834_1200363898_1200363927_1200363938_1200363947_1200364074_1200364103_1507566554_1507566556_255882157_306484190': 0, 'gneJ143': 2, 'gneJ207': 1, 'gneJ208': 1, 'gneJ210': 0, 'gneJ255': 0, 'gneJ257': 26}, {'1863241632': 0, '2330725114': 10, '243351999': 0, '243641585': 12, '243749571': 62, '30503246': 0, '30624898': 33, '32564122': 3, '89127267': 0, '89173763': 0, '89173808': 1, 'cluster_1427494838_273472399': 0, 'cluster_1757124350_1757124352': 0, 'cluster_1863241547_1863241548_1976170214': 11, 'cluster_306484187_cluster_1200363791_1200363826_1200363834_1200363898_1200363927_1200363938_1200363947_1200364074_1200364103_1507566554_1507566556_255882157_306484190': 0, 'gneJ143': 5, 'gneJ207': 1, 'gneJ208': 1, 'gneJ210': 0, 'gneJ255': 0, 'gneJ257': 58}, 
59550.0, {'1863241632': -0.03125, '2330725114': -1.8928572, '243351999': 0.0, '243641585': -1.4419643, '243749571': -4.0, '30503246': 0.0, '30624898': -4.0, '32564122': 0.0, '89127267': 0.0, '89173763': -0.026785715, '89173808': -0.05357143, 'cluster_1427494838_273472399': -0.008928572, 'cluster_1757124350_1757124352': -0.02232143, 'cluster_1863241547_1863241548_1976170214': -1.0535715, 'cluster_306484187_cluster_1200363791_1200363826_1200363834_1200363898_1200363927_1200363938_1200363947_1200364074_1200364103_1507566554_1507566556_255882157_306484190': 0.0, 'gneJ143': -0.76339287, 'gneJ207': -0.026785715, 'gneJ208': -0.14732143, 'gneJ210': 0.0, 'gneJ255': 0.0, 'gneJ257': -4.0}, {'1863241632': 1, '2330725114': 10, '243351999': 0, '243641585': 7, '243749571': 23, '30503246': 0, '30624898': 16, '32564122': 0, '89127267': 0, '89173763': 1, '89173808': 1, 'cluster_1427494838_273472399': 1, 'cluster_1757124350_1757124352': 1, 'cluster_1863241547_1863241548_1976170214': 6, 'cluster_306484187_cluster_1200363791_1200363826_1200363834_1200363898_1200363927_1200363938_1200363947_1200364074_1200364103_1507566554_1507566556_255882157_306484190': 0, 'gneJ143': 4, 'gneJ207': 1, 'gneJ208': 1, 'gneJ210': 0, 'gneJ255': 0, 'gneJ257': 27}, {'1863241632': 1, '2330725114': 10, '243351999': 0, '243641585': 17, '243749571': 62, '30503246': 0, '30624898': 31, '32564122': 0, '89127267': 0, '89173763': 1, '89173808': 1, 'cluster_1427494838_273472399': 1, 'cluster_1757124350_1757124352': 1, 'cluster_1863241547_1863241548_1976170214': 16, 'cluster_306484187_cluster_1200363791_1200363826_1200363834_1200363898_1200363927_1200363938_1200363947_1200364074_1200364103_1507566554_1507566556_255882157_306484190': 0, 'gneJ143': 8, 'gneJ207': 1, 'gneJ208': 1, 'gneJ210': 0, 'gneJ255': 0, 'gneJ257': 57}, 
59560.0, {'1863241632': 0.0, '2330725114': -2.388393, '243351999': 0.0, '243641585': -1.2723215, '243749571': -4.0, '30503246': -0.04017857, '30624898': -4.0, '32564122': -0.03125, '89127267': 0.0, '89173763': -0.071428575, '89173808': -0.09821428, 'cluster_1427494838_273472399': 0.0, 'cluster_1757124350_1757124352': 0.0, 'cluster_1863241547_1863241548_1976170214': -1.0401785, 'cluster_306484187_cluster_1200363791_1200363826_1200363834_1200363898_1200363927_1200363938_1200363947_1200364074_1200364103_1507566554_1507566556_255882157_306484190': 0.0, 'gneJ143': -0.08035714, 'gneJ207': -0.017857144, 'gneJ208': 0.0, 'gneJ210': 0.0, 'gneJ255': 0.0, 'gneJ257': -4.0}, {'1863241632': 0, '2330725114': 12, '243351999': 0, '243641585': 6, '243749571': 23, '30503246': 1, '30624898': 16, '32564122': 2, '89127267': 0, '89173763': 1, '89173808': 1, 'cluster_1427494838_273472399': 0, 'cluster_1757124350_1757124352': 0, 'cluster_1863241547_1863241548_1976170214': 4, 'cluster_306484187_cluster_1200363791_1200363826_1200363834_1200363898_1200363927_1200363938_1200363947_1200364074_1200364103_1507566554_1507566556_255882157_306484190': 0, 'gneJ143': 1, 'gneJ207': 1, 'gneJ208': 0, 'gneJ210': 0, 'gneJ255': 0, 'gneJ257': 26}, {'1863241632': 0, '2330725114': 13, '243351999': 0, '243641585': 20, '243749571': 61, '30503246': 2, '30624898': 32, '32564122': 2, '89127267': 0, '89173763': 1, '89173808': 1, 'cluster_1427494838_273472399': 0, 'cluster_1757124350_1757124352': 0, 'cluster_1863241547_1863241548_1976170214': 10, 'cluster_306484187_cluster_1200363791_1200363826_1200363834_1200363898_1200363927_1200363938_1200363947_1200364074_1200364103_1507566554_1507566556_255882157_306484190': 0, 'gneJ143': 1, 'gneJ207': 1, 'gneJ208': 0, 'gneJ210': 0, 'gneJ255': 0, 'gneJ257': 56}, 
59570.0, {'1863241632': 0.0, '2330725114': -1.96875, '243351999': 0.0, '243641585': -2.0535715, '243749571': -4.0, '30503246': -0.16517857, '30624898': -4.0, '32564122': -0.013392857, '89127267': 0.0, '89173763': -0.13392857, '89173808': -0.21875, 'cluster_1427494838_273472399': -0.013392857, 'cluster_1757124350_1757124352': -0.004464286, 'cluster_1863241547_1863241548_1976170214': -0.5535714, 'cluster_306484187_cluster_1200363791_1200363826_1200363834_1200363898_1200363927_1200363938_1200363947_1200364074_1200364103_1507566554_1507566556_255882157_306484190': 0.0, 'gneJ143': -0.125, 'gneJ207': 0.0, 'gneJ208': 0.0, 'gneJ210': -0.026785715, 'gneJ255': 0.0, 'gneJ257': -4.0}, {'1863241632': 0, '2330725114': 9, '243351999': 0, '243641585': 7, '243749571': 23, '30503246': 2, '30624898': 16, '32564122': 1, '89127267': 0, '89173763': 1, '89173808': 3, 'cluster_1427494838_273472399': 1, 'cluster_1757124350_1757124352': 1, 'cluster_1863241547_1863241548_1976170214': 3, 'cluster_306484187_cluster_1200363791_1200363826_1200363834_1200363898_1200363927_1200363938_1200363947_1200364074_1200364103_1507566554_1507566556_255882157_306484190': 0, 'gneJ143': 1, 'gneJ207': 0, 'gneJ208': 0, 'gneJ210': 1, 'gneJ255': 0, 'gneJ257': 26}, {'1863241632': 0, '2330725114': 9, '243351999': 0, '243641585': 20, '243749571': 61, '30503246': 3, '30624898': 31, '32564122': 1, '89127267': 0, '89173763': 2, '89173808': 5, 'cluster_1427494838_273472399': 1, 'cluster_1757124350_1757124352': 1, 'cluster_1863241547_1863241548_1976170214': 6, 'cluster_306484187_cluster_1200363791_1200363826_1200363834_1200363898_1200363927_1200363938_1200363947_1200364074_1200364103_1507566554_1507566556_255882157_306484190': 0, 'gneJ143': 1, 'gneJ207': 0, 'gneJ208': 0, 'gneJ210': 1, 'gneJ255': 0, 'gneJ257': 56}, 
59580.0, {'1863241632': 0.0, '2330725114': -0.70089287, '243351999': 0.0, '243641585': -2.3080356, '243749571': -4.0, '30503246': 0.0, '30624898': -4.0, '32564122': -0.058035713, '89127267': 0.0, '89173763': -0.22321428, '89173808': 0.0, 'cluster_1427494838_273472399': 0.0, 'cluster_1757124350_1757124352': 0.0, 'cluster_1863241547_1863241548_1976170214': -0.34375, 'cluster_306484187_cluster_1200363791_1200363826_1200363834_1200363898_1200363927_1200363938_1200363947_1200364074_1200364103_1507566554_1507566556_255882157_306484190': 0.0, 'gneJ143': 0.0, 'gneJ207': 0.0, 'gneJ208': 0.0, 'gneJ210': 0.0, 'gneJ255': -0.017857144, 'gneJ257': -4.0}, {'1863241632': 0, '2330725114': 4, '243351999': 0, '243641585': 7, '243749571': 23, '30503246': 0, '30624898': 16, '32564122': 1, '89127267': 0, '89173763': 1, '89173808': 0, 'cluster_1427494838_273472399': 0, 'cluster_1757124350_1757124352': 0, 'cluster_1863241547_1863241548_1976170214': 2, 'cluster_306484187_cluster_1200363791_1200363826_1200363834_1200363898_1200363927_1200363938_1200363947_1200364074_1200364103_1507566554_1507566556_255882157_306484190': 0, 'gneJ143': 0, 'gneJ207': 0, 'gneJ208': 0, 'gneJ210': 0, 'gneJ255': 1, 'gneJ257': 26}, {'1863241632': 0, '2330725114': 5, '243351999': 0, '243641585': 20, '243749571': 62, '30503246': 0, '30624898': 29, '32564122': 1, '89127267': 0, '89173763': 2, '89173808': 0, 'cluster_1427494838_273472399': 0, 'cluster_1757124350_1757124352': 0, 'cluster_1863241547_1863241548_1976170214': 6, 'cluster_306484187_cluster_1200363791_1200363826_1200363834_1200363898_1200363927_1200363938_1200363947_1200364074_1200364103_1507566554_1507566556_255882157_306484190': 0, 'gneJ143': 0, 'gneJ207': 0, 'gneJ208': 0, 'gneJ210': 0, 'gneJ255': 1, 'gneJ257': 53}, 
59590.0, {'1863241632': -0.08035714, '2330725114': -0.071428575, '243351999': 0.0, '243641585': -3.017857, '243749571': -4.0, '30503246': -0.04017857, '30624898': -4.0, '32564122': -0.102678575, '89127267': -0.004464286, '89173763': 0.0, '89173808': 0.0, 'cluster_1427494838_273472399': -0.004464286, 'cluster_1757124350_1757124352': -0.004464286, 'cluster_1863241547_1863241548_1976170214': -0.25892857, 'cluster_306484187_cluster_1200363791_1200363826_1200363834_1200363898_1200363927_1200363938_1200363947_1200364074_1200364103_1507566554_1507566556_255882157_306484190': 0.0, 'gneJ143': -0.013392857, 'gneJ207': -0.008928572, 'gneJ208': -0.013392857, 'gneJ210': 0.0, 'gneJ255': -0.15625, 'gneJ257': -4.0}, {'1863241632': 2, '2330725114': 1, '243351999': 0, '243641585': 8, '243749571': 23, '30503246': 1, '30624898': 16, '32564122': 1, '89127267': 1, '89173763': 0, '89173808': 0, 'cluster_1427494838_273472399': 1, 'cluster_1757124350_1757124352': 1, 'cluster_1863241547_1863241548_1976170214': 3, 'cluster_306484187_cluster_1200363791_1200363826_1200363834_1200363898_1200363927_1200363938_1200363947_1200364074_1200364103_1507566554_1507566556_255882157_306484190': 0, 'gneJ143': 1, 'gneJ207': 1, 'gneJ208': 1, 'gneJ210': 0, 'gneJ255': 2, 'gneJ257': 26}, {'1863241632': 2, '2330725114': 1, '243351999': 0, '243641585': 20, '243749571': 62, '30503246': 2, '30624898': 27, '32564122': 1, '89127267': 1, '89173763': 0, '89173808': 0, 'cluster_1427494838_273472399': 1, 'cluster_1757124350_1757124352': 1, 'cluster_1863241547_1863241548_1976170214': 6, 'cluster_306484187_cluster_1200363791_1200363826_1200363834_1200363898_1200363927_1200363938_1200363947_1200364074_1200364103_1507566554_1507566556_255882157_306484190': 0, 'gneJ143': 1, 'gneJ207': 1, 'gneJ208': 1, 'gneJ210': 0, 'gneJ255': 5, 'gneJ257': 53}, 
59600.0, {'1863241632': -0.16964285, '2330725114': -0.116071425, '243351999': 0.0, '243641585': -2.59375, '243749571': -4.0, '30503246': 0.0, '30624898': -4.0, '32564122': -0.004464286, '89127267': -0.18303572, '89173763': 0.0, '89173808': -0.02232143, 'cluster_1427494838_273472399': -0.04910714, 'cluster_1757124350_1757124352': 0.0, 'cluster_1863241547_1863241548_1976170214': -0.38839287, 'cluster_306484187_cluster_1200363791_1200363826_1200363834_1200363898_1200363927_1200363938_1200363947_1200364074_1200364103_1507566554_1507566556_255882157_306484190': 0.0, 'gneJ143': -0.08928572, 'gneJ207': 0.0, 'gneJ208': 0.0, 'gneJ210': 0.0, 'gneJ255': 0.0, 'gneJ257': -4.0}, {'1863241632': 2, '2330725114': 1, '243351999': 0, '243641585': 7, '243749571': 23, '30503246': 0, '30624898': 16, '32564122': 1, '89127267': 3, '89173763': 0, '89173808': 1, 'cluster_1427494838_273472399': 1, 'cluster_1757124350_1757124352': 0, 'cluster_1863241547_1863241548_1976170214': 2, 'cluster_306484187_cluster_1200363791_1200363826_1200363834_1200363898_1200363927_1200363938_1200363947_1200364074_1200364103_1507566554_1507566556_255882157_306484190': 0, 'gneJ143': 1, 'gneJ207': 0, 'gneJ208': 0, 'gneJ210': 0, 'gneJ255': 0, 'gneJ257': 26}, {'1863241632': 2, '2330725114': 1, '243351999': 0, '243641585': 22, '243749571': 61, '30503246': 0, '30624898': 25, '32564122': 1, '89127267': 6, '89173763': 0, '89173808': 1, 'cluster_1427494838_273472399': 1, 'cluster_1757124350_1757124352': 0, 'cluster_1863241547_1863241548_1976170214': 5, 'cluster_306484187_cluster_1200363791_1200363826_1200363834_1200363898_1200363927_1200363938_1200363947_1200364074_1200364103_1507566554_1507566556_255882157_306484190': 0, 'gneJ143': 2, 'gneJ207': 0, 'gneJ208': 0, 'gneJ210': 0, 'gneJ255': 0, 'gneJ257': 53}, 
59610.0, {'1863241632': -0.25892857, '2330725114': 0.0, '243351999': 0.0, '243641585': -3.4151785, '243749571': -4.0, '30503246': 0.0, '30624898': -4.0, '32564122': -0.035714287, '89127267': -0.38839287, '89173763': -0.04464286, '89173808': 0.0, 'cluster_1427494838_273472399': 0.0, 'cluster_1757124350_1757124352': 0.0, 'cluster_1863241547_1863241548_1976170214': -0.33035713, 'cluster_306484187_cluster_1200363791_1200363826_1200363834_1200363898_1200363927_1200363938_1200363947_1200364074_1200364103_1507566554_1507566556_255882157_306484190': 0.0, 'gneJ143': -0.17857143, 'gneJ207': -0.013392857, 'gneJ208': 0.0, 'gneJ210': 0.0, 'gneJ255': -0.004464286, 'gneJ257': -4.0}, {'1863241632': 2, '2330725114': 0, '243351999': 0, '243641585': 7, '243749571': 23, '30503246': 0, '30624898': 16, '32564122': 1, '89127267': 2, '89173763': 1, '89173808': 0, 'cluster_1427494838_273472399': 0, 'cluster_1757124350_1757124352': 0, 'cluster_1863241547_1863241548_1976170214': 2, 'cluster_306484187_cluster_1200363791_1200363826_1200363834_1200363898_1200363927_1200363938_1200363947_1200364074_1200364103_1507566554_1507566556_255882157_306484190': 0, 'gneJ143': 1, 'gneJ207': 1, 'gneJ208': 0, 'gneJ210': 0, 'gneJ255': 1, 'gneJ257': 27}, {'1863241632': 2, '2330725114': 0, '243351999': 0, '243641585': 20, '243749571': 63, '30503246': 0, '30624898': 24, '32564122': 2, '89127267': 6, '89173763': 1, '89173808': 0, 'cluster_1427494838_273472399': 0, 'cluster_1757124350_1757124352': 0, 'cluster_1863241547_1863241548_1976170214': 6, 'cluster_306484187_cluster_1200363791_1200363826_1200363834_1200363898_1200363927_1200363938_1200363947_1200364074_1200364103_1507566554_1507566556_255882157_306484190': 0, 'gneJ143': 2, 'gneJ207': 1, 'gneJ208': 0, 'gneJ210': 0, 'gneJ255': 1, 'gneJ257': 55}, 
59620.0, {'1863241632': -0.3482143, '2330725114': -0.09821428, '243351999': 0.0, '243641585': -3.611607, '243749571': -4.0, '30503246': 0.0, '30624898': -4.0, '32564122': 0.0, '89127267': 0.0, '89173763': 0.0, '89173808': -0.026785715, 'cluster_1427494838_273472399': 0.0, 'cluster_1757124350_1757124352': 0.0, 'cluster_1863241547_1863241548_1976170214': -0.29464287, 'cluster_306484187_cluster_1200363791_1200363826_1200363834_1200363898_1200363927_1200363938_1200363947_1200364074_1200364103_1507566554_1507566556_255882157_306484190': 0.0, 'gneJ143': -0.3705357, 'gneJ207': -0.08035714, 'gneJ208': -0.004464286, 'gneJ210': -0.026785715, 'gneJ255': -0.084821425, 'gneJ257': -4.0}, {'1863241632': 2, '2330725114': 3, '243351999': 0, '243641585': 7, '243749571': 23, '30503246': 0, '30624898': 16, '32564122': 0, '89127267': 0, '89173763': 0, '89173808': 1, 'cluster_1427494838_273472399': 0, 'cluster_1757124350_1757124352': 0, 'cluster_1863241547_1863241548_1976170214': 2, 'cluster_306484187_cluster_1200363791_1200363826_1200363834_1200363898_1200363927_1200363938_1200363947_1200364074_1200364103_1507566554_1507566556_255882157_306484190': 0, 'gneJ143': 2, 'gneJ207': 2, 'gneJ208': 1, 'gneJ210': 1, 'gneJ255': 1, 'gneJ257': 27}, {'1863241632': 2, '2330725114': 3, '243351999': 0, '243641585': 23, '243749571': 65, '30503246': 0, '30624898': 24, '32564122': 0, '89127267': 0, '89173763': 0, '89173808': 1, 'cluster_1427494838_273472399': 0, 'cluster_1757124350_1757124352': 0, 'cluster_1863241547_1863241548_1976170214': 5, 'cluster_306484187_cluster_1200363791_1200363826_1200363834_1200363898_1200363927_1200363938_1200363947_1200364074_1200364103_1507566554_1507566556_255882157_306484190': 0, 'gneJ143': 5, 'gneJ207': 2, 'gneJ208': 1, 'gneJ210': 1, 'gneJ255': 2, 'gneJ257': 59}, 
59630.0, {'1863241632': 0.0, '2330725114': -0.2767857, '243351999': 0.0, '243641585': -4.0, '243749571': -4.0, '30503246': 0.0, '30624898': -4.0, '32564122': -0.03125, '89127267': 0.0, '89173763': -0.06696428, '89173808': -0.02232143, 'cluster_1427494838_273472399': 0.0, 'cluster_1757124350_1757124352': 0.0, 'cluster_1863241547_1863241548_1976170214': -0.6160714, 'cluster_306484187_cluster_1200363791_1200363826_1200363834_1200363898_1200363927_1200363938_1200363947_1200364074_1200364103_1507566554_1507566556_255882157_306484190': 0.0, 'gneJ143': 0.0, 'gneJ207': 0.0, 'gneJ208': 0.0, 'gneJ210': 0.0, 'gneJ255': -0.17410715, 'gneJ257': -4.0}, {'1863241632': 0, '2330725114': 4, '243351999': 0, '243641585': 9, '243749571': 23, '30503246': 0, '30624898': 16, '32564122': 1, '89127267': 0, '89173763': 3, '89173808': 1, 'cluster_1427494838_273472399': 0, 'cluster_1757124350_1757124352': 0, 'cluster_1863241547_1863241548_1976170214': 4, 'cluster_306484187_cluster_1200363791_1200363826_1200363834_1200363898_1200363927_1200363938_1200363947_1200364074_1200364103_1507566554_1507566556_255882157_306484190': 0, 'gneJ143': 0, 'gneJ207': 0, 'gneJ208': 0, 'gneJ210': 0, 'gneJ255': 1, 'gneJ257': 27}, {'1863241632': 0, '2330725114': 4, '243351999': 0, '243641585': 23, '243749571': 64, '30503246': 0, '30624898': 24, '32564122': 1, '89127267': 0, '89173763': 3, '89173808': 1, 'cluster_1427494838_273472399': 0, 'cluster_1757124350_1757124352': 0, 'cluster_1863241547_1863241548_1976170214': 10, 'cluster_306484187_cluster_1200363791_1200363826_1200363834_1200363898_1200363927_1200363938_1200363947_1200364074_1200364103_1507566554_1507566556_255882157_306484190': 0, 'gneJ143': 0, 'gneJ207': 0, 'gneJ208': 0, 'gneJ210': 0, 'gneJ255': 2, 'gneJ257': 57}, 
59640.0, {'1863241632': 0.0, '2330725114': -0.49107143, '243351999': 0.0, '243641585': -4.0, '243749571': -4.0, '30503246': -0.008928572, '30624898': -4.0, '32564122': -0.07589286, '89127267': 0.0, '89173763': -0.26785713, '89173808': -0.06696428, 'cluster_1427494838_273472399': 0.0, 'cluster_1757124350_1757124352': -0.004464286, 'cluster_1863241547_1863241548_1976170214': -0.93303573, 'cluster_306484187_cluster_1200363791_1200363826_1200363834_1200363898_1200363927_1200363938_1200363947_1200364074_1200364103_1507566554_1507566556_255882157_306484190': 0.0, 'gneJ143': -0.04017857, 'gneJ207': -0.017857144, 'gneJ208': 0.0, 'gneJ210': -0.013392857, 'gneJ255': 0.0, 'gneJ257': -4.0}, {'1863241632': 0, '2330725114': 5, '243351999': 0, '243641585': 8, '243749571': 24, '30503246': 1, '30624898': 16, '32564122': 1, '89127267': 0, '89173763': 4, '89173808': 1, 'cluster_1427494838_273472399': 0, 'cluster_1757124350_1757124352': 1, 'cluster_1863241547_1863241548_1976170214': 7, 'cluster_306484187_cluster_1200363791_1200363826_1200363834_1200363898_1200363927_1200363938_1200363947_1200364074_1200364103_1507566554_1507566556_255882157_306484190': 0, 'gneJ143': 2, 'gneJ207': 1, 'gneJ208': 0, 'gneJ210': 2, 'gneJ255': 0, 'gneJ257': 27}, {'1863241632': 0, '2330725114': 5, '243351999': 0, '243641585': 23, '243749571': 65, '30503246': 1, '30624898': 24, '32564122': 1, '89127267': 0, '89173763': 5, '89173808': 1, 'cluster_1427494838_273472399': 0, 'cluster_1757124350_1757124352': 1, 'cluster_1863241547_1863241548_1976170214': 12, 'cluster_306484187_cluster_1200363791_1200363826_1200363834_1200363898_1200363927_1200363938_1200363947_1200364074_1200364103_1507566554_1507566556_255882157_306484190': 0, 'gneJ143': 2, 'gneJ207': 1, 'gneJ208': 0, 'gneJ210': 2, 'gneJ255': 0, 'gneJ257': 54}, 
59650.0, {'1863241632': -0.017857144, '2330725114': -0.8125, '243351999': 0.0, '243641585': -3.107143, '243749571': -4.0, '30503246': 0.0, '30624898': -4.0, '32564122': -0.12053572, '89127267': -0.017857144, '89173763': -0.084821425, '89173808': -0.116071425, 'cluster_1427494838_273472399': 0.0, 'cluster_1757124350_1757124352': -0.16964285, 'cluster_1863241547_1863241548_1976170214': -1.4241072, 'cluster_306484187_cluster_1200363791_1200363826_1200363834_1200363898_1200363927_1200363938_1200363947_1200364074_1200364103_1507566554_1507566556_255882157_306484190': 0.0, 'gneJ143': -0.0625, 'gneJ207': -0.0625, 'gneJ208': 0.0, 'gneJ210': -0.02232143, 'gneJ255': -0.04910714, 'gneJ257': -4.0}, {'1863241632': 1, '2330725114': 8, '243351999': 0, '243641585': 7, '243749571': 24, '30503246': 0, '30624898': 16, '32564122': 1, '89127267': 1, '89173763': 1, '89173808': 2, 'cluster_1427494838_273472399': 0, 'cluster_1757124350_1757124352': 2, 'cluster_1863241547_1863241548_1976170214': 7, 'cluster_306484187_cluster_1200363791_1200363826_1200363834_1200363898_1200363927_1200363938_1200363947_1200364074_1200364103_1507566554_1507566556_255882157_306484190': 0, 'gneJ143': 1, 'gneJ207': 1, 'gneJ208': 0, 'gneJ210': 1, 'gneJ255': 1, 'gneJ257': 27}, {'1863241632': 1, '2330725114': 9, '243351999': 0, '243641585': 14, '243749571': 66, '30503246': 0, '30624898': 24, '32564122': 1, '89127267': 1, '89173763': 1, '89173808': 2, 'cluster_1427494838_273472399': 0, 'cluster_1757124350_1757124352': 4, 'cluster_1863241547_1863241548_1976170214': 14, 'cluster_306484187_cluster_1200363791_1200363826_1200363834_1200363898_1200363927_1200363938_1200363947_1200364074_1200364103_1507566554_1507566556_255882157_306484190': 0, 'gneJ143': 1, 'gneJ207': 1, 'gneJ208': 0, 'gneJ210': 1, 'gneJ255': 2, 'gneJ257': 56}, 
59660.0, {'1863241632': -0.0625, '2330725114': -0.56696427, '243351999': 0.0, '243641585': -3.0892856, '243749571': -4.0, '30503246': 0.0, '30624898': -4.0, '32564122': -0.004464286, '89127267': -0.0625, '89173763': -0.12946428, '89173808': -0.20535715, 'cluster_1427494838_273472399': 0.0, 'cluster_1757124350_1757124352': -0.3482143, 'cluster_1863241547_1863241548_1976170214': -0.96428573, 'cluster_306484187_cluster_1200363791_1200363826_1200363834_1200363898_1200363927_1200363938_1200363947_1200364074_1200364103_1507566554_1507566556_255882157_306484190': 0.0, 'gneJ143': -0.071428575, 'gneJ207': -0.10714286, 'gneJ208': 0.0, 'gneJ210': -0.06696428, 'gneJ255': 0.0, 'gneJ257': -4.0}, {'1863241632': 1, '2330725114': 7, '243351999': 0, '243641585': 7, '243749571': 24, '30503246': 0, '30624898': 16, '32564122': 1, '89127267': 1, '89173763': 1, '89173808': 2, 'cluster_1427494838_273472399': 0, 'cluster_1757124350_1757124352': 2, 'cluster_1863241547_1863241548_1976170214': 5, 'cluster_306484187_cluster_1200363791_1200363826_1200363834_1200363898_1200363927_1200363938_1200363947_1200364074_1200364103_1507566554_1507566556_255882157_306484190': 0, 'gneJ143': 2, 'gneJ207': 1, 'gneJ208': 0, 'gneJ210': 1, 'gneJ255': 0, 'gneJ257': 27}, {'1863241632': 1, '2330725114': 7, '243351999': 0, '243641585': 9, '243749571': 66, '30503246': 0, '30624898': 24, '32564122': 1, '89127267': 1, '89173763': 1, '89173808': 2, 'cluster_1427494838_273472399': 0, 'cluster_1757124350_1757124352': 4, 'cluster_1863241547_1863241548_1976170214': 10, 'cluster_306484187_cluster_1200363791_1200363826_1200363834_1200363898_1200363927_1200363938_1200363947_1200364074_1200364103_1507566554_1507566556_255882157_306484190': 0, 'gneJ143': 4, 'gneJ207': 1, 'gneJ208': 0, 'gneJ210': 1, 'gneJ255': 0, 'gneJ257': 59}, 
59670.0, {'1863241632': -0.10714286, '2330725114': -0.1875, '243351999': 0.0, '243641585': -1.8080357, '243749571': -4.0, '30503246': -0.017857144, '30624898': -4.0, '32564122': -0.08928572, '89127267': -0.11160714, '89173763': -0.23214285, '89173808': -0.29464287, 'cluster_1427494838_273472399': -0.035714287, 'cluster_1757124350_1757124352': -0.5535714, 'cluster_1863241547_1863241548_1976170214': -0.90178573, 'cluster_306484187_cluster_1200363791_1200363826_1200363834_1200363898_1200363927_1200363938_1200363947_1200364074_1200364103_1507566554_1507566556_255882157_306484190': -0.04464286, 'gneJ143': -0.32589287, 'gneJ207': -0.15178572, 'gneJ208': 0.0, 'gneJ210': -0.04910714, 'gneJ255': 0.0, 'gneJ257': -4.0}, {'1863241632': 1, '2330725114': 3, '243351999': 0, '243641585': 4, '243749571': 24, '30503246': 1, '30624898': 16, '32564122': 1, '89127267': 1, '89173763': 4, '89173808': 2, 'cluster_1427494838_273472399': 1, 'cluster_1757124350_1757124352': 3, 'cluster_1863241547_1863241548_1976170214': 4, 'cluster_306484187_cluster_1200363791_1200363826_1200363834_1200363898_1200363927_1200363938_1200363947_1200364074_1200364103_1507566554_1507566556_255882157_306484190': 2, 'gneJ143': 2, 'gneJ207': 1, 'gneJ208': 0, 'gneJ210': 2, 'gneJ255': 0, 'gneJ257': 27}, {'1863241632': 1, '2330725114': 5, '243351999': 0, '243641585': 7, '243749571': 65, '30503246': 1, '30624898': 24, '32564122': 2, '89127267': 2, '89173763': 4, '89173808': 2, 'cluster_1427494838_273472399': 2, 'cluster_1757124350_1757124352': 5, 'cluster_1863241547_1863241548_1976170214': 8, 'cluster_306484187_cluster_1200363791_1200363826_1200363834_1200363898_1200363927_1200363938_1200363947_1200364074_1200364103_1507566554_1507566556_255882157_306484190': 2, 'gneJ143': 6, 'gneJ207': 1, 'gneJ208': 0, 'gneJ210': 3, 'gneJ255': 0, 'gneJ257': 59}, 
59680.0, {'1863241632': -0.15178572, '2330725114': 0.0, '243351999': 0.0, '243641585': -1.4866072, '243749571': -4.0, '30503246': 0.0, '30624898': -4.0, '32564122': -0.17857143, '89127267': 0.0, '89173763': -0.04910714, '89173808': -0.026785715, 'cluster_1427494838_273472399': 0.0, 'cluster_1757124350_1757124352': 0.0, 'cluster_1863241547_1863241548_1976170214': -0.79464287, 'cluster_306484187_cluster_1200363791_1200363826_1200363834_1200363898_1200363927_1200363938_1200363947_1200364074_1200364103_1507566554_1507566556_255882157_306484190': -0.13392857, 'gneJ143': -0.09375, 'gneJ207': -0.22767857, 'gneJ208': 0.0, 'gneJ210': 0.0, 'gneJ255': 0.0, 'gneJ257': -4.0}, {'1863241632': 1, '2330725114': 0, '243351999': 0, '243641585': 4, '243749571': 24, '30503246': 0, '30624898': 16, '32564122': 1, '89127267': 0, '89173763': 1, '89173808': 1, 'cluster_1427494838_273472399': 0, 'cluster_1757124350_1757124352': 0, 'cluster_1863241547_1863241548_1976170214': 3, 'cluster_306484187_cluster_1200363791_1200363826_1200363834_1200363898_1200363927_1200363938_1200363947_1200364074_1200364103_1507566554_1507566556_255882157_306484190': 2, 'gneJ143': 1, 'gneJ207': 1, 'gneJ208': 0, 'gneJ210': 0, 'gneJ255': 0, 'gneJ257': 26}, {'1863241632': 1, '2330725114': 0, '243351999': 0, '243641585': 9, '243749571': 64, '30503246': 0, '30624898': 24, '32564122': 2, '89127267': 0, '89173763': 1, '89173808': 1, 'cluster_1427494838_273472399': 0, 'cluster_1757124350_1757124352': 0, 'cluster_1863241547_1863241548_1976170214': 5, 'cluster_306484187_cluster_1200363791_1200363826_1200363834_1200363898_1200363927_1200363938_1200363947_1200364074_1200364103_1507566554_1507566556_255882157_306484190': 2, 'gneJ143': 1, 'gneJ207': 2, 'gneJ208': 0, 'gneJ210': 0, 'gneJ255': 0, 'gneJ257': 57}, 
59690.0, {'1863241632': 0.0, '2330725114': 0.0, '243351999': 0.0, '243641585': -2.044643, '243749571': -4.0, '30503246': -0.013392857, '30624898': -4.0, '32564122': -0.26785713, '89127267': 0.0, '89173763': -0.16964285, '89173808': -0.0625, 'cluster_1427494838_273472399': -0.026785715, 'cluster_1757124350_1757124352': -0.008928572, 'cluster_1863241547_1863241548_1976170214': -0.25, 'cluster_306484187_cluster_1200363791_1200363826_1200363834_1200363898_1200363927_1200363938_1200363947_1200364074_1200364103_1507566554_1507566556_255882157_306484190': -0.22321428, 'gneJ143': 0.0, 'gneJ207': -0.07589286, 'gneJ208': 0.0, 'gneJ210': -0.03125, 'gneJ255': -0.017857144, 'gneJ257': -4.0}, {'1863241632': 0, '2330725114': 0, '243351999': 0, '243641585': 5, '243749571': 24, '30503246': 1, '30624898': 16, '32564122': 1, '89127267': 0, '89173763': 4, '89173808': 3, 'cluster_1427494838_273472399': 1, 'cluster_1757124350_1757124352': 1, 'cluster_1863241547_1863241548_1976170214': 1, 'cluster_306484187_cluster_1200363791_1200363826_1200363834_1200363898_1200363927_1200363938_1200363947_1200364074_1200364103_1507566554_1507566556_255882157_306484190': 2, 'gneJ143': 0, 'gneJ207': 1, 'gneJ208': 0, 'gneJ210': 1, 'gneJ255': 1, 'gneJ257': 25}, {'1863241632': 0, '2330725114': 0, '243351999': 0, '243641585': 14, '243749571': 64, '30503246': 1, '30624898': 24, '32564122': 2, '89127267': 0, '89173763': 5, '89173808': 3, 'cluster_1427494838_273472399': 2, 'cluster_1757124350_1757124352': 1, 'cluster_1863241547_1863241548_1976170214': 2, 'cluster_306484187_cluster_1200363791_1200363826_1200363834_1200363898_1200363927_1200363938_1200363947_1200364074_1200364103_1507566554_1507566556_255882157_306484190': 2, 'gneJ143': 0, 'gneJ207': 1, 'gneJ208': 0, 'gneJ210': 1, 'gneJ255': 1, 'gneJ257': 55}, 
59700.0, {'1863241632': -0.026785715, '2330725114': -0.058035713, '243351999': 0.0, '243641585': -2.15625, '243749571': -4.0, '30503246': -0.09375, '30624898': -4.0, '32564122': -0.008928572, '89127267': -0.03125, '89173763': -0.46875, '89173808': 0.0, 'cluster_1427494838_273472399': 0.0, 'cluster_1757124350_1757124352': -0.09375, 'cluster_1863241547_1863241548_1976170214': -0.375, 'cluster_306484187_cluster_1200363791_1200363826_1200363834_1200363898_1200363927_1200363938_1200363947_1200364074_1200364103_1507566554_1507566556_255882157_306484190': -0.3125, 'gneJ143': -0.017857144, 'gneJ207': 0.0, 'gneJ208': 0.0, 'gneJ210': -0.07589286, 'gneJ255': -0.0625, 'gneJ257': -4.0}, {'1863241632': 1, '2330725114': 4, '243351999': 0, '243641585': 7, '243749571': 24, '30503246': 1, '30624898': 16, '32564122': 1, '89127267': 1, '89173763': 6, '89173808': 0, 'cluster_1427494838_273472399': 0, 'cluster_1757124350_1757124352': 1, 'cluster_1863241547_1863241548_1976170214': 2, 'cluster_306484187_cluster_1200363791_1200363826_1200363834_1200363898_1200363927_1200363938_1200363947_1200364074_1200364103_1507566554_1507566556_255882157_306484190': 2, 'gneJ143': 1, 'gneJ207': 0, 'gneJ208': 0, 'gneJ210': 1, 'gneJ255': 1, 'gneJ257': 25}, {'1863241632': 1, '2330725114': 4, '243351999': 0, '243641585': 17, '243749571': 65, '30503246': 2, '30624898': 24, '32564122': 1, '89127267': 1, '89173763': 7, '89173808': 0, 'cluster_1427494838_273472399': 0, 'cluster_1757124350_1757124352': 2, 'cluster_1863241547_1863241548_1976170214': 3, 'cluster_306484187_cluster_1200363791_1200363826_1200363834_1200363898_1200363927_1200363938_1200363947_1200364074_1200364103_1507566554_1507566556_255882157_306484190': 2, 'gneJ143': 2, 'gneJ207': 0, 'gneJ208': 0, 'gneJ210': 1, 'gneJ255': 1, 'gneJ257': 52}, 
59710.0, {'1863241632': -0.09821428, '2330725114': -0.05357143, '243351999': 0.0, '243641585': -3.0669644, '243749571': -4.0, '30503246': -0.18303572, '30624898': -4.0, '32564122': -0.05357143, '89127267': -0.102678575, '89173763': -0.7901786, '89173808': -0.05357143, 'cluster_1427494838_273472399': -0.071428575, 'cluster_1757124350_1757124352': -0.21875, 'cluster_1863241547_1863241548_1976170214': -0.5089286, 'cluster_306484187_cluster_1200363791_1200363826_1200363834_1200363898_1200363927_1200363938_1200363947_1200364074_1200364103_1507566554_1507566556_255882157_306484190': 0.0, 'gneJ143': 0.0, 'gneJ207': 0.0, 'gneJ208': -0.008928572, 'gneJ210': 0.0, 'gneJ255': 0.0, 'gneJ257': -4.0}, {'1863241632': 1, '2330725114': 1, '243351999': 0, '243641585': 11, '243749571': 24, '30503246': 1, '30624898': 16, '32564122': 1, '89127267': 2, '89173763': 6, '89173808': 2, 'cluster_1427494838_273472399': 2, 'cluster_1757124350_1757124352': 2, 'cluster_1863241547_1863241548_1976170214': 2, 'cluster_306484187_cluster_1200363791_1200363826_1200363834_1200363898_1200363927_1200363938_1200363947_1200364074_1200364103_1507566554_1507566556_255882157_306484190': 0, 'gneJ143': 0, 'gneJ207': 0, 'gneJ208': 1, 'gneJ210': 0, 'gneJ255': 0, 'gneJ257': 25}, {'1863241632': 2, '2330725114': 1, '243351999': 0, '243641585': 24, '243749571': 66, '30503246': 2, '30624898': 24, '32564122': 1, '89127267': 2, '89173763': 8, '89173808': 2, 'cluster_1427494838_273472399': 3, 'cluster_1757124350_1757124352': 3, 'cluster_1863241547_1863241548_1976170214': 3, 'cluster_306484187_cluster_1200363791_1200363826_1200363834_1200363898_1200363927_1200363938_1200363947_1200364074_1200364103_1507566554_1507566556_255882157_306484190': 0, 'gneJ143': 0, 'gneJ207': 0, 'gneJ208': 1, 'gneJ210': 0, 'gneJ255': 0, 'gneJ257': 49}, 
59720.0, {'1863241632': -0.1875, '2330725114': 0.0, '243351999': 0.0, '243641585': -4.0, '243749571': -4.0, '30503246': 0.0, '30624898': -4.0, '32564122': -0.102678575, '89127267': 0.0, '89173763': -1.1607143, '89173808': -0.02232143, 'cluster_1427494838_273472399': -0.20535715, 'cluster_1757124350_1757124352': 0.0, 'cluster_1863241547_1863241548_1976170214': -0.65178573, 'cluster_306484187_cluster_1200363791_1200363826_1200363834_1200363898_1200363927_1200363938_1200363947_1200364074_1200364103_1507566554_1507566556_255882157_306484190': 0.0, 'gneJ143': -0.04464286, 'gneJ207': -0.05357143, 'gneJ208': -0.017857144, 'gneJ210': -0.03125, 'gneJ255': -0.017857144, 'gneJ257': -4.0}, {'1863241632': 1, '2330725114': 0, '243351999': 0, '243641585': 13, '243749571': 24, '30503246': 0, '30624898': 16, '32564122': 1, '89127267': 0, '89173763': 7, '89173808': 1, 'cluster_1427494838_273472399': 2, 'cluster_1757124350_1757124352': 0, 'cluster_1863241547_1863241548_1976170214': 2, 'cluster_306484187_cluster_1200363791_1200363826_1200363834_1200363898_1200363927_1200363938_1200363947_1200364074_1200364103_1507566554_1507566556_255882157_306484190': 0, 'gneJ143': 1, 'gneJ207': 2, 'gneJ208': 1, 'gneJ210': 2, 'gneJ255': 1, 'gneJ257': 24}, {'1863241632': 2, '2330725114': 0, '243351999': 0, '243641585': 32, '243749571': 65, '30503246': 0, '30624898': 24, '32564122': 2, '89127267': 0, '89173763': 9, '89173808': 1, 'cluster_1427494838_273472399': 3, 'cluster_1757124350_1757124352': 0, 'cluster_1863241547_1863241548_1976170214': 4, 'cluster_306484187_cluster_1200363791_1200363826_1200363834_1200363898_1200363927_1200363938_1200363947_1200364074_1200364103_1507566554_1507566556_255882157_306484190': 0, 'gneJ143': 2, 'gneJ207': 2, 'gneJ208': 1, 'gneJ210': 2, 'gneJ255': 1, 'gneJ257': 51}, 
59730.0, {'1863241632': 0.0, '2330725114': 0.0, '243351999': 0.0, '243641585': -4.0, '243749571': -4.0, '30503246': -0.11160714, '30624898': -4.0, '32564122': 0.0, '89127267': -0.008928572, '89173763': -1.2678572, '89173808': 0.0, 'cluster_1427494838_273472399': -0.013392857, 'cluster_1757124350_1757124352': 0.0, 'cluster_1863241547_1863241548_1976170214': -0.98660713, 'cluster_306484187_cluster_1200363791_1200363826_1200363834_1200363898_1200363927_1200363938_1200363947_1200364074_1200364103_1507566554_1507566556_255882157_306484190': 0.0, 'gneJ143': 0.0, 'gneJ207': -0.02232143, 'gneJ208': 0.0, 'gneJ210': 0.0, 'gneJ255': -0.0625, 'gneJ257': -4.0}, {'1863241632': 0, '2330725114': 0, '243351999': 0, '243641585': 12, '243749571': 25, '30503246': 2, '30624898': 16, '32564122': 0, '89127267': 1, '89173763': 7, '89173808': 0, 'cluster_1427494838_273472399': 1, 'cluster_1757124350_1757124352': 0, 'cluster_1863241547_1863241548_1976170214': 3, 'cluster_306484187_cluster_1200363791_1200363826_1200363834_1200363898_1200363927_1200363938_1200363947_1200364074_1200364103_1507566554_1507566556_255882157_306484190': 0, 'gneJ143': 0, 'gneJ207': 2, 'gneJ208': 0, 'gneJ210': 0, 'gneJ255': 1, 'gneJ257': 24}, {'1863241632': 0, '2330725114': 0, '243351999': 0, '243641585': 30, '243749571': 67, '30503246': 3, '30624898': 25, '32564122': 0, '89127267': 1, '89173763': 7, '89173808': 0, 'cluster_1427494838_273472399': 1, 'cluster_1757124350_1757124352': 0, 'cluster_1863241547_1863241548_1976170214': 9, 'cluster_306484187_cluster_1200363791_1200363826_1200363834_1200363898_1200363927_1200363938_1200363947_1200364074_1200364103_1507566554_1507566556_255882157_306484190': 0, 'gneJ143': 0, 'gneJ207': 2, 'gneJ208': 0, 'gneJ210': 0, 'gneJ255': 1, 'gneJ257': 48}, 
59740.0, {'1863241632': -0.03125, '2330725114': 0.0, '243351999': 0.0, '243641585': -3.700893, '243749571': -4.0, '30503246': 0.0, '30624898': -4.0, '32564122': 0.0, '89127267': 0.0, '89173763': -0.77678573, '89173808': 0.0, 'cluster_1427494838_273472399': -0.12946428, 'cluster_1757124350_1757124352': 0.0, 'cluster_1863241547_1863241548_1976170214': -0.57589287, 'cluster_306484187_cluster_1200363791_1200363826_1200363834_1200363898_1200363927_1200363938_1200363947_1200364074_1200364103_1507566554_1507566556_255882157_306484190': 0.0, 'gneJ143': -0.035714287, 'gneJ207': -0.22767857, 'gneJ208': -0.004464286, 'gneJ210': 0.0, 'gneJ255': -0.12946428, 'gneJ257': -4.0}, {'1863241632': 1, '2330725114': 0, '243351999': 0, '243641585': 8, '243749571': 25, '30503246': 0, '30624898': 16, '32564122': 0, '89127267': 0, '89173763': 4, '89173808': 0, 'cluster_1427494838_273472399': 2, 'cluster_1757124350_1757124352': 0, 'cluster_1863241547_1863241548_1976170214': 3, 'cluster_306484187_cluster_1200363791_1200363826_1200363834_1200363898_1200363927_1200363938_1200363947_1200364074_1200364103_1507566554_1507566556_255882157_306484190': 0, 'gneJ143': 1, 'gneJ207': 5, 'gneJ208': 1, 'gneJ210': 0, 'gneJ255': 1, 'gneJ257': 26}, {'1863241632': 2, '2330725114': 0, '243351999': 0, '243641585': 24, '243749571': 70, '30503246': 0, '30624898': 26, '32564122': 0, '89127267': 0, '89173763': 4, '89173808': 0, 'cluster_1427494838_273472399': 4, 'cluster_1757124350_1757124352': 0, 'cluster_1863241547_1863241548_1976170214': 9, 'cluster_306484187_cluster_1200363791_1200363826_1200363834_1200363898_1200363927_1200363938_1200363947_1200364074_1200364103_1507566554_1507566556_255882157_306484190': 0, 'gneJ143': 1, 'gneJ207': 6, 'gneJ208': 1, 'gneJ210': 0, 'gneJ255': 2, 'gneJ257': 52}, 
59750.0, {'1863241632': -0.16517857, '2330725114': 0.0, '243351999': -0.035714287, '243641585': -3.0714285, '243749571': -4.0, '30503246': -0.03125, '30624898': -4.0, '32564122': -0.026785715, '89127267': 0.0, '89173763': -0.97321427, '89173808': 0.0, 'cluster_1427494838_273472399': -0.20535715, 'cluster_1757124350_1757124352': 0.0, 'cluster_1863241547_1863241548_1976170214': -0.29464287, 'cluster_306484187_cluster_1200363791_1200363826_1200363834_1200363898_1200363927_1200363938_1200363947_1200364074_1200364103_1507566554_1507566556_255882157_306484190': 0.0, 'gneJ143': -0.017857144, 'gneJ207': -0.13839285, 'gneJ208': 0.0, 'gneJ210': -0.008928572, 'gneJ255': 0.0, 'gneJ257': -4.0}, {'1863241632': 2, '2330725114': 0, '243351999': 1, '243641585': 8, '243749571': 25, '30503246': 1, '30624898': 16, '32564122': 1, '89127267': 0, '89173763': 4, '89173808': 0, 'cluster_1427494838_273472399': 2, 'cluster_1757124350_1757124352': 0, 'cluster_1863241547_1863241548_1976170214': 2, 'cluster_306484187_cluster_1200363791_1200363826_1200363834_1200363898_1200363927_1200363938_1200363947_1200364074_1200364103_1507566554_1507566556_255882157_306484190': 0, 'gneJ143': 1, 'gneJ207': 2, 'gneJ208': 0, 'gneJ210': 1, 'gneJ255': 0, 'gneJ257': 26}, {'1863241632': 4, '2330725114': 0, '243351999': 1, '243641585': 14, '243749571': 69, '30503246': 1, '30624898': 26, '32564122': 1, '89127267': 0, '89173763': 5, '89173808': 0, 'cluster_1427494838_273472399': 3, 'cluster_1757124350_1757124352': 0, 'cluster_1863241547_1863241548_1976170214': 4, 'cluster_306484187_cluster_1200363791_1200363826_1200363834_1200363898_1200363927_1200363938_1200363947_1200364074_1200364103_1507566554_1507566556_255882157_306484190': 0, 'gneJ143': 1, 'gneJ207': 2, 'gneJ208': 0, 'gneJ210': 1, 'gneJ255': 0, 'gneJ257': 55}, 
59760.0, {'1863241632': -0.11160714, '2330725114': -0.013392857, '243351999': -0.10714286, '243641585': -1.84375, '243749571': -4.0, '30503246': -0.15625, '30624898': -4.0, '32564122': 0.0, '89127267': 0.0, '89173763': -1.2053572, '89173808': 0.0, 'cluster_1427494838_273472399': 0.0, 'cluster_1757124350_1757124352': -0.008928572, 'cluster_1863241547_1863241548_1976170214': -0.10714286, 'cluster_306484187_cluster_1200363791_1200363826_1200363834_1200363898_1200363927_1200363938_1200363947_1200364074_1200364103_1507566554_1507566556_255882157_306484190': 0.0, 'gneJ143': 0.0, 'gneJ207': -0.06696428, 'gneJ208': 0.0, 'gneJ210': -0.12946428, 'gneJ255': 0.0, 'gneJ257': -4.0}, {'1863241632': 1, '2330725114': 1, '243351999': 2, '243641585': 6, '243749571': 25, '30503246': 2, '30624898': 16, '32564122': 0, '89127267': 0, '89173763': 5, '89173808': 0, 'cluster_1427494838_273472399': 0, 'cluster_1757124350_1757124352': 1, 'cluster_1863241547_1863241548_1976170214': 1, 'cluster_306484187_cluster_1200363791_1200363826_1200363834_1200363898_1200363927_1200363938_1200363947_1200364074_1200364103_1507566554_1507566556_255882157_306484190': 0, 'gneJ143': 0, 'gneJ207': 3, 'gneJ208': 0, 'gneJ210': 2, 'gneJ255': 0, 'gneJ257': 26}, {'1863241632': 1, '2330725114': 2, '243351999': 2, '243641585': 14, '243749571': 68, '30503246': 3, '30624898': 28, '32564122': 0, '89127267': 0, '89173763': 6, '89173808': 0, 'cluster_1427494838_273472399': 0, 'cluster_1757124350_1757124352': 1, 'cluster_1863241547_1863241548_1976170214': 2, 'cluster_306484187_cluster_1200363791_1200363826_1200363834_1200363898_1200363927_1200363938_1200363947_1200364074_1200364103_1507566554_1507566556_255882157_306484190': 0, 'gneJ143': 0, 'gneJ207': 3, 'gneJ208': 0, 'gneJ210': 3, 'gneJ255': 0, 'gneJ257': 57}, 
59770.0, {'1863241632': -0.23660715, '2330725114': -0.16964285, '243351999': 0.0, '243641585': -2.0089285, '243749571': -4.0, '30503246': -0.08035714, '30624898': -4.0, '32564122': -0.04464286, '89127267': -0.017857144, '89173763': -0.30357143, '89173808': 0.0, 'cluster_1427494838_273472399': -0.035714287, 'cluster_1757124350_1757124352': -0.0625, 'cluster_1863241547_1863241548_1976170214': -0.21875, 'cluster_306484187_cluster_1200363791_1200363826_1200363834_1200363898_1200363927_1200363938_1200363947_1200364074_1200364103_1507566554_1507566556_255882157_306484190': 0.0, 'gneJ143': 0.0, 'gneJ207': -0.04910714, 'gneJ208': 0.0, 'gneJ210': 0.0, 'gneJ255': 0.0, 'gneJ257': -4.0}, {'1863241632': 2, '2330725114': 5, '243351999': 0, '243641585': 6, '243749571': 25, '30503246': 1, '30624898': 16, '32564122': 1, '89127267': 2, '89173763': 2, '89173808': 0, 'cluster_1427494838_273472399': 1, 'cluster_1757124350_1757124352': 2, 'cluster_1863241547_1863241548_1976170214': 1, 'cluster_306484187_cluster_1200363791_1200363826_1200363834_1200363898_1200363927_1200363938_1200363947_1200364074_1200364103_1507566554_1507566556_255882157_306484190': 0, 'gneJ143': 0, 'gneJ207': 1, 'gneJ208': 0, 'gneJ210': 0, 'gneJ255': 0, 'gneJ257': 27}, {'1863241632': 4, '2330725114': 5, '243351999': 0, '243641585': 10, '243749571': 67, '30503246': 1, '30624898': 34, '32564122': 2, '89127267': 2, '89173763': 2, '89173808': 0, 'cluster_1427494838_273472399': 1, 'cluster_1757124350_1757124352': 2, 'cluster_1863241547_1863241548_1976170214': 3, 'cluster_306484187_cluster_1200363791_1200363826_1200363834_1200363898_1200363927_1200363938_1200363947_1200364074_1200364103_1507566554_1507566556_255882157_306484190': 0, 'gneJ143': 0, 'gneJ207': 1, 'gneJ208': 0, 'gneJ210': 0, 'gneJ255': 0, 'gneJ257': 56}, 
59780.0, {'1863241632': -0.41517857, '2330725114': -0.13839285, '243351999': 0.0, '243641585': -1.34375, '243749571': -4.0, '30503246': 0.0, '30624898': -4.0, '32564122': 0.0, '89127267': 0.0, '89173763': -0.4419643, '89173808': 0.0, 'cluster_1427494838_273472399': -0.16071428, 'cluster_1757124350_1757124352': 0.0, 'cluster_1863241547_1863241548_1976170214': -0.35714287, 'cluster_306484187_cluster_1200363791_1200363826_1200363834_1200363898_1200363927_1200363938_1200363947_1200364074_1200364103_1507566554_1507566556_255882157_306484190': 0.0, 'gneJ143': -0.04910714, 'gneJ207': -0.008928572, 'gneJ208': 0.0, 'gneJ210': -0.07589286, 'gneJ255': 0.0, 'gneJ257': -4.0}, {'1863241632': 2, '2330725114': 3, '243351999': 0, '243641585': 5, '243749571': 25, '30503246': 0, '30624898': 16, '32564122': 0, '89127267': 0, '89173763': 3, '89173808': 0, 'cluster_1427494838_273472399': 1, 'cluster_1757124350_1757124352': 0, 'cluster_1863241547_1863241548_1976170214': 1, 'cluster_306484187_cluster_1200363791_1200363826_1200363834_1200363898_1200363927_1200363938_1200363947_1200364074_1200364103_1507566554_1507566556_255882157_306484190': 0, 'gneJ143': 1, 'gneJ207': 1, 'gneJ208': 0, 'gneJ210': 1, 'gneJ255': 0, 'gneJ257': 27}, {'1863241632': 4, '2330725114': 3, '243351999': 0, '243641585': 14, '243749571': 66, '30503246': 0, '30624898': 33, '32564122': 0, '89127267': 0, '89173763': 4, '89173808': 0, 'cluster_1427494838_273472399': 4, 'cluster_1757124350_1757124352': 0, 'cluster_1863241547_1863241548_1976170214': 4, 'cluster_306484187_cluster_1200363791_1200363826_1200363834_1200363898_1200363927_1200363938_1200363947_1200364074_1200364103_1507566554_1507566556_255882157_306484190': 0, 'gneJ143': 2, 'gneJ207': 1, 'gneJ208': 0, 'gneJ210': 2, 'gneJ255': 0, 'gneJ257': 54}, 
59790.0, {'1863241632': -0.59375, '2330725114': -0.32589287, '243351999': 0.0, '243641585': -2.075893, '243749571': -4.0, '30503246': 0.0, '30624898': -4.0, '32564122': 0.0, '89127267': 0.0, '89173763': -0.6785714, '89173808': 0.0, 'cluster_1427494838_273472399': -0.058035713, 'cluster_1757124350_1757124352': -0.026785715, 'cluster_1863241547_1863241548_1976170214': -0.54464287, 'cluster_306484187_cluster_1200363791_1200363826_1200363834_1200363898_1200363927_1200363938_1200363947_1200364074_1200364103_1507566554_1507566556_255882157_306484190': 0.0, 'gneJ143': 0.0, 'gneJ207': -0.05357143, 'gneJ208': 0.0, 'gneJ210': 0.0, 'gneJ255': -0.017857144, 'gneJ257': -4.0}, {'1863241632': 2, '2330725114': 4, '243351999': 0, '243641585': 7, '243749571': 25, '30503246': 0, '30624898': 16, '32564122': 0, '89127267': 0, '89173763': 5, '89173808': 0, 'cluster_1427494838_273472399': 1, 'cluster_1757124350_1757124352': 1, 'cluster_1863241547_1863241548_1976170214': 2, 'cluster_306484187_cluster_1200363791_1200363826_1200363834_1200363898_1200363927_1200363938_1200363947_1200364074_1200364103_1507566554_1507566556_255882157_306484190': 0, 'gneJ143': 0, 'gneJ207': 1, 'gneJ208': 0, 'gneJ210': 0, 'gneJ255': 1, 'gneJ257': 27}, {'1863241632': 4, '2330725114': 6, '243351999': 0, '243641585': 18, '243749571': 66, '30503246': 0, '30624898': 32, '32564122': 0, '89127267': 0, '89173763': 6, '89173808': 0, 'cluster_1427494838_273472399': 1, 'cluster_1757124350_1757124352': 1, 'cluster_1863241547_1863241548_1976170214': 5, 'cluster_306484187_cluster_1200363791_1200363826_1200363834_1200363898_1200363927_1200363938_1200363947_1200364074_1200364103_1507566554_1507566556_255882157_306484190': 0, 'gneJ143': 0, 'gneJ207': 1, 'gneJ208': 0, 'gneJ210': 0, 'gneJ255': 1, 'gneJ257': 56}, 
59800.0, {'1863241632': -0.7723214, '2330725114': -0.66964287, '243351999': 0.0, '243641585': -2.6964285, '243749571': -4.0, '30503246': 0.0, '30624898': -4.0, '32564122': 0.0, '89127267': -0.06696428, '89173763': -0.29464287, '89173808': 0.0, 'cluster_1427494838_273472399': 0.0, 'cluster_1757124350_1757124352': 0.0, 'cluster_1863241547_1863241548_1976170214': -0.41517857, 'cluster_306484187_cluster_1200363791_1200363826_1200363834_1200363898_1200363927_1200363938_1200363947_1200364074_1200364103_1507566554_1507566556_255882157_306484190': 0.0, 'gneJ143': -0.071428575, 'gneJ207': -0.11160714, 'gneJ208': 0.0, 'gneJ210': -0.004464286, 'gneJ255': 0.0, 'gneJ257': -4.0}, {'1863241632': 2, '2330725114': 5, '243351999': 0, '243641585': 7, '243749571': 25, '30503246': 0, '30624898': 16, '32564122': 0, '89127267': 2, '89173763': 2, '89173808': 0, 'cluster_1427494838_273472399': 0, 'cluster_1757124350_1757124352': 0, 'cluster_1863241547_1863241548_1976170214': 1, 'cluster_306484187_cluster_1200363791_1200363826_1200363834_1200363898_1200363927_1200363938_1200363947_1200364074_1200364103_1507566554_1507566556_255882157_306484190': 0, 'gneJ143': 3, 'gneJ207': 3, 'gneJ208': 0, 'gneJ210': 1, 'gneJ255': 0, 'gneJ257': 27}, {'1863241632': 4, '2330725114': 9, '243351999': 0, '243641585': 21, '243749571': 66, '30503246': 0, '30624898': 31, '32564122': 0, '89127267': 3, '89173763': 4, '89173808': 0, 'cluster_1427494838_273472399': 0, 'cluster_1757124350_1757124352': 0, 'cluster_1863241547_1863241548_1976170214': 2, 'cluster_306484187_cluster_1200363791_1200363826_1200363834_1200363898_1200363927_1200363938_1200363947_1200364074_1200364103_1507566554_1507566556_255882157_306484190': 0, 'gneJ143': 4, 'gneJ207': 3, 'gneJ208': 0, 'gneJ210': 1, 'gneJ255': 0, 'gneJ257': 60}, 
59810.0, {'1863241632': -0.95089287, '2330725114': -0.78125, '243351999': 0.0, '243641585': -3.3080356, '243749571': -4.0, '30503246': 0.0, '30624898': -4.0, '32564122': 0.0, '89127267': 0.0, '89173763': -0.3125, '89173808': 0.0, 'cluster_1427494838_273472399': 0.0, 'cluster_1757124350_1757124352': 0.0, 'cluster_1863241547_1863241548_1976170214': -0.035714287, 'cluster_306484187_cluster_1200363791_1200363826_1200363834_1200363898_1200363927_1200363938_1200363947_1200364074_1200364103_1507566554_1507566556_255882157_306484190': -0.02232143, 'gneJ143': -0.12053572, 'gneJ207': 0.0, 'gneJ208': 0.0, 'gneJ210': 0.0, 'gneJ255': -0.03125, 'gneJ257': -4.0}, {'1863241632': 2, '2330725114': 5, '243351999': 0, '243641585': 11, '243749571': 25, '30503246': 0, '30624898': 16, '32564122': 0, '89127267': 0, '89173763': 3, '89173808': 0, 'cluster_1427494838_273472399': 0, 'cluster_1757124350_1757124352': 0, 'cluster_1863241547_1863241548_1976170214': 2, 'cluster_306484187_cluster_1200363791_1200363826_1200363834_1200363898_1200363927_1200363938_1200363947_1200364074_1200364103_1507566554_1507566556_255882157_306484190': 1, 'gneJ143': 3, 'gneJ207': 0, 'gneJ208': 0, 'gneJ210': 0, 'gneJ255': 1, 'gneJ257': 27}, {'1863241632': 4, '2330725114': 6, '243351999': 0, '243641585': 23, '243749571': 66, '30503246': 0, '30624898': 30, '32564122': 0, '89127267': 0, '89173763': 4, '89173808': 0, 'cluster_1427494838_273472399': 0, 'cluster_1757124350_1757124352': 0, 'cluster_1863241547_1863241548_1976170214': 4, 'cluster_306484187_cluster_1200363791_1200363826_1200363834_1200363898_1200363927_1200363938_1200363947_1200364074_1200364103_1507566554_1507566556_255882157_306484190': 1, 'gneJ143': 3, 'gneJ207': 0, 'gneJ208': 0, 'gneJ210': 0, 'gneJ255': 1, 'gneJ257': 62}, 
59820.0, {'1863241632': -1.1294643, '2330725114': -0.95089287, '243351999': -0.017857144, '243641585': -4.0, '243749571': -4.0, '30503246': 0.0, '30624898': -4.0, '32564122': 0.0, '89127267': -0.02232143, '89173763': -0.102678575, '89173808': -0.04017857, 'cluster_1427494838_273472399': 0.0, 'cluster_1757124350_1757124352': 0.0, 'cluster_1863241547_1863241548_1976170214': -0.23214285, 'cluster_306484187_cluster_1200363791_1200363826_1200363834_1200363898_1200363927_1200363938_1200363947_1200364074_1200364103_1507566554_1507566556_255882157_306484190': 0.0, 'gneJ143': -0.058035713, 'gneJ207': -0.0625, 'gneJ208': 0.0, 'gneJ210': 0.0, 'gneJ255': -0.07589286, 'gneJ257': -4.0}, {'1863241632': 2, '2330725114': 5, '243351999': 1, '243641585': 9, '243749571': 25, '30503246': 0, '30624898': 16, '32564122': 0, '89127267': 1, '89173763': 1, '89173808': 1, 'cluster_1427494838_273472399': 0, 'cluster_1757124350_1757124352': 0, 'cluster_1863241547_1863241548_1976170214': 2, 'cluster_306484187_cluster_1200363791_1200363826_1200363834_1200363898_1200363927_1200363938_1200363947_1200364074_1200364103_1507566554_1507566556_255882157_306484190': 0, 'gneJ143': 1, 'gneJ207': 3, 'gneJ208': 0, 'gneJ210': 0, 'gneJ255': 1, 'gneJ257': 27}, {'1863241632': 4, '2330725114': 5, '243351999': 1, '243641585': 26, '243749571': 67, '30503246': 0, '30624898': 30, '32564122': 0, '89127267': 1, '89173763': 1, '89173808': 2, 'cluster_1427494838_273472399': 0, 'cluster_1757124350_1757124352': 0, 'cluster_1863241547_1863241548_1976170214': 5, 'cluster_306484187_cluster_1200363791_1200363826_1200363834_1200363898_1200363927_1200363938_1200363947_1200364074_1200364103_1507566554_1507566556_255882157_306484190': 0, 'gneJ143': 2, 'gneJ207': 3, 'gneJ208': 0, 'gneJ210': 0, 'gneJ255': 1, 'gneJ257': 62}, 
59830.0, {'1863241632': -0.42410713, '2330725114': -0.40625, '243351999': -0.071428575, '243641585': -4.0, '243749571': -4.0, '30503246': 0.0, '30624898': -4.0, '32564122': 0.0, '89127267': -0.07589286, '89173763': -0.20535715, '89173808': -0.12946428, 'cluster_1427494838_273472399': -0.02232143, 'cluster_1757124350_1757124352': 0.0, 'cluster_1863241547_1863241548_1976170214': -0.64285713, 'cluster_306484187_cluster_1200363791_1200363826_1200363834_1200363898_1200363927_1200363938_1200363947_1200364074_1200364103_1507566554_1507566556_255882157_306484190': 0.0, 'gneJ143': -0.13392857, 'gneJ207': -0.19642857, 'gneJ208': 0.0, 'gneJ210': 0.0, 'gneJ255': -0.12053572, 'gneJ257': -4.0}, {'1863241632': 1, '2330725114': 2, '243351999': 3, '243641585': 9, '243749571': 25, '30503246': 0, '30624898': 16, '32564122': 0, '89127267': 1, '89173763': 2, '89173808': 1, 'cluster_1427494838_273472399': 1, 'cluster_1757124350_1757124352': 0, 'cluster_1863241547_1863241548_1976170214': 5, 'cluster_306484187_cluster_1200363791_1200363826_1200363834_1200363898_1200363927_1200363938_1200363947_1200364074_1200364103_1507566554_1507566556_255882157_306484190': 0, 'gneJ143': 2, 'gneJ207': 3, 'gneJ208': 0, 'gneJ210': 0, 'gneJ255': 1, 'gneJ257': 27}, {'1863241632': 1, '2330725114': 2, '243351999': 3, '243641585': 25, '243749571': 67, '30503246': 0, '30624898': 33, '32564122': 0, '89127267': 2, '89173763': 3, '89173808': 2, 'cluster_1427494838_273472399': 1, 'cluster_1757124350_1757124352': 0, 'cluster_1863241547_1863241548_1976170214': 13, 'cluster_306484187_cluster_1200363791_1200363826_1200363834_1200363898_1200363927_1200363938_1200363947_1200364074_1200364103_1507566554_1507566556_255882157_306484190': 0, 'gneJ143': 4, 'gneJ207': 3, 'gneJ208': 0, 'gneJ210': 0, 'gneJ255': 1, 'gneJ257': 62}, 
59840.0, {'1863241632': -0.53571427, '2330725114': 0.0, '243351999': 0.0, '243641585': -4.0, '243749571': -4.0, '30503246': 0.0, '30624898': -4.0, '32564122': 0.0, '89127267': 0.0, '89173763': -0.19196428, '89173808': -0.23660715, 'cluster_1427494838_273472399': -0.06696428, 'cluster_1757124350_1757124352': 0.0, 'cluster_1863241547_1863241548_1976170214': -1.3035715, 'cluster_306484187_cluster_1200363791_1200363826_1200363834_1200363898_1200363927_1200363938_1200363947_1200364074_1200364103_1507566554_1507566556_255882157_306484190': 0.0, 'gneJ143': -0.3125, 'gneJ207': -0.46875, 'gneJ208': 0.0, 'gneJ210': -0.013392857, 'gneJ255': -0.16517857, 'gneJ257': -4.0}, {'1863241632': 2, '2330725114': 0, '243351999': 0, '243641585': 11, '243749571': 25, '30503246': 0, '30624898': 16, '32564122': 0, '89127267': 0, '89173763': 1, '89173808': 2, 'cluster_1427494838_273472399': 1, 'cluster_1757124350_1757124352': 0, 'cluster_1863241547_1863241548_1976170214': 5, 'cluster_306484187_cluster_1200363791_1200363826_1200363834_1200363898_1200363927_1200363938_1200363947_1200364074_1200364103_1507566554_1507566556_255882157_306484190': 0, 'gneJ143': 2, 'gneJ207': 5, 'gneJ208': 0, 'gneJ210': 1, 'gneJ255': 1, 'gneJ257': 27}, {'1863241632': 4, '2330725114': 0, '243351999': 0, '243641585': 23, '243749571': 68, '30503246': 0, '30624898': 34, '32564122': 0, '89127267': 0, '89173763': 1, '89173808': 3, 'cluster_1427494838_273472399': 1, 'cluster_1757124350_1757124352': 0, 'cluster_1863241547_1863241548_1976170214': 15, 'cluster_306484187_cluster_1200363791_1200363826_1200363834_1200363898_1200363927_1200363938_1200363947_1200364074_1200364103_1507566554_1507566556_255882157_306484190': 0, 'gneJ143': 4, 'gneJ207': 9, 'gneJ208': 0, 'gneJ210': 1, 'gneJ255': 1, 'gneJ257': 61}, 
59850.0, {'1863241632': -0.5625, '2330725114': 0.0, '243351999': 0.0, '243641585': -4.0, '243749571': -4.0, '30503246': -0.013392857, '30624898': -4.0, '32564122': 0.0, '89127267': -0.008928572, '89173763': -0.04464286, '89173808': 0.0, 'cluster_1427494838_273472399': 0.0, 'cluster_1757124350_1757124352': 0.0, 'cluster_1863241547_1863241548_1976170214': -2.03125, 'cluster_306484187_cluster_1200363791_1200363826_1200363834_1200363898_1200363927_1200363938_1200363947_1200364074_1200364103_1507566554_1507566556_255882157_306484190': 0.0, 'gneJ143': -0.50446427, 'gneJ207': -0.23660715, 'gneJ208': 0.0, 'gneJ210': -0.026785715, 'gneJ255': 0.0, 'gneJ257': -4.0}, {'1863241632': 1, '2330725114': 0, '243351999': 0, '243641585': 7, '243749571': 25, '30503246': 1, '30624898': 16, '32564122': 0, '89127267': 1, '89173763': 1, '89173808': 0, 'cluster_1427494838_273472399': 0, 'cluster_1757124350_1757124352': 0, 'cluster_1863241547_1863241548_1976170214': 6, 'cluster_306484187_cluster_1200363791_1200363826_1200363834_1200363898_1200363927_1200363938_1200363947_1200364074_1200364103_1507566554_1507566556_255882157_306484190': 0, 'gneJ143': 2, 'gneJ207': 3, 'gneJ208': 0, 'gneJ210': 1, 'gneJ255': 0, 'gneJ257': 27}, {'1863241632': 2, '2330725114': 0, '243351999': 0, '243641585': 19, '243749571': 67, '30503246': 1, '30624898': 35, '32564122': 0, '89127267': 1, '89173763': 2, '89173808': 0, 'cluster_1427494838_273472399': 0, 'cluster_1757124350_1757124352': 0, 'cluster_1863241547_1863241548_1976170214': 19, 'cluster_306484187_cluster_1200363791_1200363826_1200363834_1200363898_1200363927_1200363938_1200363947_1200364074_1200364103_1507566554_1507566556_255882157_306484190': 0, 'gneJ143': 5, 'gneJ207': 4, 'gneJ208': 0, 'gneJ210': 1, 'gneJ255': 0, 'gneJ257': 60}, 
59860.0, {'1863241632': -0.70535713, '2330725114': 0.0, '243351999': 0.0, '243641585': -4.0, '243749571': -4.0, '30503246': 0.0, '30624898': -4.0, '32564122': -0.10714286, '89127267': 0.0, '89173763': -0.19196428, '89173808': 0.0, 'cluster_1427494838_273472399': 0.0, 'cluster_1757124350_1757124352': -0.02232143, 'cluster_1863241547_1863241548_1976170214': -2.7589285, 'cluster_306484187_cluster_1200363791_1200363826_1200363834_1200363898_1200363927_1200363938_1200363947_1200364074_1200364103_1507566554_1507566556_255882157_306484190': 0.0, 'gneJ143': -0.017857144, 'gneJ207': -0.42857143, 'gneJ208': 0.0, 'gneJ210': -0.09375, 'gneJ255': -0.02232143, 'gneJ257': -4.0}, {'1863241632': 2, '2330725114': 0, '243351999': 0, '243641585': 7, '243749571': 25, '30503246': 0, '30624898': 16, '32564122': 2, '89127267': 0, '89173763': 3, '89173808': 0, 'cluster_1427494838_273472399': 0, 'cluster_1757124350_1757124352': 1, 'cluster_1863241547_1863241548_1976170214': 6, 'cluster_306484187_cluster_1200363791_1200363826_1200363834_1200363898_1200363927_1200363938_1200363947_1200364074_1200364103_1507566554_1507566556_255882157_306484190': 0, 'gneJ143': 2, 'gneJ207': 4, 'gneJ208': 0, 'gneJ210': 1, 'gneJ255': 1, 'gneJ257': 27}, {'1863241632': 4, '2330725114': 0, '243351999': 0, '243641585': 16, '243749571': 69, '30503246': 0, '30624898': 34, '32564122': 3, '89127267': 0, '89173763': 6, '89173808': 0, 'cluster_1427494838_273472399': 0, 'cluster_1757124350_1757124352': 1, 'cluster_1863241547_1863241548_1976170214': 19, 'cluster_306484187_cluster_1200363791_1200363826_1200363834_1200363898_1200363927_1200363938_1200363947_1200364074_1200364103_1507566554_1507566556_255882157_306484190': 0, 'gneJ143': 2, 'gneJ207': 5, 'gneJ208': 0, 'gneJ210': 2, 'gneJ255': 1, 'gneJ257': 60}, 
59870.0, {'1863241632': -0.7410714, '2330725114': -0.008928572, '243351999': -0.035714287, '243641585': -4.0, '243749571': -4.0, '30503246': 0.0, '30624898': -4.0, '32564122': 0.0, '89127267': 0.0, '89173763': -0.5223214, '89173808': -0.04017857, 'cluster_1427494838_273472399': 0.0, 'cluster_1757124350_1757124352': -0.06696428, 'cluster_1863241547_1863241548_1976170214': -3.6651785, 'cluster_306484187_cluster_1200363791_1200363826_1200363834_1200363898_1200363927_1200363938_1200363947_1200364074_1200364103_1507566554_1507566556_255882157_306484190': 0.0, 'gneJ143': -0.10714286, 'gneJ207': -0.19642857, 'gneJ208': 0.0, 'gneJ210': 0.0, 'gneJ255': 0.0, 'gneJ257': -4.0}, {'1863241632': 1, '2330725114': 1, '243351999': 2, '243641585': 7, '243749571': 25, '30503246': 0, '30624898': 16, '32564122': 0, '89127267': 0, '89173763': 5, '89173808': 3, 'cluster_1427494838_273472399': 0, 'cluster_1757124350_1757124352': 1, 'cluster_1863241547_1863241548_1976170214': 6, 'cluster_306484187_cluster_1200363791_1200363826_1200363834_1200363898_1200363927_1200363938_1200363947_1200364074_1200364103_1507566554_1507566556_255882157_306484190': 0, 'gneJ143': 2, 'gneJ207': 2, 'gneJ208': 0, 'gneJ210': 0, 'gneJ255': 0, 'gneJ257': 27}, {'1863241632': 2, '2330725114': 1, '243351999': 2, '243641585': 14, '243749571': 68, '30503246': 0, '30624898': 36, '32564122': 0, '89127267': 0, '89173763': 8, '89173808': 3, 'cluster_1427494838_273472399': 0, 'cluster_1757124350_1757124352': 1, 'cluster_1863241547_1863241548_1976170214': 22, 'cluster_306484187_cluster_1200363791_1200363826_1200363834_1200363898_1200363927_1200363938_1200363947_1200364074_1200364103_1507566554_1507566556_255882157_306484190': 0, 'gneJ143': 2, 'gneJ207': 2, 'gneJ208': 0, 'gneJ210': 0, 'gneJ255': 0, 'gneJ257': 57}, 
59880.0, {'1863241632': -0.6473214, '2330725114': 0.0, '243351999': -0.125, '243641585': -4.0, '243749571': -4.0, '30503246': 0.0, '30624898': -4.0, '32564122': -0.10714286, '89127267': -0.004464286, '89173763': -0.8839286, '89173808': 0.0, 'cluster_1427494838_273472399': 0.0, 'cluster_1757124350_1757124352': -0.18303572, 'cluster_1863241547_1863241548_1976170214': -4.0, 'cluster_306484187_cluster_1200363791_1200363826_1200363834_1200363898_1200363927_1200363938_1200363947_1200364074_1200364103_1507566554_1507566556_255882157_306484190': 0.0, 'gneJ143': -0.035714287, 'gneJ207': -0.125, 'gneJ208': 0.0, 'gneJ210': -0.035714287, 'gneJ255': 0.0, 'gneJ257': -4.0}, {'1863241632': 1, '2330725114': 0, '243351999': 2, '243641585': 7, '243749571': 25, '30503246': 0, '30624898': 16, '32564122': 4, '89127267': 1, '89173763': 6, '89173808': 0, 'cluster_1427494838_273472399': 0, 'cluster_1757124350_1757124352': 3, 'cluster_1863241547_1863241548_1976170214': 6, 'cluster_306484187_cluster_1200363791_1200363826_1200363834_1200363898_1200363927_1200363938_1200363947_1200364074_1200364103_1507566554_1507566556_255882157_306484190': 0, 'gneJ143': 1, 'gneJ207': 3, 'gneJ208': 0, 'gneJ210': 1, 'gneJ255': 0, 'gneJ257': 27}, {'1863241632': 1, '2330725114': 0, '243351999': 2, '243641585': 15, '243749571': 68, '30503246': 0, '30624898': 35, '32564122': 4, '89127267': 1, '89173763': 9, '89173808': 0, 'cluster_1427494838_273472399': 0, 'cluster_1757124350_1757124352': 5, 'cluster_1863241547_1863241548_1976170214': 25, 'cluster_306484187_cluster_1200363791_1200363826_1200363834_1200363898_1200363927_1200363938_1200363947_1200364074_1200364103_1507566554_1507566556_255882157_306484190': 0, 'gneJ143': 2, 'gneJ207': 3, 'gneJ208': 0, 'gneJ210': 1, 'gneJ255': 0, 'gneJ257': 60}, 
59890.0, {'1863241632': -0.7098214, '2330725114': 0.0, '243351999': 0.0, '243641585': -4.0, '243749571': -4.0, '30503246': 0.0, '30624898': -4.0, '32564122': -0.12946428, '89127267': 0.0, '89173763': -0.45089287, '89173808': 0.0, 'cluster_1427494838_273472399': -0.026785715, 'cluster_1757124350_1757124352': 0.0, 'cluster_1863241547_1863241548_1976170214': -4.0, 'cluster_306484187_cluster_1200363791_1200363826_1200363834_1200363898_1200363927_1200363938_1200363947_1200364074_1200364103_1507566554_1507566556_255882157_306484190': 0.0, 'gneJ143': -0.25, 'gneJ207': -0.2857143, 'gneJ208': 0.0, 'gneJ210': -0.08035714, 'gneJ255': 0.0, 'gneJ257': -4.0}, {'1863241632': 1, '2330725114': 0, '243351999': 0, '243641585': 7, '243749571': 25, '30503246': 0, '30624898': 16, '32564122': 2, '89127267': 0, '89173763': 3, '89173808': 0, 'cluster_1427494838_273472399': 1, 'cluster_1757124350_1757124352': 0, 'cluster_1863241547_1863241548_1976170214': 6, 'cluster_306484187_cluster_1200363791_1200363826_1200363834_1200363898_1200363927_1200363938_1200363947_1200364074_1200364103_1507566554_1507566556_255882157_306484190': 0, 'gneJ143': 2, 'gneJ207': 4, 'gneJ208': 0, 'gneJ210': 1, 'gneJ255': 0, 'gneJ257': 27}, {'1863241632': 2, '2330725114': 0, '243351999': 0, '243641585': 14, '243749571': 69, '30503246': 0, '30624898': 34, '32564122': 2, '89127267': 0, '89173763': 4, '89173808': 0, 'cluster_1427494838_273472399': 1, 'cluster_1757124350_1757124352': 0, 'cluster_1863241547_1863241548_1976170214': 25, 'cluster_306484187_cluster_1200363791_1200363826_1200363834_1200363898_1200363927_1200363938_1200363947_1200364074_1200364103_1507566554_1507566556_255882157_306484190': 0, 'gneJ143': 7, 'gneJ207': 5, 'gneJ208': 0, 'gneJ210': 1, 'gneJ255': 0, 'gneJ257': 60}, 
59900.0, {'1863241632': -0.084821425, '2330725114': -0.13392857, '243351999': 0.0, '243641585': -4.0, '243749571': -4.0, '30503246': 0.0, '30624898': -4.0, '32564122': -0.21875, '89127267': -0.035714287, '89173763': -0.66964287, '89173808': -0.04017857, 'cluster_1427494838_273472399': 0.0, 'cluster_1757124350_1757124352': 0.0, 'cluster_1863241547_1863241548_1976170214': -4.0, 'cluster_306484187_cluster_1200363791_1200363826_1200363834_1200363898_1200363927_1200363938_1200363947_1200364074_1200364103_1507566554_1507566556_255882157_306484190': 0.0, 'gneJ143': -0.65178573, 'gneJ207': -0.14285715, 'gneJ208': 0.0, 'gneJ210': -0.17410715, 'gneJ255': 0.0, 'gneJ257': -4.0}, {'1863241632': 1, '2330725114': 5, '243351999': 0, '243641585': 7, '243749571': 25, '30503246': 0, '30624898': 16, '32564122': 2, '89127267': 1, '89173763': 3, '89173808': 1, 'cluster_1427494838_273472399': 0, 'cluster_1757124350_1757124352': 0, 'cluster_1863241547_1863241548_1976170214': 6, 'cluster_306484187_cluster_1200363791_1200363826_1200363834_1200363898_1200363927_1200363938_1200363947_1200364074_1200364103_1507566554_1507566556_255882157_306484190': 0, 'gneJ143': 4, 'gneJ207': 2, 'gneJ208': 0, 'gneJ210': 2, 'gneJ255': 0, 'gneJ257': 27}, {'1863241632': 2, '2330725114': 5, '243351999': 0, '243641585': 12, '243749571': 68, '30503246': 0, '30624898': 33, '32564122': 2, '89127267': 1, '89173763': 5, '89173808': 1, 'cluster_1427494838_273472399': 0, 'cluster_1757124350_1757124352': 0, 'cluster_1863241547_1863241548_1976170214': 28, 'cluster_306484187_cluster_1200363791_1200363826_1200363834_1200363898_1200363927_1200363938_1200363947_1200364074_1200364103_1507566554_1507566556_255882157_306484190': 0, 'gneJ143': 11, 'gneJ207': 2, 'gneJ208': 0, 'gneJ210': 4, 'gneJ255': 0, 'gneJ257': 59}, 
59910.0, {'1863241632': -0.17410715, '2330725114': -0.116071425, '243351999': 0.0, '243641585': -4.0, '243749571': -4.0, '30503246': 0.0, '30624898': -4.0, '32564122': -0.017857144, '89127267': 0.0, '89173763': -0.875, '89173808': -0.116071425, 'cluster_1427494838_273472399': -0.004464286, 'cluster_1757124350_1757124352': -0.017857144, 'cluster_1863241547_1863241548_1976170214': -4.0, 'cluster_306484187_cluster_1200363791_1200363826_1200363834_1200363898_1200363927_1200363938_1200363947_1200364074_1200364103_1507566554_1507566556_255882157_306484190': 0.0, 'gneJ143': -0.05357143, 'gneJ207': 0.0, 'gneJ208': 0.0, 'gneJ210': -0.04910714, 'gneJ255': 0.0, 'gneJ257': -4.0}, {'1863241632': 1, '2330725114': 2, '243351999': 0, '243641585': 7, '243749571': 25, '30503246': 0, '30624898': 16, '32564122': 1, '89127267': 0, '89173763': 4, '89173808': 2, 'cluster_1427494838_273472399': 1, 'cluster_1757124350_1757124352': 1, 'cluster_1863241547_1863241548_1976170214': 4, 'cluster_306484187_cluster_1200363791_1200363826_1200363834_1200363898_1200363927_1200363938_1200363947_1200364074_1200364103_1507566554_1507566556_255882157_306484190': 0, 'gneJ143': 1, 'gneJ207': 0, 'gneJ208': 0, 'gneJ210': 1, 'gneJ255': 0, 'gneJ257': 27}, {'1863241632': 2, '2330725114': 2, '243351999': 0, '243641585': 13, '243749571': 68, '30503246': 0, '30624898': 34, '32564122': 1, '89127267': 0, '89173763': 6, '89173808': 2, 'cluster_1427494838_273472399': 1, 'cluster_1757124350_1757124352': 1, 'cluster_1863241547_1863241548_1976170214': 19, 'cluster_306484187_cluster_1200363791_1200363826_1200363834_1200363898_1200363927_1200363938_1200363947_1200364074_1200364103_1507566554_1507566556_255882157_306484190': 0, 'gneJ143': 1, 'gneJ207': 0, 'gneJ208': 0, 'gneJ210': 1, 'gneJ255': 0, 'gneJ257': 54}, 
59920.0, {'1863241632': -0.26339287, '2330725114': 0.0, '243351999': 0.0, '243641585': -4.0, '243749571': -4.0, '30503246': 0.0, '30624898': -4.0, '32564122': -0.0625, '89127267': -0.013392857, '89173763': -0.06696428, '89173808': -0.07589286, 'cluster_1427494838_273472399': 0.0, 'cluster_1757124350_1757124352': -0.10714286, 'cluster_1863241547_1863241548_1976170214': -2.5223215, 'cluster_306484187_cluster_1200363791_1200363826_1200363834_1200363898_1200363927_1200363938_1200363947_1200364074_1200364103_1507566554_1507566556_255882157_306484190': 0.0, 'gneJ143': -0.15178572, 'gneJ207': -0.03125, 'gneJ208': 0.0, 'gneJ210': -0.09375, 'gneJ255': 0.0, 'gneJ257': -4.0}, {'1863241632': 1, '2330725114': 0, '243351999': 0, '243641585': 7, '243749571': 25, '30503246': 0, '30624898': 16, '32564122': 1, '89127267': 1, '89173763': 1, '89173808': 1, 'cluster_1427494838_273472399': 0, 'cluster_1757124350_1757124352': 2, 'cluster_1863241547_1863241548_1976170214': 3, 'cluster_306484187_cluster_1200363791_1200363826_1200363834_1200363898_1200363927_1200363938_1200363947_1200364074_1200364103_1507566554_1507566556_255882157_306484190': 0, 'gneJ143': 3, 'gneJ207': 1, 'gneJ208': 0, 'gneJ210': 1, 'gneJ255': 0, 'gneJ257': 27}, {'1863241632': 2, '2330725114': 0, '243351999': 0, '243641585': 14, '243749571': 69, '30503246': 0, '30624898': 36, '32564122': 1, '89127267': 1, '89173763': 1, '89173808': 1, 'cluster_1427494838_273472399': 0, 'cluster_1757124350_1757124352': 2, 'cluster_1863241547_1863241548_1976170214': 14, 'cluster_306484187_cluster_1200363791_1200363826_1200363834_1200363898_1200363927_1200363938_1200363947_1200364074_1200364103_1507566554_1507566556_255882157_306484190': 0, 'gneJ143': 5, 'gneJ207': 1, 'gneJ208': 0, 'gneJ210': 1, 'gneJ255': 0, 'gneJ257': 54}, 
59930.0, {'1863241632': -0.20089285, '2330725114': 0.0, '243351999': 0.0, '243641585': -4.0, '243749571': -4.0, '30503246': -0.008928572, '30624898': -4.0, '32564122': -0.02232143, '89127267': 0.0, '89173763': 0.0, '89173808': -0.12053572, 'cluster_1427494838_273472399': 0.0, 'cluster_1757124350_1757124352': -0.02232143, 'cluster_1863241547_1863241548_1976170214': -3.375, 'cluster_306484187_cluster_1200363791_1200363826_1200363834_1200363898_1200363927_1200363938_1200363947_1200364074_1200364103_1507566554_1507566556_255882157_306484190': 0.0, 'gneJ143': -0.51785713, 'gneJ207': 0.0, 'gneJ208': 0.0, 'gneJ210': 0.0, 'gneJ255': -0.02232143, 'gneJ257': -4.0}, {'1863241632': 1, '2330725114': 0, '243351999': 0, '243641585': 7, '243749571': 25, '30503246': 1, '30624898': 16, '32564122': 1, '89127267': 0, '89173763': 0, '89173808': 1, 'cluster_1427494838_273472399': 0, 'cluster_1757124350_1757124352': 1, 'cluster_1863241547_1863241548_1976170214': 6, 'cluster_306484187_cluster_1200363791_1200363826_1200363834_1200363898_1200363927_1200363938_1200363947_1200364074_1200364103_1507566554_1507566556_255882157_306484190': 0, 'gneJ143': 4, 'gneJ207': 0, 'gneJ208': 0, 'gneJ210': 0, 'gneJ255': 1, 'gneJ257': 27}, {'1863241632': 2, '2330725114': 0, '243351999': 0, '243641585': 17, '243749571': 68, '30503246': 1, '30624898': 42, '32564122': 1, '89127267': 0, '89173763': 0, '89173808': 1, 'cluster_1427494838_273472399': 0, 'cluster_1757124350_1757124352': 1, 'cluster_1863241547_1863241548_1976170214': 22, 'cluster_306484187_cluster_1200363791_1200363826_1200363834_1200363898_1200363927_1200363938_1200363947_1200364074_1200364103_1507566554_1507566556_255882157_306484190': 0, 'gneJ143': 10, 'gneJ207': 0, 'gneJ208': 0, 'gneJ210': 0, 'gneJ255': 2, 'gneJ257': 56}, 
59940.0, {'1863241632': -0.29017857, '2330725114': 0.0, '243351999': 0.0, '243641585': -4.0, '243749571': -4.0, '30503246': 0.0, '30624898': -4.0, '32564122': -0.09821428, '89127267': -0.03125, '89173763': -0.026785715, '89173808': 0.0, 'cluster_1427494838_273472399': -0.05357143, 'cluster_1757124350_1757124352': 0.0, 'cluster_1863241547_1863241548_1976170214': -4.0, 'cluster_306484187_cluster_1200363791_1200363826_1200363834_1200363898_1200363927_1200363938_1200363947_1200364074_1200364103_1507566554_1507566556_255882157_306484190': 0.0, 'gneJ143': -0.08928572, 'gneJ207': -0.14732143, 'gneJ208': 0.0, 'gneJ210': -0.026785715, 'gneJ255': 0.0, 'gneJ257': -4.0}, {'1863241632': 1, '2330725114': 0, '243351999': 0, '243641585': 7, '243749571': 25, '30503246': 0, '30624898': 16, '32564122': 2, '89127267': 1, '89173763': 1, '89173808': 0, 'cluster_1427494838_273472399': 2, 'cluster_1757124350_1757124352': 0, 'cluster_1863241547_1863241548_1976170214': 6, 'cluster_306484187_cluster_1200363791_1200363826_1200363834_1200363898_1200363927_1200363938_1200363947_1200364074_1200364103_1507566554_1507566556_255882157_306484190': 0, 'gneJ143': 1, 'gneJ207': 3, 'gneJ208': 0, 'gneJ210': 1, 'gneJ255': 0, 'gneJ257': 27}, {'1863241632': 2, '2330725114': 0, '243351999': 0, '243641585': 13, '243749571': 69, '30503246': 0, '30624898': 41, '32564122': 3, '89127267': 1, '89173763': 1, '89173808': 0, 'cluster_1427494838_273472399': 3, 'cluster_1757124350_1757124352': 0, 'cluster_1863241547_1863241548_1976170214': 24, 'cluster_306484187_cluster_1200363791_1200363826_1200363834_1200363898_1200363927_1200363938_1200363947_1200364074_1200364103_1507566554_1507566556_255882157_306484190': 0, 'gneJ143': 1, 'gneJ207': 5, 'gneJ208': 0, 'gneJ210': 1, 'gneJ255': 0, 'gneJ257': 59}, 
59950.0, {'1863241632': -0.41517857, '2330725114': 0.0, '243351999': 0.0, '243641585': -4.0, '243749571': -4.0, '30503246': -0.0625, '30624898': -4.0, '32564122': -0.23214285, '89127267': -0.07589286, '89173763': 0.0, '89173808': 0.0, 'cluster_1427494838_273472399': 0.0, 'cluster_1757124350_1757124352': 0.0, 'cluster_1863241547_1863241548_1976170214': -2.138393, 'cluster_306484187_cluster_1200363791_1200363826_1200363834_1200363898_1200363927_1200363938_1200363947_1200364074_1200364103_1507566554_1507566556_255882157_306484190': 0.0, 'gneJ143': 0.0, 'gneJ207': 0.0, 'gneJ208': 0.0, 'gneJ210': -0.102678575, 'gneJ255': -0.026785715, 'gneJ257': -4.0}, {'1863241632': 2, '2330725114': 0, '243351999': 0, '243641585': 5, '243749571': 25, '30503246': 2, '30624898': 16, '32564122': 2, '89127267': 1, '89173763': 0, '89173808': 0, 'cluster_1427494838_273472399': 0, 'cluster_1757124350_1757124352': 0, 'cluster_1863241547_1863241548_1976170214': 4, 'cluster_306484187_cluster_1200363791_1200363826_1200363834_1200363898_1200363927_1200363938_1200363947_1200364074_1200364103_1507566554_1507566556_255882157_306484190': 0, 'gneJ143': 0, 'gneJ207': 0, 'gneJ208': 0, 'gneJ210': 1, 'gneJ255': 1, 'gneJ257': 27}, {'1863241632': 3, '2330725114': 0, '243351999': 0, '243641585': 8, '243749571': 69, '30503246': 3, '30624898': 40, '32564122': 3, '89127267': 1, '89173763': 0, '89173808': 0, 'cluster_1427494838_273472399': 0, 'cluster_1757124350_1757124352': 0, 'cluster_1863241547_1863241548_1976170214': 15, 'cluster_306484187_cluster_1200363791_1200363826_1200363834_1200363898_1200363927_1200363938_1200363947_1200364074_1200364103_1507566554_1507566556_255882157_306484190': 0, 'gneJ143': 0, 'gneJ207': 0, 'gneJ208': 0, 'gneJ210': 2, 'gneJ255': 2, 'gneJ257': 57}, 
59960.0, {'1863241632': -0.22321428, '2330725114': -0.026785715, '243351999': 0.0, '243641585': -4.0, '243749571': -4.0, '30503246': 0.0, '30624898': -4.0, '32564122': -0.09821428, '89127267': -0.12053572, '89173763': -0.017857144, '89173808': -0.008928572, 'cluster_1427494838_273472399': 0.0, 'cluster_1757124350_1757124352': 0.0, 'cluster_1863241547_1863241548_1976170214': -1.8080357, 'cluster_306484187_cluster_1200363791_1200363826_1200363834_1200363898_1200363927_1200363938_1200363947_1200364074_1200364103_1507566554_1507566556_255882157_306484190': 0.0, 'gneJ143': 0.0, 'gneJ207': -0.13392857, 'gneJ208': 0.0, 'gneJ210': -0.19196428, 'gneJ255': 0.0, 'gneJ257': -4.0}, {'1863241632': 2, '2330725114': 2, '243351999': 0, '243641585': 6, '243749571': 25, '30503246': 0, '30624898': 16, '32564122': 1, '89127267': 1, '89173763': 1, '89173808': 1, 'cluster_1427494838_273472399': 0, 'cluster_1757124350_1757124352': 0, 'cluster_1863241547_1863241548_1976170214': 3, 'cluster_306484187_cluster_1200363791_1200363826_1200363834_1200363898_1200363927_1200363938_1200363947_1200364074_1200364103_1507566554_1507566556_255882157_306484190': 0, 'gneJ143': 0, 'gneJ207': 5, 'gneJ208': 0, 'gneJ210': 1, 'gneJ255': 0, 'gneJ257': 27}, {'1863241632': 3, '2330725114': 2, '243351999': 0, '243641585': 10, '243749571': 70, '30503246': 0, '30624898': 38, '32564122': 1, '89127267': 1, '89173763': 1, '89173808': 1, 'cluster_1427494838_273472399': 0, 'cluster_1757124350_1757124352': 0, 'cluster_1863241547_1863241548_1976170214': 18, 'cluster_306484187_cluster_1200363791_1200363826_1200363834_1200363898_1200363927_1200363938_1200363947_1200364074_1200364103_1507566554_1507566556_255882157_306484190': 0, 'gneJ143': 0, 'gneJ207': 8, 'gneJ208': 0, 'gneJ210': 2, 'gneJ255': 0, 'gneJ257': 54}, 
59970.0, {'1863241632': -0.04910714, '2330725114': 0.0, '243351999': 0.0, '243641585': -4.0, '243749571': -4.0, '30503246': -0.026785715, '30624898': -4.0, '32564122': -0.22321428, '89127267': 0.0, '89173763': -0.0625, '89173808': 0.0, 'cluster_1427494838_273472399': -0.026785715, 'cluster_1757124350_1757124352': 0.0, 'cluster_1863241547_1863241548_1976170214': -2.888393, 'cluster_306484187_cluster_1200363791_1200363826_1200363834_1200363898_1200363927_1200363938_1200363947_1200364074_1200364103_1507566554_1507566556_255882157_306484190': 0.0, 'gneJ143': 0.0, 'gneJ207': -0.33482143, 'gneJ208': 0.0, 'gneJ210': -0.28125, 'gneJ255': 0.0, 'gneJ257': -4.0}, {'1863241632': 1, '2330725114': 0, '243351999': 0, '243641585': 7, '243749571': 25, '30503246': 1, '30624898': 16, '32564122': 3, '89127267': 0, '89173763': 1, '89173808': 0, 'cluster_1427494838_273472399': 1, 'cluster_1757124350_1757124352': 0, 'cluster_1863241547_1863241548_1976170214': 6, 'cluster_306484187_cluster_1200363791_1200363826_1200363834_1200363898_1200363927_1200363938_1200363947_1200364074_1200364103_1507566554_1507566556_255882157_306484190': 0, 'gneJ143': 0, 'gneJ207': 6, 'gneJ208': 0, 'gneJ210': 1, 'gneJ255': 0, 'gneJ257': 27}, {'1863241632': 1, '2330725114': 0, '243351999': 0, '243641585': 11, '243749571': 69, '30503246': 1, '30624898': 37, '32564122': 3, '89127267': 0, '89173763': 1, '89173808': 0, 'cluster_1427494838_273472399': 1, 'cluster_1757124350_1757124352': 0, 'cluster_1863241547_1863241548_1976170214': 29, 'cluster_306484187_cluster_1200363791_1200363826_1200363834_1200363898_1200363927_1200363938_1200363947_1200364074_1200364103_1507566554_1507566556_255882157_306484190': 0, 'gneJ143': 0, 'gneJ207': 10, 'gneJ208': 0, 'gneJ210': 2, 'gneJ255': 0, 'gneJ257': 54}, 
59980.0, {'1863241632': -0.09375, '2330725114': 0.0, '243351999': 0.0, '243641585': -4.0, '243749571': -4.0, '30503246': -0.071428575, '30624898': -4.0, '32564122': -0.4017857, '89127267': 0.0, '89173763': -0.10714286, '89173808': -0.03125, 'cluster_1427494838_273472399': 0.0, 'cluster_1757124350_1757124352': -0.071428575, 'cluster_1863241547_1863241548_1976170214': -3.7276785, 'cluster_306484187_cluster_1200363791_1200363826_1200363834_1200363898_1200363927_1200363938_1200363947_1200364074_1200364103_1507566554_1507566556_255882157_306484190': 0.0, 'gneJ143': -0.013392857, 'gneJ207': -0.5, 'gneJ208': 0.0, 'gneJ210': -0.058035713, 'gneJ255': 0.0, 'gneJ257': -4.0}, {'1863241632': 1, '2330725114': 0, '243351999': 0, '243641585': 7, '243749571': 25, '30503246': 1, '30624898': 16, '32564122': 4, '89127267': 0, '89173763': 1, '89173808': 2, 'cluster_1427494838_273472399': 0, 'cluster_1757124350_1757124352': 2, 'cluster_1863241547_1863241548_1976170214': 6, 'cluster_306484187_cluster_1200363791_1200363826_1200363834_1200363898_1200363927_1200363938_1200363947_1200364074_1200364103_1507566554_1507566556_255882157_306484190': 0, 'gneJ143': 1, 'gneJ207': 4, 'gneJ208': 0, 'gneJ210': 1, 'gneJ255': 0, 'gneJ257': 27}, {'1863241632': 1, '2330725114': 0, '243351999': 0, '243641585': 9, '243749571': 69, '30503246': 1, '30624898': 35, '32564122': 4, '89127267': 0, '89173763': 1, '89173808': 2, 'cluster_1427494838_273472399': 0, 'cluster_1757124350_1757124352': 3, 'cluster_1863241547_1863241548_1976170214': 29, 'cluster_306484187_cluster_1200363791_1200363826_1200363834_1200363898_1200363927_1200363938_1200363947_1200364074_1200364103_1507566554_1507566556_255882157_306484190': 0, 'gneJ143': 1, 'gneJ207': 8, 'gneJ208': 0, 'gneJ210': 2, 'gneJ255': 0, 'gneJ257': 58}, 
59990.0, {'1863241632': -0.13839285, '2330725114': 0.0, '243351999': 0.0, '243641585': -4.0, '243749571': -4.0, '30503246': -0.026785715, '30624898': -4.0, '32564122': -0.625, '89127267': -0.04464286, '89173763': -0.06696428, '89173808': 0.0, 'cluster_1427494838_273472399': 0.0, 'cluster_1757124350_1757124352': 0.0, 'cluster_1863241547_1863241548_1976170214': -4.0, 'cluster_306484187_cluster_1200363791_1200363826_1200363834_1200363898_1200363927_1200363938_1200363947_1200364074_1200364103_1507566554_1507566556_255882157_306484190': 0.0, 'gneJ143': -0.058035713, 'gneJ207': -0.35267857, 'gneJ208': 0.0, 'gneJ210': -0.14732143, 'gneJ255': 0.0, 'gneJ257': -4.0}, {'1863241632': 1, '2330725114': 0, '243351999': 0, '243641585': 7, '243749571': 25, '30503246': 1, '30624898': 16, '32564122': 5, '89127267': 2, '89173763': 1, '89173808': 0, 'cluster_1427494838_273472399': 0, 'cluster_1757124350_1757124352': 0, 'cluster_1863241547_1863241548_1976170214': 6, 'cluster_306484187_cluster_1200363791_1200363826_1200363834_1200363898_1200363927_1200363938_1200363947_1200364074_1200364103_1507566554_1507566556_255882157_306484190': 0, 'gneJ143': 1, 'gneJ207': 3, 'gneJ208': 0, 'gneJ210': 1, 'gneJ255': 0, 'gneJ257': 27}, {'1863241632': 1, '2330725114': 0, '243351999': 0, '243641585': 9, '243749571': 69, '30503246': 2, '30624898': 33, '32564122': 5, '89127267': 3, '89173763': 2, '89173808': 0, 'cluster_1427494838_273472399': 0, 'cluster_1757124350_1757124352': 0, 'cluster_1863241547_1863241548_1976170214': 30, 'cluster_306484187_cluster_1200363791_1200363826_1200363834_1200363898_1200363927_1200363938_1200363947_1200364074_1200364103_1507566554_1507566556_255882157_306484190': 0, 'gneJ143': 1, 'gneJ207': 4, 'gneJ208': 0, 'gneJ210': 2, 'gneJ255': 0, 'gneJ257': 59}, 
60000.0, {'1863241632': 0.0, '2330725114': -0.008928572, '243351999': 0.0, '243641585': -4.0, '243749571': -4.0, '30503246': -0.017857144, '30624898': -4.0, '32564122': -0.5714286, '89127267': -0.22321428, '89173763': -0.1875, '89173808': -0.0625, 'cluster_1427494838_273472399': 0.0, 'cluster_1757124350_1757124352': 0.0, 'cluster_1863241547_1863241548_1976170214': -4.0, 'cluster_306484187_cluster_1200363791_1200363826_1200363834_1200363898_1200363927_1200363938_1200363947_1200364074_1200364103_1507566554_1507566556_255882157_306484190': 0.0, 'gneJ143': -0.013392857, 'gneJ207': -0.29910713, 'gneJ208': -0.04017857, 'gneJ210': -0.23660715, 'gneJ255': 0.0, 'gneJ257': -4.0}, {'1863241632': 0, '2330725114': 1, '243351999': 0, '243641585': 7, '243749571': 25, '30503246': 1, '30624898': 16, '32564122': 4, '89127267': 2, '89173763': 1, '89173808': 3, 'cluster_1427494838_273472399': 0, 'cluster_1757124350_1757124352': 0, 'cluster_1863241547_1863241548_1976170214': 6, 'cluster_306484187_cluster_1200363791_1200363826_1200363834_1200363898_1200363927_1200363938_1200363947_1200364074_1200364103_1507566554_1507566556_255882157_306484190': 0, 'gneJ143': 1, 'gneJ207': 4, 'gneJ208': 3, 'gneJ210': 1, 'gneJ255': 0, 'gneJ257': 27}, {'1863241632': 0, '2330725114': 1, '243351999': 0, '243641585': 7, '243749571': 68, '30503246': 1, '30624898': 34, '32564122': 4, '89127267': 4, '89173763': 3, '89173808': 3, 'cluster_1427494838_273472399': 0, 'cluster_1757124350_1757124352': 0, 'cluster_1863241547_1863241548_1976170214': 31, 'cluster_306484187_cluster_1200363791_1200363826_1200363834_1200363898_1200363927_1200363938_1200363947_1200364074_1200364103_1507566554_1507566556_255882157_306484190': 0, 'gneJ143': 2, 'gneJ207': 4, 'gneJ208': 3, 'gneJ210': 2, 'gneJ255': 0, 'gneJ257': 57}, 
60010.0, {'1863241632': 0.0, '2330725114': -0.16517857, '243351999': 0.0, '243641585': -4.0, '243749571': -4.0, '30503246': -0.0625, '30624898': -4.0, '32564122': -0.013392857, '89127267': 0.0, '89173763': -0.36160713, '89173808': 0.0, 'cluster_1427494838_273472399': 0.0, 'cluster_1757124350_1757124352': 0.0, 'cluster_1863241547_1863241548_1976170214': -4.0, 'cluster_306484187_cluster_1200363791_1200363826_1200363834_1200363898_1200363927_1200363938_1200363947_1200364074_1200364103_1507566554_1507566556_255882157_306484190': 0.0, 'gneJ143': -0.45982143, 'gneJ207': -0.08035714, 'gneJ208': -0.17410715, 'gneJ210': 0.0, 'gneJ255': -0.008928572, 'gneJ257': -4.0}, {'1863241632': 0, '2330725114': 4, '243351999': 0, '243641585': 7, '243749571': 23, '30503246': 1, '30624898': 16, '32564122': 1, '89127267': 0, '89173763': 2, '89173808': 0, 'cluster_1427494838_273472399': 0, 'cluster_1757124350_1757124352': 0, 'cluster_1863241547_1863241548_1976170214': 5, 'cluster_306484187_cluster_1200363791_1200363826_1200363834_1200363898_1200363927_1200363938_1200363947_1200364074_1200364103_1507566554_1507566556_255882157_306484190': 0, 'gneJ143': 4, 'gneJ207': 1, 'gneJ208': 3, 'gneJ210': 0, 'gneJ255': 1, 'gneJ257': 27}, {'1863241632': 0, '2330725114': 4, '243351999': 0, '243641585': 9, '243749571': 64, '30503246': 1, '30624898': 36, '32564122': 1, '89127267': 0, '89173763': 5, '89173808': 0, 'cluster_1427494838_273472399': 0, 'cluster_1757124350_1757124352': 0, 'cluster_1863241547_1863241548_1976170214': 22, 'cluster_306484187_cluster_1200363791_1200363826_1200363834_1200363898_1200363927_1200363938_1200363947_1200364074_1200364103_1507566554_1507566556_255882157_306484190': 0, 'gneJ143': 15, 'gneJ207': 2, 'gneJ208': 3, 'gneJ210': 0, 'gneJ255': 1, 'gneJ257': 54}, 
60020.0, {'1863241632': -0.04464286, '2330725114': -0.34375, '243351999': -0.008928572, '243641585': -4.0, '243749571': -4.0, '30503246': -0.02232143, '30624898': -4.0, '32564122': -0.058035713, '89127267': -0.05357143, '89173763': 0.0, '89173808': 0.0, 'cluster_1427494838_273472399': 0.0, 'cluster_1757124350_1757124352': 0.0, 'cluster_1863241547_1863241548_1976170214': -3.486607, 'cluster_306484187_cluster_1200363791_1200363826_1200363834_1200363898_1200363927_1200363938_1200363947_1200364074_1200364103_1507566554_1507566556_255882157_306484190': 0.0, 'gneJ143': -0.102678575, 'gneJ207': -0.026785715, 'gneJ208': -0.38392857, 'gneJ210': -0.017857144, 'gneJ255': -0.05357143, 'gneJ257': -4.0}, {'1863241632': 1, '2330725114': 4, '243351999': 1, '243641585': 7, '243749571': 23, '30503246': 1, '30624898': 16, '32564122': 3, '89127267': 1, '89173763': 0, '89173808': 0, 'cluster_1427494838_273472399': 0, 'cluster_1757124350_1757124352': 0, 'cluster_1863241547_1863241548_1976170214': 4, 'cluster_306484187_cluster_1200363791_1200363826_1200363834_1200363898_1200363927_1200363938_1200363947_1200364074_1200364103_1507566554_1507566556_255882157_306484190': 0, 'gneJ143': 2, 'gneJ207': 1, 'gneJ208': 5, 'gneJ210': 1, 'gneJ255': 1, 'gneJ257': 27}, {'1863241632': 3, '2330725114': 4, '243351999': 1, '243641585': 9, '243749571': 67, '30503246': 1, '30624898': 40, '32564122': 3, '89127267': 2, '89173763': 0, '89173808': 0, 'cluster_1427494838_273472399': 0, 'cluster_1757124350_1757124352': 0, 'cluster_1863241547_1863241548_1976170214': 17, 'cluster_306484187_cluster_1200363791_1200363826_1200363834_1200363898_1200363927_1200363938_1200363947_1200364074_1200364103_1507566554_1507566556_255882157_306484190': 0, 'gneJ143': 3, 'gneJ207': 1, 'gneJ208': 5, 'gneJ210': 1, 'gneJ255': 1, 'gneJ257': 57}, 
60030.0, {'1863241632': -0.12946428, '2330725114': -0.66964287, '243351999': 0.0, '243641585': -4.0, '243749571': -4.0, '30503246': 0.0, '30624898': -4.0, '32564122': -0.3482143, '89127267': -0.16964285, '89173763': -0.06696428, '89173808': 0.0, 'cluster_1427494838_273472399': -0.017857144, 'cluster_1757124350_1757124352': 0.0, 'cluster_1863241547_1863241548_1976170214': -4.0, 'cluster_306484187_cluster_1200363791_1200363826_1200363834_1200363898_1200363927_1200363938_1200363947_1200364074_1200364103_1507566554_1507566556_255882157_306484190': 0.0, 'gneJ143': -0.17410715, 'gneJ207': -0.071428575, 'gneJ208': -0.60714287, 'gneJ210': 0.0, 'gneJ255': -0.09821428, 'gneJ257': -4.0}, {'1863241632': 1, '2330725114': 10, '243351999': 0, '243641585': 7, '243749571': 23, '30503246': 0, '30624898': 16, '32564122': 8, '89127267': 2, '89173763': 1, '89173808': 0, 'cluster_1427494838_273472399': 1, 'cluster_1757124350_1757124352': 0, 'cluster_1863241547_1863241548_1976170214': 6, 'cluster_306484187_cluster_1200363791_1200363826_1200363834_1200363898_1200363927_1200363938_1200363947_1200364074_1200364103_1507566554_1507566556_255882157_306484190': 0, 'gneJ143': 2, 'gneJ207': 1, 'gneJ208': 5, 'gneJ210': 0, 'gneJ255': 1, 'gneJ257': 27}, {'1863241632': 2, '2330725114': 10, '243351999': 0, '243641585': 7, '243749571': 66, '30503246': 0, '30624898': 39, '32564122': 9, '89127267': 3, '89173763': 4, '89173808': 0, 'cluster_1427494838_273472399': 1, 'cluster_1757124350_1757124352': 0, 'cluster_1863241547_1863241548_1976170214': 26, 'cluster_306484187_cluster_1200363791_1200363826_1200363834_1200363898_1200363927_1200363938_1200363947_1200364074_1200364103_1507566554_1507566556_255882157_306484190': 0, 'gneJ143': 5, 'gneJ207': 1, 'gneJ208': 5, 'gneJ210': 0, 'gneJ255': 1, 'gneJ257': 58}, 
60040.0, {'1863241632': -0.116071425, '2330725114': -0.58035713, '243351999': 0.0, '243641585': -4.0, '243749571': -4.0, '30503246': 0.0, '30624898': -4.0, '32564122': -0.3705357, '89127267': 0.0, '89173763': -0.23660715, '89173808': 0.0, 'cluster_1427494838_273472399': 0.0, 'cluster_1757124350_1757124352': 0.0, 'cluster_1863241547_1863241548_1976170214': -4.0, 'cluster_306484187_cluster_1200363791_1200363826_1200363834_1200363898_1200363927_1200363938_1200363947_1200364074_1200364103_1507566554_1507566556_255882157_306484190': 0.0, 'gneJ143': 0.0, 'gneJ207': -0.116071425, 'gneJ208': -0.2544643, 'gneJ210': -0.017857144, 'gneJ255': 0.0, 'gneJ257': -4.0}, {'1863241632': 1, '2330725114': 7, '243351999': 0, '243641585': 6, '243749571': 23, '30503246': 0, '30624898': 16, '32564122': 5, '89127267': 0, '89173763': 2, '89173808': 0, 'cluster_1427494838_273472399': 0, 'cluster_1757124350_1757124352': 0, 'cluster_1863241547_1863241548_1976170214': 6, 'cluster_306484187_cluster_1200363791_1200363826_1200363834_1200363898_1200363927_1200363938_1200363947_1200364074_1200364103_1507566554_1507566556_255882157_306484190': 0, 'gneJ143': 0, 'gneJ207': 1, 'gneJ208': 2, 'gneJ210': 1, 'gneJ255': 0, 'gneJ257': 27}, {'1863241632': 1, '2330725114': 8, '243351999': 0, '243641585': 9, '243749571': 66, '30503246': 0, '30624898': 38, '32564122': 5, '89127267': 0, '89173763': 5, '89173808': 0, 'cluster_1427494838_273472399': 0, 'cluster_1757124350_1757124352': 0, 'cluster_1863241547_1863241548_1976170214': 26, 'cluster_306484187_cluster_1200363791_1200363826_1200363834_1200363898_1200363927_1200363938_1200363947_1200364074_1200364103_1507566554_1507566556_255882157_306484190': 0, 'gneJ143': 0, 'gneJ207': 1, 'gneJ208': 2, 'gneJ210': 1, 'gneJ255': 0, 'gneJ257': 54}, 
60050.0, {'1863241632': 0.0, '2330725114': -0.88839287, '243351999': 0.0, '243641585': -4.0, '243749571': -4.0, '30503246': 0.0, '30624898': -4.0, '32564122': -0.09375, '89127267': 0.0, '89173763': -0.026785715, '89173808': -0.02232143, 'cluster_1427494838_273472399': 0.0, 'cluster_1757124350_1757124352': -0.017857144, 'cluster_1863241547_1863241548_1976170214': -3.4910715, 'cluster_306484187_cluster_1200363791_1200363826_1200363834_1200363898_1200363927_1200363938_1200363947_1200364074_1200364103_1507566554_1507566556_255882157_306484190': -0.0625, 'gneJ143': 0.0, 'gneJ207': -0.04910714, 'gneJ208': 0.0, 'gneJ210': -0.0625, 'gneJ255': -0.035714287, 'gneJ257': -4.0}, {'1863241632': 0, '2330725114': 7, '243351999': 0, '243641585': 7, '243749571': 23, '30503246': 0, '30624898': 16, '32564122': 1, '89127267': 0, '89173763': 1, '89173808': 1, 'cluster_1427494838_273472399': 0, 'cluster_1757124350_1757124352': 2, 'cluster_1863241547_1863241548_1976170214': 4, 'cluster_306484187_cluster_1200363791_1200363826_1200363834_1200363898_1200363927_1200363938_1200363947_1200364074_1200364103_1507566554_1507566556_255882157_306484190': 2, 'gneJ143': 0, 'gneJ207': 2, 'gneJ208': 0, 'gneJ210': 1, 'gneJ255': 1, 'gneJ257': 27}, {'1863241632': 0, '2330725114': 7, '243351999': 0, '243641585': 13, '243749571': 67, '30503246': 0, '30624898': 36, '32564122': 1, '89127267': 0, '89173763': 1, '89173808': 1, 'cluster_1427494838_273472399': 0, 'cluster_1757124350_1757124352': 2, 'cluster_1863241547_1863241548_1976170214': 19, 'cluster_306484187_cluster_1200363791_1200363826_1200363834_1200363898_1200363927_1200363938_1200363947_1200364074_1200364103_1507566554_1507566556_255882157_306484190': 3, 'gneJ143': 0, 'gneJ207': 3, 'gneJ208': 0, 'gneJ210': 1, 'gneJ255': 1, 'gneJ257': 53}, 
60060.0, {'1863241632': -0.04910714, '2330725114': -0.6339286, '243351999': 0.0, '243641585': -4.0, '243749571': -4.0, '30503246': -0.0625, '30624898': -4.0, '32564122': -0.13839285, '89127267': -0.004464286, '89173763': -0.026785715, '89173808': 0.0, 'cluster_1427494838_273472399': 0.0, 'cluster_1757124350_1757124352': -0.19196428, 'cluster_1863241547_1863241548_1976170214': -1.90625, 'cluster_306484187_cluster_1200363791_1200363826_1200363834_1200363898_1200363927_1200363938_1200363947_1200364074_1200364103_1507566554_1507566556_255882157_306484190': 0.0, 'gneJ143': 0.0, 'gneJ207': -0.33482143, 'gneJ208': 0.0, 'gneJ210': 0.0, 'gneJ255': -0.08035714, 'gneJ257': -4.0}, {'1863241632': 1, '2330725114': 7, '243351999': 0, '243641585': 6, '243749571': 23, '30503246': 1, '30624898': 16, '32564122': 1, '89127267': 1, '89173763': 1, '89173808': 0, 'cluster_1427494838_273472399': 0, 'cluster_1757124350_1757124352': 2, 'cluster_1863241547_1863241548_1976170214': 3, 'cluster_306484187_cluster_1200363791_1200363826_1200363834_1200363898_1200363927_1200363938_1200363947_1200364074_1200364103_1507566554_1507566556_255882157_306484190': 0, 'gneJ143': 0, 'gneJ207': 2, 'gneJ208': 0, 'gneJ210': 0, 'gneJ255': 1, 'gneJ257': 27}, {'1863241632': 2, '2330725114': 7, '243351999': 0, '243641585': 13, '243749571': 67, '30503246': 2, '30624898': 35, '32564122': 1, '89127267': 1, '89173763': 1, '89173808': 0, 'cluster_1427494838_273472399': 0, 'cluster_1757124350_1757124352': 4, 'cluster_1863241547_1863241548_1976170214': 14, 'cluster_306484187_cluster_1200363791_1200363826_1200363834_1200363898_1200363927_1200363938_1200363947_1200364074_1200364103_1507566554_1507566556_255882157_306484190': 0, 'gneJ143': 0, 'gneJ207': 8, 'gneJ208': 0, 'gneJ210': 0, 'gneJ255': 1, 'gneJ257': 53}, 
60070.0, {'1863241632': -0.18303572, '2330725114': -0.16071428, '243351999': 0.0, '243641585': -4.0, '243749571': -4.0, '30503246': -0.15178572, '30624898': -4.0, '32564122': -0.008928572, '89127267': -0.05357143, '89173763': -0.13392857, '89173808': 0.0, 'cluster_1427494838_273472399': -0.026785715, 'cluster_1757124350_1757124352': 0.0, 'cluster_1863241547_1863241548_1976170214': -2.3169644, 'cluster_306484187_cluster_1200363791_1200363826_1200363834_1200363898_1200363927_1200363938_1200363947_1200364074_1200364103_1507566554_1507566556_255882157_306484190': 0.0, 'gneJ143': 0.0, 'gneJ207': -0.2767857, 'gneJ208': 0.0, 'gneJ210': 0.0, 'gneJ255': -0.125, 'gneJ257': -4.0}, {'1863241632': 1, '2330725114': 2, '243351999': 0, '243641585': 5, '243749571': 23, '30503246': 1, '30624898': 16, '32564122': 1, '89127267': 1, '89173763': 1, '89173808': 0, 'cluster_1427494838_273472399': 1, 'cluster_1757124350_1757124352': 0, 'cluster_1863241547_1863241548_1976170214': 6, 'cluster_306484187_cluster_1200363791_1200363826_1200363834_1200363898_1200363927_1200363938_1200363947_1200364074_1200364103_1507566554_1507566556_255882157_306484190': 0, 'gneJ143': 0, 'gneJ207': 2, 'gneJ208': 0, 'gneJ210': 0, 'gneJ255': 1, 'gneJ257': 27}, {'1863241632': 3, '2330725114': 4, '243351999': 0, '243641585': 14, '243749571': 67, '30503246': 2, '30624898': 34, '32564122': 1, '89127267': 2, '89173763': 4, '89173808': 0, 'cluster_1427494838_273472399': 1, 'cluster_1757124350_1757124352': 0, 'cluster_1863241547_1863241548_1976170214': 15, 'cluster_306484187_cluster_1200363791_1200363826_1200363834_1200363898_1200363927_1200363938_1200363947_1200364074_1200364103_1507566554_1507566556_255882157_306484190': 0, 'gneJ143': 0, 'gneJ207': 4, 'gneJ208': 0, 'gneJ210': 0, 'gneJ255': 1, 'gneJ257': 54}, 
60080.0, {'1863241632': -0.02232143, '2330725114': 0.0, '243351999': 0.0, '243641585': -4.0, '243749571': -4.0, '30503246': -0.24107143, '30624898': -4.0, '32564122': 0.0, '89127267': -0.20982143, '89173763': 0.0, '89173808': 0.0, 'cluster_1427494838_273472399': -0.071428575, 'cluster_1757124350_1757124352': -0.004464286, 'cluster_1863241547_1863241548_1976170214': -3.0, 'cluster_306484187_cluster_1200363791_1200363826_1200363834_1200363898_1200363927_1200363938_1200363947_1200364074_1200364103_1507566554_1507566556_255882157_306484190': -0.058035713, 'gneJ143': -0.004464286, 'gneJ207': -0.5, 'gneJ208': 0.0, 'gneJ210': -0.03125, 'gneJ255': 0.0, 'gneJ257': -4.0}, {'1863241632': 1, '2330725114': 0, '243351999': 0, '243641585': 8, '243749571': 23, '30503246': 1, '30624898': 16, '32564122': 0, '89127267': 2, '89173763': 0, '89173808': 0, 'cluster_1427494838_273472399': 1, 'cluster_1757124350_1757124352': 1, 'cluster_1863241547_1863241548_1976170214': 6, 'cluster_306484187_cluster_1200363791_1200363826_1200363834_1200363898_1200363927_1200363938_1200363947_1200364074_1200364103_1507566554_1507566556_255882157_306484190': 2, 'gneJ143': 1, 'gneJ207': 3, 'gneJ208': 0, 'gneJ210': 1, 'gneJ255': 0, 'gneJ257': 27}, {'1863241632': 1, '2330725114': 0, '243351999': 0, '243641585': 15, '243749571': 66, '30503246': 2, '30624898': 33, '32564122': 0, '89127267': 5, '89173763': 0, '89173808': 0, 'cluster_1427494838_273472399': 1, 'cluster_1757124350_1757124352': 1, 'cluster_1863241547_1863241548_1976170214': 16, 'cluster_306484187_cluster_1200363791_1200363826_1200363834_1200363898_1200363927_1200363938_1200363947_1200364074_1200364103_1507566554_1507566556_255882157_306484190': 3, 'gneJ143': 1, 'gneJ207': 7, 'gneJ208': 0, 'gneJ210': 1, 'gneJ255': 0, 'gneJ257': 53}, 
60090.0, {'1863241632': -0.1875, '2330725114': 0.0, '243351999': 0.0, '243641585': -4.0, '243749571': -4.0, '30503246': -0.017857144, '30624898': -4.0, '32564122': 0.0, '89127267': 0.0, '89173763': 0.0, '89173808': 0.0, 'cluster_1427494838_273472399': 0.0, 'cluster_1757124350_1757124352': 0.0, 'cluster_1863241547_1863241548_1976170214': -3.736607, 'cluster_306484187_cluster_1200363791_1200363826_1200363834_1200363898_1200363927_1200363938_1200363947_1200364074_1200364103_1507566554_1507566556_255882157_306484190': 0.0, 'gneJ143': -0.16071428, 'gneJ207': -0.6964286, 'gneJ208': 0.0, 'gneJ210': -0.03125, 'gneJ255': 0.0, 'gneJ257': -4.0}, {'1863241632': 5, '2330725114': 0, '243351999': 0, '243641585': 8, '243749571': 23, '30503246': 1, '30624898': 16, '32564122': 0, '89127267': 0, '89173763': 0, '89173808': 0, 'cluster_1427494838_273472399': 0, 'cluster_1757124350_1757124352': 0, 'cluster_1863241547_1863241548_1976170214': 6, 'cluster_306484187_cluster_1200363791_1200363826_1200363834_1200363898_1200363927_1200363938_1200363947_1200364074_1200364103_1507566554_1507566556_255882157_306484190': 0, 'gneJ143': 2, 'gneJ207': 3, 'gneJ208': 0, 'gneJ210': 1, 'gneJ255': 0, 'gneJ257': 27}, {'1863241632': 8, '2330725114': 0, '243351999': 0, '243641585': 16, '243749571': 66, '30503246': 1, '30624898': 34, '32564122': 0, '89127267': 0, '89173763': 0, '89173808': 0, 'cluster_1427494838_273472399': 0, 'cluster_1757124350_1757124352': 0, 'cluster_1863241547_1863241548_1976170214': 17, 'cluster_306484187_cluster_1200363791_1200363826_1200363834_1200363898_1200363927_1200363938_1200363947_1200364074_1200364103_1507566554_1507566556_255882157_306484190': 0, 'gneJ143': 5, 'gneJ207': 5, 'gneJ208': 0, 'gneJ210': 1, 'gneJ255': 0, 'gneJ257': 53}, 
60100.0, {'1863241632': -0.41517857, '2330725114': 0.0, '243351999': 0.0, '243641585': -4.0, '243749571': -4.0, '30503246': -0.02232143, '30624898': -4.0, '32564122': 0.0, '89127267': -0.058035713, '89173763': -0.03125, '89173808': -0.013392857, 'cluster_1427494838_273472399': 0.0, 'cluster_1757124350_1757124352': 0.0, 'cluster_1863241547_1863241548_1976170214': -1.5223215, 'cluster_306484187_cluster_1200363791_1200363826_1200363834_1200363898_1200363927_1200363938_1200363947_1200364074_1200364103_1507566554_1507566556_255882157_306484190': 0.0, 'gneJ143': 0.0, 'gneJ207': -0.013392857, 'gneJ208': 0.0, 'gneJ210': -0.07589286, 'gneJ255': -0.035714287, 'gneJ257': -4.0}, {'1863241632': 5, '2330725114': 0, '243351999': 0, '243641585': 8, '243749571': 23, '30503246': 1, '30624898': 16, '32564122': 0, '89127267': 2, '89173763': 1, '89173808': 1, 'cluster_1427494838_273472399': 0, 'cluster_1757124350_1757124352': 0, 'cluster_1863241547_1863241548_1976170214': 4, 'cluster_306484187_cluster_1200363791_1200363826_1200363834_1200363898_1200363927_1200363938_1200363947_1200364074_1200364103_1507566554_1507566556_255882157_306484190': 0, 'gneJ143': 0, 'gneJ207': 1, 'gneJ208': 0, 'gneJ210': 1, 'gneJ255': 1, 'gneJ257': 27}, {'1863241632': 7, '2330725114': 0, '243351999': 0, '243641585': 13, '243749571': 67, '30503246': 2, '30624898': 36, '32564122': 0, '89127267': 3, '89173763': 2, '89173808': 1, 'cluster_1427494838_273472399': 0, 'cluster_1757124350_1757124352': 0, 'cluster_1863241547_1863241548_1976170214': 9, 'cluster_306484187_cluster_1200363791_1200363826_1200363834_1200363898_1200363927_1200363938_1200363947_1200364074_1200364103_1507566554_1507566556_255882157_306484190': 0, 'gneJ143': 0, 'gneJ207': 1, 'gneJ208': 0, 'gneJ210': 1, 'gneJ255': 1, 'gneJ257': 54}, 
60110.0, {'1863241632': -0.71428573, '2330725114': -0.004464286, '243351999': 0.0, '243641585': -4.0, '243749571': -4.0, '30503246': -0.11160714, '30624898': -4.0, '32564122': -0.017857144, '89127267': 0.0, '89173763': -0.125, '89173808': -0.102678575, 'cluster_1427494838_273472399': -0.02232143, 'cluster_1757124350_1757124352': 0.0, 'cluster_1863241547_1863241548_1976170214': -0.625, 'cluster_306484187_cluster_1200363791_1200363826_1200363834_1200363898_1200363927_1200363938_1200363947_1200364074_1200364103_1507566554_1507566556_255882157_306484190': 0.0, 'gneJ143': 0.0, 'gneJ207': 0.0, 'gneJ208': 0.0, 'gneJ210': -0.008928572, 'gneJ255': -0.08035714, 'gneJ257': -4.0}, {'1863241632': 6, '2330725114': 1, '243351999': 0, '243641585': 8, '243749571': 23, '30503246': 1, '30624898': 16, '32564122': 1, '89127267': 0, '89173763': 1, '89173808': 1, 'cluster_1427494838_273472399': 1, 'cluster_1757124350_1757124352': 0, 'cluster_1863241547_1863241548_1976170214': 1, 'cluster_306484187_cluster_1200363791_1200363826_1200363834_1200363898_1200363927_1200363938_1200363947_1200364074_1200364103_1507566554_1507566556_255882157_306484190': 0, 'gneJ143': 0, 'gneJ207': 0, 'gneJ208': 0, 'gneJ210': 1, 'gneJ255': 1, 'gneJ257': 27}, {'1863241632': 10, '2330725114': 1, '243351999': 0, '243641585': 12, '243749571': 67, '30503246': 2, '30624898': 41, '32564122': 1, '89127267': 0, '89173763': 3, '89173808': 2, 'cluster_1427494838_273472399': 1, 'cluster_1757124350_1757124352': 0, 'cluster_1863241547_1863241548_1976170214': 5, 'cluster_306484187_cluster_1200363791_1200363826_1200363834_1200363898_1200363927_1200363938_1200363947_1200364074_1200364103_1507566554_1507566556_255882157_306484190': 0, 'gneJ143': 0, 'gneJ207': 0, 'gneJ208': 0, 'gneJ210': 2, 'gneJ255': 1, 'gneJ257': 59}, 
60120.0, {'1863241632': -1.0044643, '2330725114': -0.013392857, '243351999': 0.0, '243641585': -2.4732144, '243749571': -4.0, '30503246': 0.0, '30624898': -4.0, '32564122': 0.0, '89127267': 0.0, '89173763': -0.25892857, '89173808': -0.19196428, 'cluster_1427494838_273472399': 0.0, 'cluster_1757124350_1757124352': 0.0, 'cluster_1863241547_1863241548_1976170214': -0.35267857, 'cluster_306484187_cluster_1200363791_1200363826_1200363834_1200363898_1200363927_1200363938_1200363947_1200364074_1200364103_1507566554_1507566556_255882157_306484190': 0.0, 'gneJ143': 0.0, 'gneJ207': -0.02232143, 'gneJ208': 0.0, 'gneJ210': -0.04910714, 'gneJ255': 0.0, 'gneJ257': -4.0}, {'1863241632': 6, '2330725114': 2, '243351999': 0, '243641585': 6, '243749571': 23, '30503246': 0, '30624898': 16, '32564122': 0, '89127267': 0, '89173763': 1, '89173808': 1, 'cluster_1427494838_273472399': 0, 'cluster_1757124350_1757124352': 0, 'cluster_1863241547_1863241548_1976170214': 1, 'cluster_306484187_cluster_1200363791_1200363826_1200363834_1200363898_1200363927_1200363938_1200363947_1200364074_1200364103_1507566554_1507566556_255882157_306484190': 0, 'gneJ143': 0, 'gneJ207': 1, 'gneJ208': 0, 'gneJ210': 1, 'gneJ255': 0, 'gneJ257': 27}, {'1863241632': 10, '2330725114': 2, '243351999': 0, '243641585': 9, '243749571': 66, '30503246': 0, '30624898': 40, '32564122': 0, '89127267': 0, '89173763': 3, '89173808': 2, 'cluster_1427494838_273472399': 0, 'cluster_1757124350_1757124352': 0, 'cluster_1863241547_1863241548_1976170214': 3, 'cluster_306484187_cluster_1200363791_1200363826_1200363834_1200363898_1200363927_1200363938_1200363947_1200364074_1200364103_1507566554_1507566556_255882157_306484190': 0, 'gneJ143': 0, 'gneJ207': 1, 'gneJ208': 0, 'gneJ210': 1, 'gneJ255': 0, 'gneJ257': 58}, 
60130.0, {'1863241632': -1.4642857, '2330725114': 0.0, '243351999': 0.0, '243641585': -2.8482144, '243749571': -4.0, '30503246': 0.0, '30624898': -4.0, '32564122': 0.0, '89127267': -0.017857144, '89173763': -0.09375, '89173808': 0.0, 'cluster_1427494838_273472399': 0.0, 'cluster_1757124350_1757124352': -0.06696428, 'cluster_1863241547_1863241548_1976170214': -0.20089285, 'cluster_306484187_cluster_1200363791_1200363826_1200363834_1200363898_1200363927_1200363938_1200363947_1200364074_1200364103_1507566554_1507566556_255882157_306484190': 0.0, 'gneJ143': 0.0, 'gneJ207': -0.06696428, 'gneJ208': 0.0, 'gneJ210': 0.0, 'gneJ255': -0.004464286, 'gneJ257': -4.0}, {'1863241632': 7, '2330725114': 0, '243351999': 0, '243641585': 6, '243749571': 23, '30503246': 0, '30624898': 16, '32564122': 0, '89127267': 1, '89173763': 1, '89173808': 0, 'cluster_1427494838_273472399': 0, 'cluster_1757124350_1757124352': 2, 'cluster_1863241547_1863241548_1976170214': 1, 'cluster_306484187_cluster_1200363791_1200363826_1200363834_1200363898_1200363927_1200363938_1200363947_1200364074_1200364103_1507566554_1507566556_255882157_306484190': 0, 'gneJ143': 0, 'gneJ207': 1, 'gneJ208': 0, 'gneJ210': 0, 'gneJ255': 1, 'gneJ257': 27}, {'1863241632': 12, '2330725114': 0, '243351999': 0, '243641585': 10, '243749571': 67, '30503246': 0, '30624898': 39, '32564122': 0, '89127267': 1, '89173763': 1, '89173808': 0, 'cluster_1427494838_273472399': 0, 'cluster_1757124350_1757124352': 3, 'cluster_1863241547_1863241548_1976170214': 1, 'cluster_306484187_cluster_1200363791_1200363826_1200363834_1200363898_1200363927_1200363938_1200363947_1200364074_1200364103_1507566554_1507566556_255882157_306484190': 0, 'gneJ143': 0, 'gneJ207': 1, 'gneJ208': 0, 'gneJ210': 0, 'gneJ255': 1, 'gneJ257': 54}, 
60140.0, {'1863241632': -2.0848215, '2330725114': 0.0, '243351999': 0.0, '243641585': -3.21875, '243749571': -4.0, '30503246': 0.0, '30624898': -4.0, '32564122': 0.0, '89127267': -0.04017857, '89173763': -0.19642857, '89173808': 0.0, 'cluster_1427494838_273472399': -0.0625, 'cluster_1757124350_1757124352': 0.0, 'cluster_1863241547_1863241548_1976170214': -0.36160713, 'cluster_306484187_cluster_1200363791_1200363826_1200363834_1200363898_1200363927_1200363938_1200363947_1200364074_1200364103_1507566554_1507566556_255882157_306484190': 0.0, 'gneJ143': -0.013392857, 'gneJ207': 0.0, 'gneJ208': 0.0, 'gneJ210': -0.008928572, 'gneJ255': -0.04910714, 'gneJ257': -4.0}, {'1863241632': 9, '2330725114': 0, '243351999': 0, '243641585': 8, '243749571': 23, '30503246': 0, '30624898': 16, '32564122': 0, '89127267': 2, '89173763': 1, '89173808': 0, 'cluster_1427494838_273472399': 1, 'cluster_1757124350_1757124352': 0, 'cluster_1863241547_1863241548_1976170214': 2, 'cluster_306484187_cluster_1200363791_1200363826_1200363834_1200363898_1200363927_1200363938_1200363947_1200364074_1200364103_1507566554_1507566556_255882157_306484190': 0, 'gneJ143': 1, 'gneJ207': 0, 'gneJ208': 0, 'gneJ210': 1, 'gneJ255': 1, 'gneJ257': 27}, {'1863241632': 14, '2330725114': 0, '243351999': 0, '243641585': 10, '243749571': 66, '30503246': 0, '30624898': 38, '32564122': 0, '89127267': 2, '89173763': 4, '89173808': 0, 'cluster_1427494838_273472399': 3, 'cluster_1757124350_1757124352': 0, 'cluster_1863241547_1863241548_1976170214': 4, 'cluster_306484187_cluster_1200363791_1200363826_1200363834_1200363898_1200363927_1200363938_1200363947_1200364074_1200364103_1507566554_1507566556_255882157_306484190': 0, 'gneJ143': 2, 'gneJ207': 0, 'gneJ208': 0, 'gneJ210': 1, 'gneJ255': 1, 'gneJ257': 53}, 
60150.0, {'1863241632': -2.7232144, '2330725114': 0.0, '243351999': 0.0, '243641585': -2.044643, '243749571': -4.0, '30503246': 0.0, '30624898': -4.0, '32564122': 0.0, '89127267': -0.12946428, '89173763': -0.42410713, '89173808': -0.013392857, 'cluster_1427494838_273472399': -0.26785713, 'cluster_1757124350_1757124352': 0.0, 'cluster_1863241547_1863241548_1976170214': -0.5401786, 'cluster_306484187_cluster_1200363791_1200363826_1200363834_1200363898_1200363927_1200363938_1200363947_1200364074_1200364103_1507566554_1507566556_255882157_306484190': 0.0, 'gneJ143': 0.0, 'gneJ207': -0.02232143, 'gneJ208': 0.0, 'gneJ210': -0.05357143, 'gneJ255': 0.0, 'gneJ257': -4.0}, {'1863241632': 9, '2330725114': 0, '243351999': 0, '243641585': 6, '243749571': 23, '30503246': 0, '30624898': 16, '32564122': 0, '89127267': 2, '89173763': 3, '89173808': 1, 'cluster_1427494838_273472399': 1, 'cluster_1757124350_1757124352': 0, 'cluster_1863241547_1863241548_1976170214': 2, 'cluster_306484187_cluster_1200363791_1200363826_1200363834_1200363898_1200363927_1200363938_1200363947_1200364074_1200364103_1507566554_1507566556_255882157_306484190': 0, 'gneJ143': 0, 'gneJ207': 2, 'gneJ208': 0, 'gneJ210': 1, 'gneJ255': 0, 'gneJ257': 27}, {'1863241632': 15, '2330725114': 0, '243351999': 0, '243641585': 10, '243749571': 66, '30503246': 0, '30624898': 37, '32564122': 0, '89127267': 2, '89173763': 6, '89173808': 1, 'cluster_1427494838_273472399': 5, 'cluster_1757124350_1757124352': 0, 'cluster_1863241547_1863241548_1976170214': 4, 'cluster_306484187_cluster_1200363791_1200363826_1200363834_1200363898_1200363927_1200363938_1200363947_1200364074_1200364103_1507566554_1507566556_255882157_306484190': 0, 'gneJ143': 0, 'gneJ207': 2, 'gneJ208': 0, 'gneJ210': 1, 'gneJ255': 0, 'gneJ257': 53}, 
60160.0, {'1863241632': -2.9107144, '2330725114': -0.071428575, '243351999': 0.0, '243641585': -2.5714285, '243749571': -4.0, '30503246': -0.035714287, '30624898': -4.0, '32564122': -0.12053572, '89127267': -0.22767857, '89173763': -0.8125, '89173808': -0.058035713, 'cluster_1427494838_273472399': 0.0, 'cluster_1757124350_1757124352': -0.013392857, 'cluster_1863241547_1863241548_1976170214': -0.58928573, 'cluster_306484187_cluster_1200363791_1200363826_1200363834_1200363898_1200363927_1200363938_1200363947_1200364074_1200364103_1507566554_1507566556_255882157_306484190': 0.0, 'gneJ143': -0.004464286, 'gneJ207': -0.013392857, 'gneJ208': 0.0, 'gneJ210': -0.09821428, 'gneJ255': -0.02232143, 'gneJ257': -4.0}, {'1863241632': 10, '2330725114': 3, '243351999': 0, '243641585': 6, '243749571': 23, '30503246': 1, '30624898': 16, '32564122': 2, '89127267': 2, '89173763': 5, '89173808': 1, 'cluster_1427494838_273472399': 0, 'cluster_1757124350_1757124352': 1, 'cluster_1863241547_1863241548_1976170214': 2, 'cluster_306484187_cluster_1200363791_1200363826_1200363834_1200363898_1200363927_1200363938_1200363947_1200364074_1200364103_1507566554_1507566556_255882157_306484190': 0, 'gneJ143': 1, 'gneJ207': 1, 'gneJ208': 0, 'gneJ210': 1, 'gneJ255': 1, 'gneJ257': 27}, {'1863241632': 14, '2330725114': 3, '243351999': 0, '243641585': 12, '243749571': 66, '30503246': 1, '30624898': 36, '32564122': 4, '89127267': 3, '89173763': 10, '89173808': 1, 'cluster_1427494838_273472399': 0, 'cluster_1757124350_1757124352': 2, 'cluster_1863241547_1863241548_1976170214': 3, 'cluster_306484187_cluster_1200363791_1200363826_1200363834_1200363898_1200363927_1200363938_1200363947_1200364074_1200364103_1507566554_1507566556_255882157_306484190': 0, 'gneJ143': 1, 'gneJ207': 1, 'gneJ208': 0, 'gneJ210': 1, 'gneJ255': 1, 'gneJ257': 53}, 
60170.0, {'1863241632': -3.6205356, '2330725114': -0.04910714, '243351999': 0.0, '243641585': -1.7767857, '243749571': -4.0, '30503246': 0.0, '30624898': -4.0, '32564122': -0.058035713, '89127267': -0.11160714, '89173763': -0.53571427, '89173808': -0.102678575, 'cluster_1427494838_273472399': 0.0, 'cluster_1757124350_1757124352': -0.102678575, 'cluster_1863241547_1863241548_1976170214': -0.23660715, 'cluster_306484187_cluster_1200363791_1200363826_1200363834_1200363898_1200363927_1200363938_1200363947_1200364074_1200364103_1507566554_1507566556_255882157_306484190': 0.0, 'gneJ143': -0.05357143, 'gneJ207': -0.02232143, 'gneJ208': 0.0, 'gneJ210': 0.0, 'gneJ255': -0.11160714, 'gneJ257': -4.0}, {'1863241632': 11, '2330725114': 1, '243351999': 0, '243641585': 4, '243749571': 23, '30503246': 0, '30624898': 16, '32564122': 1, '89127267': 2, '89173763': 3, '89173808': 1, 'cluster_1427494838_273472399': 0, 'cluster_1757124350_1757124352': 1, 'cluster_1863241547_1863241548_1976170214': 2, 'cluster_306484187_cluster_1200363791_1200363826_1200363834_1200363898_1200363927_1200363938_1200363947_1200364074_1200364103_1507566554_1507566556_255882157_306484190': 0, 'gneJ143': 1, 'gneJ207': 1, 'gneJ208': 0, 'gneJ210': 0, 'gneJ255': 2, 'gneJ257': 27}, {'1863241632': 18, '2330725114': 1, '243351999': 0, '243641585': 11, '243749571': 67, '30503246': 0, '30624898': 34, '32564122': 1, '89127267': 3, '89173763': 4, '89173808': 1, 'cluster_1427494838_273472399': 0, 'cluster_1757124350_1757124352': 2, 'cluster_1863241547_1863241548_1976170214': 4, 'cluster_306484187_cluster_1200363791_1200363826_1200363834_1200363898_1200363927_1200363938_1200363947_1200364074_1200364103_1507566554_1507566556_255882157_306484190': 0, 'gneJ143': 2, 'gneJ207': 1, 'gneJ208': 0, 'gneJ210': 0, 'gneJ255': 2, 'gneJ257': 53}, 
60180.0, {'1863241632': -4.0, '2330725114': 0.0, '243351999': -0.013392857, '243641585': -2.299107, '243749571': -4.0, '30503246': -0.013392857, '30624898': -4.0, '32564122': -0.026785715, '89127267': 0.0, '89173763': -0.3169643, '89173808': -0.14732143, 'cluster_1427494838_273472399': -0.017857144, 'cluster_1757124350_1757124352': 0.0, 'cluster_1863241547_1863241548_1976170214': -0.27232143, 'cluster_306484187_cluster_1200363791_1200363826_1200363834_1200363898_1200363927_1200363938_1200363947_1200364074_1200364103_1507566554_1507566556_255882157_306484190': 0.0, 'gneJ143': -0.14285715, 'gneJ207': -0.11160714, 'gneJ208': 0.0, 'gneJ210': -0.026785715, 'gneJ255': 0.0, 'gneJ257': -4.0}, {'1863241632': 12, '2330725114': 0, '243351999': 2, '243641585': 5, '243749571': 23, '30503246': 1, '30624898': 16, '32564122': 1, '89127267': 0, '89173763': 1, '89173808': 1, 'cluster_1427494838_273472399': 1, 'cluster_1757124350_1757124352': 0, 'cluster_1863241547_1863241548_1976170214': 3, 'cluster_306484187_cluster_1200363791_1200363826_1200363834_1200363898_1200363927_1200363938_1200363947_1200364074_1200364103_1507566554_1507566556_255882157_306484190': 0, 'gneJ143': 1, 'gneJ207': 2, 'gneJ208': 0, 'gneJ210': 1, 'gneJ255': 0, 'gneJ257': 27}, {'1863241632': 18, '2330725114': 0, '243351999': 2, '243641585': 13, '243749571': 67, '30503246': 1, '30624898': 33, '32564122': 1, '89127267': 0, '89173763': 1, '89173808': 1, 'cluster_1427494838_273472399': 1, 'cluster_1757124350_1757124352': 0, 'cluster_1863241547_1863241548_1976170214': 6, 'cluster_306484187_cluster_1200363791_1200363826_1200363834_1200363898_1200363927_1200363938_1200363947_1200364074_1200364103_1507566554_1507566556_255882157_306484190': 0, 'gneJ143': 2, 'gneJ207': 2, 'gneJ208': 0, 'gneJ210': 1, 'gneJ255': 0, 'gneJ257': 53}, 
60190.0, {'1863241632': -4.0, '2330725114': 0.0, '243351999': -0.102678575, '243641585': -2.1473215, '243749571': -4.0, '30503246': 0.0, '30624898': -4.0, '32564122': -0.013392857, '89127267': 0.0, '89173763': -0.36160713, '89173808': 0.0, 'cluster_1427494838_273472399': 0.0, 'cluster_1757124350_1757124352': 0.0, 'cluster_1863241547_1863241548_1976170214': -0.61160713, 'cluster_306484187_cluster_1200363791_1200363826_1200363834_1200363898_1200363927_1200363938_1200363947_1200364074_1200364103_1507566554_1507566556_255882157_306484190': 0.0, 'gneJ143': 0.0, 'gneJ207': -0.013392857, 'gneJ208': 0.0, 'gneJ210': 0.0, 'gneJ255': -0.03125, 'gneJ257': -4.0}, {'1863241632': 12, '2330725114': 0, '243351999': 2, '243641585': 8, '243749571': 23, '30503246': 0, '30624898': 16, '32564122': 1, '89127267': 0, '89173763': 1, '89173808': 0, 'cluster_1427494838_273472399': 0, 'cluster_1757124350_1757124352': 0, 'cluster_1863241547_1863241548_1976170214': 3, 'cluster_306484187_cluster_1200363791_1200363826_1200363834_1200363898_1200363927_1200363938_1200363947_1200364074_1200364103_1507566554_1507566556_255882157_306484190': 0, 'gneJ143': 0, 'gneJ207': 1, 'gneJ208': 0, 'gneJ210': 0, 'gneJ255': 1, 'gneJ257': 27}, {'1863241632': 20, '2330725114': 0, '243351999': 2, '243641585': 16, '243749571': 66, '30503246': 0, '30624898': 36, '32564122': 1, '89127267': 0, '89173763': 1, '89173808': 0, 'cluster_1427494838_273472399': 0, 'cluster_1757124350_1757124352': 0, 'cluster_1863241547_1863241548_1976170214': 9, 'cluster_306484187_cluster_1200363791_1200363826_1200363834_1200363898_1200363927_1200363938_1200363947_1200364074_1200364103_1507566554_1507566556_255882157_306484190': 0, 'gneJ143': 0, 'gneJ207': 1, 'gneJ208': 0, 'gneJ210': 0, 'gneJ255': 1, 'gneJ257': 53}, 
60200.0, {'1863241632': -4.0, '2330725114': -0.008928572, '243351999': 0.0, '243641585': -1.8392857, '243749571': -4.0, '30503246': 0.0, '30624898': -4.0, '32564122': -0.125, '89127267': 0.0, '89173763': -0.40625, '89173808': -0.06696428, 'cluster_1427494838_273472399': -0.008928572, 'cluster_1757124350_1757124352': -0.004464286, 'cluster_1863241547_1863241548_1976170214': -0.9151786, 'cluster_306484187_cluster_1200363791_1200363826_1200363834_1200363898_1200363927_1200363938_1200363947_1200364074_1200364103_1507566554_1507566556_255882157_306484190': 0.0, 'gneJ143': 0.0, 'gneJ207': -0.116071425, 'gneJ208': 0.0, 'gneJ210': 0.0, 'gneJ255': -0.04017857, 'gneJ257': -4.0}, {'1863241632': 12, '2330725114': 1, '243351999': 0, '243641585': 6, '243749571': 23, '30503246': 0, '30624898': 16, '32564122': 1, '89127267': 0, '89173763': 1, '89173808': 2, 'cluster_1427494838_273472399': 1, 'cluster_1757124350_1757124352': 1, 'cluster_1863241547_1863241548_1976170214': 3, 'cluster_306484187_cluster_1200363791_1200363826_1200363834_1200363898_1200363927_1200363938_1200363947_1200364074_1200364103_1507566554_1507566556_255882157_306484190': 0, 'gneJ143': 0, 'gneJ207': 2, 'gneJ208': 0, 'gneJ210': 0, 'gneJ255': 1, 'gneJ257': 27}, {'1863241632': 18, '2330725114': 1, '243351999': 0, '243641585': 12, '243749571': 68, '30503246': 0, '30624898': 35, '32564122': 3, '89127267': 0, '89173763': 1, '89173808': 4, 'cluster_1427494838_273472399': 1, 'cluster_1757124350_1757124352': 1, 'cluster_1863241547_1863241548_1976170214': 8, 'cluster_306484187_cluster_1200363791_1200363826_1200363834_1200363898_1200363927_1200363938_1200363947_1200364074_1200364103_1507566554_1507566556_255882157_306484190': 0, 'gneJ143': 0, 'gneJ207': 3, 'gneJ208': 0, 'gneJ210': 0, 'gneJ255': 1, 'gneJ257': 53}, 
60210.0, {'1863241632': -4.0, '2330725114': 0.0, '243351999': 0.0, '243641585': -1.1919643, '243749571': -4.0, '30503246': -0.02232143, '30624898': -4.0, '32564122': -0.3080357, '89127267': -0.12053572, '89173763': 0.0, '89173808': 0.0, 'cluster_1427494838_273472399': 0.0, 'cluster_1757124350_1757124352': -0.02232143, 'cluster_1863241547_1863241548_1976170214': -0.6026786, 'cluster_306484187_cluster_1200363791_1200363826_1200363834_1200363898_1200363927_1200363938_1200363947_1200364074_1200364103_1507566554_1507566556_255882157_306484190': 0.0, 'gneJ143': 0.0, 'gneJ207': 0.0, 'gneJ208': 0.0, 'gneJ210': -0.06696428, 'gneJ255': -0.09821428, 'gneJ257': -4.0}, {'1863241632': 11, '2330725114': 0, '243351999': 0, '243641585': 6, '243749571': 23, '30503246': 1, '30624898': 16, '32564122': 2, '89127267': 3, '89173763': 0, '89173808': 0, 'cluster_1427494838_273472399': 0, 'cluster_1757124350_1757124352': 2, 'cluster_1863241547_1863241548_1976170214': 2, 'cluster_306484187_cluster_1200363791_1200363826_1200363834_1200363898_1200363927_1200363938_1200363947_1200364074_1200364103_1507566554_1507566556_255882157_306484190': 0, 'gneJ143': 0, 'gneJ207': 0, 'gneJ208': 0, 'gneJ210': 1, 'gneJ255': 2, 'gneJ257': 27}, {'1863241632': 19, '2330725114': 0, '243351999': 0, '243641585': 9, '243749571': 67, '30503246': 1, '30624898': 35, '32564122': 5, '89127267': 4, '89173763': 0, '89173808': 0, 'cluster_1427494838_273472399': 0, 'cluster_1757124350_1757124352': 2, 'cluster_1863241547_1863241548_1976170214': 6, 'cluster_306484187_cluster_1200363791_1200363826_1200363834_1200363898_1200363927_1200363938_1200363947_1200364074_1200364103_1507566554_1507566556_255882157_306484190': 0, 'gneJ143': 0, 'gneJ207': 0, 'gneJ208': 0, 'gneJ210': 3, 'gneJ255': 2, 'gneJ257': 53}, 
60220.0, {'1863241632': -4.0, '2330725114': -0.035714287, '243351999': 0.0, '243641585': -1.0, '243749571': -4.0, '30503246': 0.0, '30624898': -4.0, '32564122': 0.0, '89127267': -0.13839285, '89173763': 0.0, '89173808': -0.06696428, 'cluster_1427494838_273472399': 0.0, 'cluster_1757124350_1757124352': 0.0, 'cluster_1863241547_1863241548_1976170214': -0.12053572, 'cluster_306484187_cluster_1200363791_1200363826_1200363834_1200363898_1200363927_1200363938_1200363947_1200364074_1200364103_1507566554_1507566556_255882157_306484190': 0.0, 'gneJ143': 0.0, 'gneJ207': 0.0, 'gneJ208': 0.0, 'gneJ210': 0.0, 'gneJ255': -0.02232143, 'gneJ257': -4.0}, {'1863241632': 12, '2330725114': 3, '243351999': 0, '243641585': 5, '243749571': 23, '30503246': 0, '30624898': 16, '32564122': 0, '89127267': 1, '89173763': 0, '89173808': 2, 'cluster_1427494838_273472399': 0, 'cluster_1757124350_1757124352': 0, 'cluster_1863241547_1863241548_1976170214': 2, 'cluster_306484187_cluster_1200363791_1200363826_1200363834_1200363898_1200363927_1200363938_1200363947_1200364074_1200364103_1507566554_1507566556_255882157_306484190': 0, 'gneJ143': 0, 'gneJ207': 0, 'gneJ208': 0, 'gneJ210': 0, 'gneJ255': 1, 'gneJ257': 27}, {'1863241632': 16, '2330725114': 3, '243351999': 0, '243641585': 10, '243749571': 66, '30503246': 0, '30624898': 34, '32564122': 0, '89127267': 3, '89173763': 0, '89173808': 3, 'cluster_1427494838_273472399': 0, 'cluster_1757124350_1757124352': 0, 'cluster_1863241547_1863241548_1976170214': 5, 'cluster_306484187_cluster_1200363791_1200363826_1200363834_1200363898_1200363927_1200363938_1200363947_1200364074_1200364103_1507566554_1507566556_255882157_306484190': 0, 'gneJ143': 0, 'gneJ207': 0, 'gneJ208': 0, 'gneJ210': 0, 'gneJ255': 1, 'gneJ257': 53}, 
60230.0, {'1863241632': -4.0, '2330725114': -0.04910714, '243351999': 0.0, '243641585': -1.5, '243749571': -4.0, '30503246': 0.0, '30624898': -4.0, '32564122': -0.03125, '89127267': -0.15625, '89173763': 0.0, '89173808': -0.20089285, 'cluster_1427494838_273472399': 0.0, 'cluster_1757124350_1757124352': -0.004464286, 'cluster_1863241547_1863241548_1976170214': -0.19196428, 'cluster_306484187_cluster_1200363791_1200363826_1200363834_1200363898_1200363927_1200363938_1200363947_1200364074_1200364103_1507566554_1507566556_255882157_306484190': 0.0, 'gneJ143': -0.035714287, 'gneJ207': 0.0, 'gneJ208': 0.0, 'gneJ210': -0.02232143, 'gneJ255': -0.06696428, 'gneJ257': -4.0}, {'1863241632': 12, '2330725114': 2, '243351999': 0, '243641585': 6, '243749571': 23, '30503246': 0, '30624898': 16, '32564122': 2, '89127267': 1, '89173763': 0, '89173808': 2, 'cluster_1427494838_273472399': 0, 'cluster_1757124350_1757124352': 1, 'cluster_1863241547_1863241548_1976170214': 2, 'cluster_306484187_cluster_1200363791_1200363826_1200363834_1200363898_1200363927_1200363938_1200363947_1200364074_1200364103_1507566554_1507566556_255882157_306484190': 0, 'gneJ143': 1, 'gneJ207': 0, 'gneJ208': 0, 'gneJ210': 1, 'gneJ255': 1, 'gneJ257': 27}, {'1863241632': 19, '2330725114': 2, '243351999': 0, '243641585': 13, '243749571': 66, '30503246': 0, '30624898': 33, '32564122': 3, '89127267': 2, '89173763': 0, '89173808': 3, 'cluster_1427494838_273472399': 0, 'cluster_1757124350_1757124352': 1, 'cluster_1863241547_1863241548_1976170214': 4, 'cluster_306484187_cluster_1200363791_1200363826_1200363834_1200363898_1200363927_1200363938_1200363947_1200364074_1200364103_1507566554_1507566556_255882157_306484190': 0, 'gneJ143': 2, 'gneJ207': 0, 'gneJ208': 0, 'gneJ210': 1, 'gneJ255': 1, 'gneJ257': 54}, 
60240.0, {'1863241632': -4.0, '2330725114': 0.0, '243351999': 0.0, '243641585': -1.5669643, '243749571': -4.0, '30503246': -0.035714287, '30624898': -4.0, '32564122': 0.0, '89127267': 0.0, '89173763': -0.09821428, '89173808': 0.0, 'cluster_1427494838_273472399': -0.004464286, 'cluster_1757124350_1757124352': 0.0, 'cluster_1863241547_1863241548_1976170214': 0.0, 'cluster_306484187_cluster_1200363791_1200363826_1200363834_1200363898_1200363927_1200363938_1200363947_1200364074_1200364103_1507566554_1507566556_255882157_306484190': -0.004464286, 'gneJ143': 0.0, 'gneJ207': 0.0, 'gneJ208': 0.0, 'gneJ210': -0.08928572, 'gneJ255': -0.14285715, 'gneJ257': -4.0}, {'1863241632': 12, '2330725114': 0, '243351999': 0, '243641585': 6, '243749571': 23, '30503246': 1, '30624898': 16, '32564122': 0, '89127267': 0, '89173763': 2, '89173808': 0, 'cluster_1427494838_273472399': 1, 'cluster_1757124350_1757124352': 0, 'cluster_1863241547_1863241548_1976170214': 0, 'cluster_306484187_cluster_1200363791_1200363826_1200363834_1200363898_1200363927_1200363938_1200363947_1200364074_1200364103_1507566554_1507566556_255882157_306484190': 1, 'gneJ143': 0, 'gneJ207': 0, 'gneJ208': 0, 'gneJ210': 1, 'gneJ255': 1, 'gneJ257': 27}, {'1863241632': 16, '2330725114': 0, '243351999': 0, '243641585': 14, '243749571': 66, '30503246': 1, '30624898': 33, '32564122': 0, '89127267': 0, '89173763': 3, '89173808': 0, 'cluster_1427494838_273472399': 1, 'cluster_1757124350_1757124352': 0, 'cluster_1863241547_1863241548_1976170214': 0, 'cluster_306484187_cluster_1200363791_1200363826_1200363834_1200363898_1200363927_1200363938_1200363947_1200364074_1200364103_1507566554_1507566556_255882157_306484190': 1, 'gneJ143': 0, 'gneJ207': 0, 'gneJ208': 0, 'gneJ210': 3, 'gneJ255': 2, 'gneJ257': 53}, 
60250.0, {'1863241632': -4.0, '2330725114': -0.04910714, '243351999': 0.0, '243641585': -1.5267857, '243749571': -4.0, '30503246': -0.08035714, '30624898': -4.0, '32564122': -0.035714287, '89127267': 0.0, '89173763': 0.0, '89173808': 0.0, 'cluster_1427494838_273472399': -0.071428575, 'cluster_1757124350_1757124352': -0.004464286, 'cluster_1863241547_1863241548_1976170214': -0.084821425, 'cluster_306484187_cluster_1200363791_1200363826_1200363834_1200363898_1200363927_1200363938_1200363947_1200364074_1200364103_1507566554_1507566556_255882157_306484190': 0.0, 'gneJ143': -0.05357143, 'gneJ207': -0.02232143, 'gneJ208': 0.0, 'gneJ210': -0.23214285, 'gneJ255': -0.23214285, 'gneJ257': -4.0}, {'1863241632': 11, '2330725114': 2, '243351999': 0, '243641585': 5, '243749571': 23, '30503246': 1, '30624898': 16, '32564122': 1, '89127267': 0, '89173763': 0, '89173808': 0, 'cluster_1427494838_273472399': 1, 'cluster_1757124350_1757124352': 1, 'cluster_1863241547_1863241548_1976170214': 2, 'cluster_306484187_cluster_1200363791_1200363826_1200363834_1200363898_1200363927_1200363938_1200363947_1200364074_1200364103_1507566554_1507566556_255882157_306484190': 0, 'gneJ143': 2, 'gneJ207': 1, 'gneJ208': 0, 'gneJ210': 2, 'gneJ255': 1, 'gneJ257': 27}, {'1863241632': 18, '2330725114': 2, '243351999': 0, '243641585': 12, '243749571': 66, '30503246': 1, '30624898': 34, '32564122': 1, '89127267': 0, '89173763': 0, '89173808': 0, 'cluster_1427494838_273472399': 3, 'cluster_1757124350_1757124352': 1, 'cluster_1863241547_1863241548_1976170214': 3, 'cluster_306484187_cluster_1200363791_1200363826_1200363834_1200363898_1200363927_1200363938_1200363947_1200364074_1200364103_1507566554_1507566556_255882157_306484190': 0, 'gneJ143': 3, 'gneJ207': 1, 'gneJ208': 0, 'gneJ210': 4, 'gneJ255': 2, 'gneJ257': 53}, 
60260.0, {'1863241632': -4.0, '2330725114': -0.13839285, '243351999': 0.0, '243641585': -1.2366072, '243749571': -4.0, '30503246': -0.04910714, '30624898': -4.0, '32564122': 0.0, '89127267': 0.0, '89173763': -0.026785715, '89173808': 0.0, 'cluster_1427494838_273472399': 0.0, 'cluster_1757124350_1757124352': -0.04910714, 'cluster_1863241547_1863241548_1976170214': -0.22767857, 'cluster_306484187_cluster_1200363791_1200363826_1200363834_1200363898_1200363927_1200363938_1200363947_1200364074_1200364103_1507566554_1507566556_255882157_306484190': -0.013392857, 'gneJ143': -0.30357143, 'gneJ207': -0.06696428, 'gneJ208': 0.0, 'gneJ210': -0.017857144, 'gneJ255': 0.0, 'gneJ257': -4.0}, {'1863241632': 11, '2330725114': 2, '243351999': 0, '243641585': 4, '243749571': 23, '30503246': 1, '30624898': 16, '32564122': 0, '89127267': 0, '89173763': 1, '89173808': 0, 'cluster_1427494838_273472399': 0, 'cluster_1757124350_1757124352': 1, 'cluster_1863241547_1863241548_1976170214': 2, 'cluster_306484187_cluster_1200363791_1200363826_1200363834_1200363898_1200363927_1200363938_1200363947_1200364074_1200364103_1507566554_1507566556_255882157_306484190': 1, 'gneJ143': 4, 'gneJ207': 1, 'gneJ208': 0, 'gneJ210': 1, 'gneJ255': 0, 'gneJ257': 27}, {'1863241632': 17, '2330725114': 2, '243351999': 0, '243641585': 12, '243749571': 66, '30503246': 2, '30624898': 36, '32564122': 0, '89127267': 0, '89173763': 1, '89173808': 0, 'cluster_1427494838_273472399': 0, 'cluster_1757124350_1757124352': 1, 'cluster_1863241547_1863241548_1976170214': 5, 'cluster_306484187_cluster_1200363791_1200363826_1200363834_1200363898_1200363927_1200363938_1200363947_1200364074_1200364103_1507566554_1507566556_255882157_306484190': 1, 'gneJ143': 6, 'gneJ207': 1, 'gneJ208': 0, 'gneJ210': 1, 'gneJ255': 0, 'gneJ257': 53}, 
60270.0, {'1863241632': -4.0, '2330725114': -0.32142857, '243351999': 0.0, '243641585': -0.99553573, '243749571': -4.0, '30503246': 0.0, '30624898': -4.0, '32564122': 0.0, '89127267': 0.0, '89173763': -0.08928572, '89173808': -0.04017857, 'cluster_1427494838_273472399': -0.02232143, 'cluster_1757124350_1757124352': -0.09375, 'cluster_1863241547_1863241548_1976170214': -0.48660713, 'cluster_306484187_cluster_1200363791_1200363826_1200363834_1200363898_1200363927_1200363938_1200363947_1200364074_1200364103_1507566554_1507566556_255882157_306484190': 0.0, 'gneJ143': -0.08035714, 'gneJ207': 0.0, 'gneJ208': 0.0, 'gneJ210': -0.026785715, 'gneJ255': -0.02232143, 'gneJ257': -4.0}, {'1863241632': 12, '2330725114': 5, '243351999': 0, '243641585': 8, '243749571': 23, '30503246': 0, '30624898': 16, '32564122': 0, '89127267': 0, '89173763': 1, '89173808': 2, 'cluster_1427494838_273472399': 1, 'cluster_1757124350_1757124352': 1, 'cluster_1863241547_1863241548_1976170214': 4, 'cluster_306484187_cluster_1200363791_1200363826_1200363834_1200363898_1200363927_1200363938_1200363947_1200364074_1200364103_1507566554_1507566556_255882157_306484190': 0, 'gneJ143': 1, 'gneJ207': 0, 'gneJ208': 0, 'gneJ210': 1, 'gneJ255': 2, 'gneJ257': 27}, {'1863241632': 18, '2330725114': 5, '243351999': 0, '243641585': 12, '243749571': 66, '30503246': 0, '30624898': 40, '32564122': 0, '89127267': 0, '89173763': 2, '89173808': 2, 'cluster_1427494838_273472399': 1, 'cluster_1757124350_1757124352': 1, 'cluster_1863241547_1863241548_1976170214': 8, 'cluster_306484187_cluster_1200363791_1200363826_1200363834_1200363898_1200363927_1200363938_1200363947_1200364074_1200364103_1507566554_1507566556_255882157_306484190': 0, 'gneJ143': 1, 'gneJ207': 0, 'gneJ208': 0, 'gneJ210': 1, 'gneJ255': 2, 'gneJ257': 53}, 
60280.0, {'1863241632': -4.0, '2330725114': -0.54464287, '243351999': 0.0, '243641585': -1.4196428, '243749571': -4.0, '30503246': -0.013392857, '30624898': -4.0, '32564122': -0.03125, '89127267': 0.0, '89173763': -0.116071425, '89173808': 0.0, 'cluster_1427494838_273472399': -0.16071428, 'cluster_1757124350_1757124352': -0.13839285, 'cluster_1863241547_1863241548_1976170214': -0.59375, 'cluster_306484187_cluster_1200363791_1200363826_1200363834_1200363898_1200363927_1200363938_1200363947_1200364074_1200364103_1507566554_1507566556_255882157_306484190': 0.0, 'gneJ143': -0.19196428, 'gneJ207': -0.03125, 'gneJ208': 0.0, 'gneJ210': 0.0, 'gneJ255': -0.11160714, 'gneJ257': -4.0}, {'1863241632': 12, '2330725114': 5, '243351999': 0, '243641585': 8, '243749571': 23, '30503246': 1, '30624898': 16, '32564122': 1, '89127267': 0, '89173763': 1, '89173808': 0, 'cluster_1427494838_273472399': 2, 'cluster_1757124350_1757124352': 1, 'cluster_1863241547_1863241548_1976170214': 5, 'cluster_306484187_cluster_1200363791_1200363826_1200363834_1200363898_1200363927_1200363938_1200363947_1200364074_1200364103_1507566554_1507566556_255882157_306484190': 0, 'gneJ143': 2, 'gneJ207': 2, 'gneJ208': 0, 'gneJ210': 0, 'gneJ255': 2, 'gneJ257': 27}, {'1863241632': 18, '2330725114': 5, '243351999': 0, '243641585': 11, '243749571': 68, '30503246': 1, '30624898': 38, '32564122': 2, '89127267': 0, '89173763': 1, '89173808': 0, 'cluster_1427494838_273472399': 5, 'cluster_1757124350_1757124352': 1, 'cluster_1863241547_1863241548_1976170214': 8, 'cluster_306484187_cluster_1200363791_1200363826_1200363834_1200363898_1200363927_1200363938_1200363947_1200364074_1200364103_1507566554_1507566556_255882157_306484190': 0, 'gneJ143': 4, 'gneJ207': 2, 'gneJ208': 0, 'gneJ210': 0, 'gneJ255': 2, 'gneJ257': 53}, 
60290.0, {'1863241632': -4.0, '2330725114': -0.76785713, '243351999': 0.0, '243641585': -1.7589285, '243749571': -4.0, '30503246': 0.0, '30624898': -4.0, '32564122': 0.0, '89127267': 0.0, '89173763': -0.16071428, '89173808': 0.0, 'cluster_1427494838_273472399': -0.38392857, 'cluster_1757124350_1757124352': 0.0, 'cluster_1863241547_1863241548_1976170214': -0.69196427, 'cluster_306484187_cluster_1200363791_1200363826_1200363834_1200363898_1200363927_1200363938_1200363947_1200364074_1200364103_1507566554_1507566556_255882157_306484190': -0.008928572, 'gneJ143': 0.0, 'gneJ207': -0.058035713, 'gneJ208': -0.008928572, 'gneJ210': 0.0, 'gneJ255': -0.20089285, 'gneJ257': -4.0}, {'1863241632': 12, '2330725114': 5, '243351999': 0, '243641585': 8, '243749571': 23, '30503246': 0, '30624898': 16, '32564122': 0, '89127267': 0, '89173763': 1, '89173808': 0, 'cluster_1427494838_273472399': 2, 'cluster_1757124350_1757124352': 0, 'cluster_1863241547_1863241548_1976170214': 5, 'cluster_306484187_cluster_1200363791_1200363826_1200363834_1200363898_1200363927_1200363938_1200363947_1200364074_1200364103_1507566554_1507566556_255882157_306484190': 1, 'gneJ143': 0, 'gneJ207': 1, 'gneJ208': 1, 'gneJ210': 0, 'gneJ255': 2, 'gneJ257': 27}, {'1863241632': 18, '2330725114': 5, '243351999': 0, '243641585': 10, '243749571': 68, '30503246': 0, '30624898': 37, '32564122': 0, '89127267': 0, '89173763': 1, '89173808': 0, 'cluster_1427494838_273472399': 5, 'cluster_1757124350_1757124352': 0, 'cluster_1863241547_1863241548_1976170214': 8, 'cluster_306484187_cluster_1200363791_1200363826_1200363834_1200363898_1200363927_1200363938_1200363947_1200364074_1200364103_1507566554_1507566556_255882157_306484190': 1, 'gneJ143': 0, 'gneJ207': 1, 'gneJ208': 1, 'gneJ210': 0, 'gneJ255': 2, 'gneJ257': 53}, 
60300.0, {'1863241632': -4.0, '2330725114': -0.32142857, '243351999': 0.0, '243641585': -2.236607, '243749571': -4.0, '30503246': -0.03125, '30624898': -4.0, '32564122': -0.008928572, '89127267': 0.0, '89173763': -0.20535715, '89173808': 0.0, 'cluster_1427494838_273472399': 0.0, 'cluster_1757124350_1757124352': 0.0, 'cluster_1863241547_1863241548_1976170214': -0.5625, 'cluster_306484187_cluster_1200363791_1200363826_1200363834_1200363898_1200363927_1200363938_1200363947_1200364074_1200364103_1507566554_1507566556_255882157_306484190': -0.05357143, 'gneJ143': 0.0, 'gneJ207': -0.06696428, 'gneJ208': 0.0, 'gneJ210': -0.0625, 'gneJ255': -0.29017857, 'gneJ257': -4.0}, {'1863241632': 13, '2330725114': 2, '243351999': 0, '243641585': 8, '243749571': 23, '30503246': 1, '30624898': 16, '32564122': 1, '89127267': 0, '89173763': 1, '89173808': 0, 'cluster_1427494838_273472399': 0, 'cluster_1757124350_1757124352': 0, 'cluster_1863241547_1863241548_1976170214': 4, 'cluster_306484187_cluster_1200363791_1200363826_1200363834_1200363898_1200363927_1200363938_1200363947_1200364074_1200364103_1507566554_1507566556_255882157_306484190': 1, 'gneJ143': 0, 'gneJ207': 1, 'gneJ208': 0, 'gneJ210': 2, 'gneJ255': 2, 'gneJ257': 27}, {'1863241632': 16, '2330725114': 2, '243351999': 0, '243641585': 12, '243749571': 67, '30503246': 1, '30624898': 36, '32564122': 1, '89127267': 0, '89173763': 1, '89173808': 0, 'cluster_1427494838_273472399': 0, 'cluster_1757124350_1757124352': 0, 'cluster_1863241547_1863241548_1976170214': 5, 'cluster_306484187_cluster_1200363791_1200363826_1200363834_1200363898_1200363927_1200363938_1200363947_1200364074_1200364103_1507566554_1507566556_255882157_306484190': 1, 'gneJ143': 0, 'gneJ207': 2, 'gneJ208': 0, 'gneJ210': 3, 'gneJ255': 2, 'gneJ257': 53}, 
60310.0, {'1863241632': -4.0, '2330725114': 0.0, '243351999': -0.004464286, '243641585': -1.4285715, '243749571': -4.0, '30503246': -0.03125, '30624898': -4.0, '32564122': -0.04910714, '89127267': -0.017857144, '89173763': -0.25, '89173808': 0.0, 'cluster_1427494838_273472399': 0.0, 'cluster_1757124350_1757124352': 0.0, 'cluster_1863241547_1863241548_1976170214': -0.6875, 'cluster_306484187_cluster_1200363791_1200363826_1200363834_1200363898_1200363927_1200363938_1200363947_1200364074_1200364103_1507566554_1507566556_255882157_306484190': 0.0, 'gneJ143': -0.04464286, 'gneJ207': 0.0, 'gneJ208': 0.0, 'gneJ210': 0.0, 'gneJ255': -0.3794643, 'gneJ257': -4.0}, {'1863241632': 13, '2330725114': 0, '243351999': 1, '243641585': 6, '243749571': 23, '30503246': 1, '30624898': 16, '32564122': 1, '89127267': 1, '89173763': 1, '89173808': 0, 'cluster_1427494838_273472399': 0, 'cluster_1757124350_1757124352': 0, 'cluster_1863241547_1863241548_1976170214': 5, 'cluster_306484187_cluster_1200363791_1200363826_1200363834_1200363898_1200363927_1200363938_1200363947_1200364074_1200364103_1507566554_1507566556_255882157_306484190': 0, 'gneJ143': 3, 'gneJ207': 0, 'gneJ208': 0, 'gneJ210': 0, 'gneJ255': 2, 'gneJ257': 27}, {'1863241632': 19, '2330725114': 0, '243351999': 1, '243641585': 6, '243749571': 66, '30503246': 2, '30624898': 34, '32564122': 2, '89127267': 1, '89173763': 1, '89173808': 0, 'cluster_1427494838_273472399': 0, 'cluster_1757124350_1757124352': 0, 'cluster_1863241547_1863241548_1976170214': 8, 'cluster_306484187_cluster_1200363791_1200363826_1200363834_1200363898_1200363927_1200363938_1200363947_1200364074_1200364103_1507566554_1507566556_255882157_306484190': 0, 'gneJ143': 3, 'gneJ207': 0, 'gneJ208': 0, 'gneJ210': 0, 'gneJ255': 2, 'gneJ257': 53}, 
60320.0, {'1863241632': -4.0, '2330725114': 0.0, '243351999': 0.0, '243641585': -1.6964285, '243749571': -4.0, '30503246': -0.03125, '30624898': -4.0, '32564122': 0.0, '89127267': 0.0, '89173763': -0.02232143, '89173808': -0.004464286, 'cluster_1427494838_273472399': 0.0, 'cluster_1757124350_1757124352': 0.0, 'cluster_1863241547_1863241548_1976170214': -0.6026786, 'cluster_306484187_cluster_1200363791_1200363826_1200363834_1200363898_1200363927_1200363938_1200363947_1200364074_1200364103_1507566554_1507566556_255882157_306484190': -0.004464286, 'gneJ143': -0.21875, 'gneJ207': 0.0, 'gneJ208': 0.0, 'gneJ210': 0.0, 'gneJ255': -0.03125, 'gneJ257': -4.0}, {'1863241632': 12, '2330725114': 0, '243351999': 0, '243641585': 6, '243749571': 23, '30503246': 1, '30624898': 16, '32564122': 0, '89127267': 0, '89173763': 2, '89173808': 1, 'cluster_1427494838_273472399': 0, 'cluster_1757124350_1757124352': 0, 'cluster_1863241547_1863241548_1976170214': 4, 'cluster_306484187_cluster_1200363791_1200363826_1200363834_1200363898_1200363927_1200363938_1200363947_1200364074_1200364103_1507566554_1507566556_255882157_306484190': 1, 'gneJ143': 4, 'gneJ207': 0, 'gneJ208': 0, 'gneJ210': 0, 'gneJ255': 1, 'gneJ257': 27}, {'1863241632': 18, '2330725114': 0, '243351999': 0, '243641585': 6, '243749571': 66, '30503246': 2, '30624898': 33, '32564122': 0, '89127267': 0, '89173763': 2, '89173808': 1, 'cluster_1427494838_273472399': 0, 'cluster_1757124350_1757124352': 0, 'cluster_1863241547_1863241548_1976170214': 5, 'cluster_306484187_cluster_1200363791_1200363826_1200363834_1200363898_1200363927_1200363938_1200363947_1200364074_1200364103_1507566554_1507566556_255882157_306484190': 1, 'gneJ143': 4, 'gneJ207': 0, 'gneJ208': 0, 'gneJ210': 0, 'gneJ255': 2, 'gneJ257': 53}, 
60330.0, {'1863241632': -4.0, '2330725114': -0.02232143, '243351999': 0.0, '243641585': -1.2589285, '243749571': -4.0, '30503246': -0.15625, '30624898': -4.0, '32564122': 0.0, '89127267': -0.02232143, '89173763': 0.0, '89173808': 0.0, 'cluster_1427494838_273472399': 0.0, 'cluster_1757124350_1757124352': 0.0, 'cluster_1863241547_1863241548_1976170214': -0.96428573, 'cluster_306484187_cluster_1200363791_1200363826_1200363834_1200363898_1200363927_1200363938_1200363947_1200364074_1200364103_1507566554_1507566556_255882157_306484190': -0.04910714, 'gneJ143': -0.45535713, 'gneJ207': -0.08928572, 'gneJ208': 0.0, 'gneJ210': 0.0, 'gneJ255': -0.0625, 'gneJ257': -4.0}, {'1863241632': 12, '2330725114': 1, '243351999': 0, '243641585': 5, '243749571': 24, '30503246': 2, '30624898': 16, '32564122': 0, '89127267': 1, '89173763': 0, '89173808': 0, 'cluster_1427494838_273472399': 0, 'cluster_1757124350_1757124352': 0, 'cluster_1863241547_1863241548_1976170214': 7, 'cluster_306484187_cluster_1200363791_1200363826_1200363834_1200363898_1200363927_1200363938_1200363947_1200364074_1200364103_1507566554_1507566556_255882157_306484190': 1, 'gneJ143': 4, 'gneJ207': 4, 'gneJ208': 0, 'gneJ210': 0, 'gneJ255': 1, 'gneJ257': 27}, {'1863241632': 18, '2330725114': 1, '243351999': 0, '243641585': 6, '243749571': 67, '30503246': 4, '30624898': 33, '32564122': 0, '89127267': 1, '89173763': 0, '89173808': 0, 'cluster_1427494838_273472399': 0, 'cluster_1757124350_1757124352': 0, 'cluster_1863241547_1863241548_1976170214': 10, 'cluster_306484187_cluster_1200363791_1200363826_1200363834_1200363898_1200363927_1200363938_1200363947_1200364074_1200364103_1507566554_1507566556_255882157_306484190': 1, 'gneJ143': 6, 'gneJ207': 4, 'gneJ208': 0, 'gneJ210': 0, 'gneJ255': 1, 'gneJ257': 53}, 
60340.0, {'1863241632': -4.0, '2330725114': -0.06696428, '243351999': 0.0, '243641585': -1.6607143, '243749571': -4.0, '30503246': -0.125, '30624898': -4.0, '32564122': -0.02232143, '89127267': -0.08035714, '89173763': -0.07589286, '89173808': -0.03125, 'cluster_1427494838_273472399': -0.013392857, 'cluster_1757124350_1757124352': -0.017857144, 'cluster_1863241547_1863241548_1976170214': -1.4107143, 'cluster_306484187_cluster_1200363791_1200363826_1200363834_1200363898_1200363927_1200363938_1200363947_1200364074_1200364103_1507566554_1507566556_255882157_306484190': 0.0, 'gneJ143': -0.27232143, 'gneJ207': -0.0625, 'gneJ208': 0.0, 'gneJ210': -0.008928572, 'gneJ255': -0.12053572, 'gneJ257': -4.0}, {'1863241632': 13, '2330725114': 1, '243351999': 0, '243641585': 6, '243749571': 24, '30503246': 1, '30624898': 16, '32564122': 1, '89127267': 1, '89173763': 4, '89173808': 1, 'cluster_1427494838_273472399': 1, 'cluster_1757124350_1757124352': 1, 'cluster_1863241547_1863241548_1976170214': 7, 'cluster_306484187_cluster_1200363791_1200363826_1200363834_1200363898_1200363927_1200363938_1200363947_1200364074_1200364103_1507566554_1507566556_255882157_306484190': 0, 'gneJ143': 2, 'gneJ207': 1, 'gneJ208': 0, 'gneJ210': 1, 'gneJ255': 1, 'gneJ257': 27}, {'1863241632': 17, '2330725114': 1, '243351999': 0, '243641585': 11, '243749571': 69, '30503246': 2, '30624898': 33, '32564122': 2, '89127267': 2, '89173763': 4, '89173808': 1, 'cluster_1427494838_273472399': 1, 'cluster_1757124350_1757124352': 1, 'cluster_1863241547_1863241548_1976170214': 10, 'cluster_306484187_cluster_1200363791_1200363826_1200363834_1200363898_1200363927_1200363938_1200363947_1200364074_1200364103_1507566554_1507566556_255882157_306484190': 0, 'gneJ143': 2, 'gneJ207': 2, 'gneJ208': 0, 'gneJ210': 1, 'gneJ255': 2, 'gneJ257': 54}, 
60350.0, {'1863241632': -4.0, '2330725114': -0.11160714, '243351999': -0.084821425, '243641585': -1.8883928, '243749571': -4.0, '30503246': -0.24553572, '30624898': -4.0, '32564122': 0.0, '89127267': 0.0, '89173763': -0.375, '89173808': -0.102678575, 'cluster_1427494838_273472399': 0.0, 'cluster_1757124350_1757124352': -0.0625, 'cluster_1863241547_1863241548_1976170214': -1.4017857, 'cluster_306484187_cluster_1200363791_1200363826_1200363834_1200363898_1200363927_1200363938_1200363947_1200364074_1200364103_1507566554_1507566556_255882157_306484190': 0.0, 'gneJ143': -0.4642857, 'gneJ207': -0.08035714, 'gneJ208': 0.0, 'gneJ210': 0.0, 'gneJ255': -0.15178572, 'gneJ257': -4.0}, {'1863241632': 10, '2330725114': 1, '243351999': 2, '243641585': 8, '243749571': 24, '30503246': 2, '30624898': 16, '32564122': 0, '89127267': 0, '89173763': 5, '89173808': 2, 'cluster_1427494838_273472399': 0, 'cluster_1757124350_1757124352': 1, 'cluster_1863241547_1863241548_1976170214': 6, 'cluster_306484187_cluster_1200363791_1200363826_1200363834_1200363898_1200363927_1200363938_1200363947_1200364074_1200364103_1507566554_1507566556_255882157_306484190': 0, 'gneJ143': 4, 'gneJ207': 1, 'gneJ208': 0, 'gneJ210': 0, 'gneJ255': 1, 'gneJ257': 27}, {'1863241632': 16, '2330725114': 1, '243351999': 2, '243641585': 9, '243749571': 68, '30503246': 4, '30624898': 40, '32564122': 0, '89127267': 0, '89173763': 7, '89173808': 3, 'cluster_1427494838_273472399': 0, 'cluster_1757124350_1757124352': 1, 'cluster_1863241547_1863241548_1976170214': 9, 'cluster_306484187_cluster_1200363791_1200363826_1200363834_1200363898_1200363927_1200363938_1200363947_1200364074_1200364103_1507566554_1507566556_255882157_306484190': 0, 'gneJ143': 7, 'gneJ207': 2, 'gneJ208': 0, 'gneJ210': 0, 'gneJ255': 1, 'gneJ257': 53}, 
60360.0, {'1863241632': -4.0, '2330725114': 0.0, '243351999': 0.0, '243641585': -2.299107, '243749571': -4.0, '30503246': 0.0, '30624898': -4.0, '32564122': 0.0, '89127267': -0.02232143, '89173763': -0.6339286, '89173808': -0.013392857, 'cluster_1427494838_273472399': 0.0, 'cluster_1757124350_1757124352': -0.13392857, 'cluster_1863241547_1863241548_1976170214': -1.125, 'cluster_306484187_cluster_1200363791_1200363826_1200363834_1200363898_1200363927_1200363938_1200363947_1200364074_1200364103_1507566554_1507566556_255882157_306484190': 0.0, 'gneJ143': -0.1875, 'gneJ207': -0.20535715, 'gneJ208': 0.0, 'gneJ210': 0.0, 'gneJ255': 0.0, 'gneJ257': -4.0}, {'1863241632': 10, '2330725114': 0, '243351999': 0, '243641585': 8, '243749571': 24, '30503246': 0, '30624898': 16, '32564122': 0, '89127267': 1, '89173763': 6, '89173808': 1, 'cluster_1427494838_273472399': 0, 'cluster_1757124350_1757124352': 1, 'cluster_1863241547_1863241548_1976170214': 4, 'cluster_306484187_cluster_1200363791_1200363826_1200363834_1200363898_1200363927_1200363938_1200363947_1200364074_1200364103_1507566554_1507566556_255882157_306484190': 0, 'gneJ143': 2, 'gneJ207': 2, 'gneJ208': 0, 'gneJ210': 0, 'gneJ255': 0, 'gneJ257': 27}, {'1863241632': 14, '2330725114': 0, '243351999': 0, '243641585': 10, '243749571': 67, '30503246': 0, '30624898': 42, '32564122': 0, '89127267': 1, '89173763': 7, '89173808': 1, 'cluster_1427494838_273472399': 0, 'cluster_1757124350_1757124352': 2, 'cluster_1863241547_1863241548_1976170214': 6, 'cluster_306484187_cluster_1200363791_1200363826_1200363834_1200363898_1200363927_1200363938_1200363947_1200364074_1200364103_1507566554_1507566556_255882157_306484190': 0, 'gneJ143': 3, 'gneJ207': 4, 'gneJ208': 0, 'gneJ210': 0, 'gneJ255': 0, 'gneJ257': 53}, 
60370.0, {'1863241632': -4.0, '2330725114': 0.0, '243351999': 0.0, '243641585': -1.3348215, '243749571': -4.0, '30503246': -0.04017857, '30624898': -4.0, '32564122': -0.008928572, '89127267': 0.0, '89173763': -0.3482143, '89173808': -0.058035713, 'cluster_1427494838_273472399': -0.02232143, 'cluster_1757124350_1757124352': -0.071428575, 'cluster_1863241547_1863241548_1976170214': -1.1339285, 'cluster_306484187_cluster_1200363791_1200363826_1200363834_1200363898_1200363927_1200363938_1200363947_1200364074_1200364103_1507566554_1507566556_255882157_306484190': 0.0, 'gneJ143': -0.13839285, 'gneJ207': -0.2857143, 'gneJ208': 0.0, 'gneJ210': 0.0, 'gneJ255': -0.02232143, 'gneJ257': -4.0}, {'1863241632': 9, '2330725114': 0, '243351999': 0, '243641585': 5, '243749571': 24, '30503246': 1, '30624898': 16, '32564122': 1, '89127267': 0, '89173763': 3, '89173808': 1, 'cluster_1427494838_273472399': 1, 'cluster_1757124350_1757124352': 1, 'cluster_1863241547_1863241548_1976170214': 3, 'cluster_306484187_cluster_1200363791_1200363826_1200363834_1200363898_1200363927_1200363938_1200363947_1200364074_1200364103_1507566554_1507566556_255882157_306484190': 0, 'gneJ143': 2, 'gneJ207': 2, 'gneJ208': 0, 'gneJ210': 0, 'gneJ255': 1, 'gneJ257': 27}, {'1863241632': 11, '2330725114': 0, '243351999': 0, '243641585': 9, '243749571': 68, '30503246': 2, '30624898': 40, '32564122': 1, '89127267': 0, '89173763': 3, '89173808': 1, 'cluster_1427494838_273472399': 1, 'cluster_1757124350_1757124352': 1, 'cluster_1863241547_1863241548_1976170214': 6, 'cluster_306484187_cluster_1200363791_1200363826_1200363834_1200363898_1200363927_1200363938_1200363947_1200364074_1200364103_1507566554_1507566556_255882157_306484190': 0, 'gneJ143': 2, 'gneJ207': 5, 'gneJ208': 0, 'gneJ210': 0, 'gneJ255': 1, 'gneJ257': 53}, 
60380.0, {'1863241632': -4.0, '2330725114': 0.0, '243351999': -0.04464286, '243641585': -1.8214285, '243749571': -4.0, '30503246': 0.0, '30624898': -4.0, '32564122': 0.0, '89127267': -0.04017857, '89173763': -0.49107143, '89173808': -0.035714287, 'cluster_1427494838_273472399': 0.0, 'cluster_1757124350_1757124352': -0.16071428, 'cluster_1863241547_1863241548_1976170214': -0.91071427, 'cluster_306484187_cluster_1200363791_1200363826_1200363834_1200363898_1200363927_1200363938_1200363947_1200364074_1200364103_1507566554_1507566556_255882157_306484190': 0.0, 'gneJ143': -0.16964285, 'gneJ207': -0.39732143, 'gneJ208': 0.0, 'gneJ210': 0.0, 'gneJ255': 0.0, 'gneJ257': -4.0}, {'1863241632': 7, '2330725114': 0, '243351999': 1, '243641585': 5, '243749571': 24, '30503246': 0, '30624898': 16, '32564122': 0, '89127267': 1, '89173763': 3, '89173808': 1, 'cluster_1427494838_273472399': 0, 'cluster_1757124350_1757124352': 1, 'cluster_1863241547_1863241548_1976170214': 2, 'cluster_306484187_cluster_1200363791_1200363826_1200363834_1200363898_1200363927_1200363938_1200363947_1200364074_1200364103_1507566554_1507566556_255882157_306484190': 0, 'gneJ143': 4, 'gneJ207': 2, 'gneJ208': 0, 'gneJ210': 0, 'gneJ255': 0, 'gneJ257': 27}, {'1863241632': 11, '2330725114': 0, '243351999': 1, '243641585': 12, '243749571': 68, '30503246': 0, '30624898': 38, '32564122': 0, '89127267': 2, '89173763': 4, '89173808': 2, 'cluster_1427494838_273472399': 0, 'cluster_1757124350_1757124352': 2, 'cluster_1863241547_1863241548_1976170214': 5, 'cluster_306484187_cluster_1200363791_1200363826_1200363834_1200363898_1200363927_1200363938_1200363947_1200364074_1200364103_1507566554_1507566556_255882157_306484190': 0, 'gneJ143': 5, 'gneJ207': 3, 'gneJ208': 0, 'gneJ210': 0, 'gneJ255': 0, 'gneJ257': 53}, 
60390.0, {'1863241632': -4.0, '2330725114': 0.0, '243351999': -0.08928572, '243641585': -1.8348215, '243749571': -4.0, '30503246': -0.02232143, '30624898': -4.0, '32564122': 0.0, '89127267': 0.0, '89173763': -0.7098214, '89173808': 0.0, 'cluster_1427494838_273472399': 0.0, 'cluster_1757124350_1757124352': -0.25, 'cluster_1863241547_1863241548_1976170214': -1.1160715, 'cluster_306484187_cluster_1200363791_1200363826_1200363834_1200363898_1200363927_1200363938_1200363947_1200364074_1200364103_1507566554_1507566556_255882157_306484190': 0.0, 'gneJ143': -0.08035714, 'gneJ207': 0.0, 'gneJ208': 0.0, 'gneJ210': -0.035714287, 'gneJ255': 0.0, 'gneJ257': -4.0}, {'1863241632': 6, '2330725114': 0, '243351999': 1, '243641585': 8, '243749571': 24, '30503246': 1, '30624898': 16, '32564122': 0, '89127267': 0, '89173763': 3, '89173808': 0, 'cluster_1427494838_273472399': 0, 'cluster_1757124350_1757124352': 1, 'cluster_1863241547_1863241548_1976170214': 3, 'cluster_306484187_cluster_1200363791_1200363826_1200363834_1200363898_1200363927_1200363938_1200363947_1200364074_1200364103_1507566554_1507566556_255882157_306484190': 0, 'gneJ143': 2, 'gneJ207': 0, 'gneJ208': 0, 'gneJ210': 1, 'gneJ255': 0, 'gneJ257': 27}, {'1863241632': 10, '2330725114': 0, '243351999': 1, '243641585': 13, '243749571': 67, '30503246': 1, '30624898': 36, '32564122': 0, '89127267': 0, '89173763': 5, '89173808': 0, 'cluster_1427494838_273472399': 0, 'cluster_1757124350_1757124352': 2, 'cluster_1863241547_1863241548_1976170214': 8, 'cluster_306484187_cluster_1200363791_1200363826_1200363834_1200363898_1200363927_1200363938_1200363947_1200364074_1200364103_1507566554_1507566556_255882157_306484190': 0, 'gneJ143': 3, 'gneJ207': 0, 'gneJ208': 0, 'gneJ210': 1, 'gneJ255': 0, 'gneJ257': 54}, 
60400.0, {'1863241632': -4.0, '2330725114': -0.12053572, '243351999': 0.0, '243641585': -2.169643, '243749571': -4.0, '30503246': -0.06696428, '30624898': -4.0, '32564122': 0.0, '89127267': 0.0, '89173763': -0.084821425, '89173808': 0.0, 'cluster_1427494838_273472399': 0.0, 'cluster_1757124350_1757124352': 0.0, 'cluster_1863241547_1863241548_1976170214': -1.0267857, 'cluster_306484187_cluster_1200363791_1200363826_1200363834_1200363898_1200363927_1200363938_1200363947_1200364074_1200364103_1507566554_1507566556_255882157_306484190': 0.0, 'gneJ143': -0.15625, 'gneJ207': -0.102678575, 'gneJ208': 0.0, 'gneJ210': -0.035714287, 'gneJ255': -0.02232143, 'gneJ257': -4.0}, {'1863241632': 7, '2330725114': 2, '243351999': 0, '243641585': 8, '243749571': 24, '30503246': 1, '30624898': 16, '32564122': 0, '89127267': 0, '89173763': 1, '89173808': 0, 'cluster_1427494838_273472399': 0, 'cluster_1757124350_1757124352': 0, 'cluster_1863241547_1863241548_1976170214': 2, 'cluster_306484187_cluster_1200363791_1200363826_1200363834_1200363898_1200363927_1200363938_1200363947_1200364074_1200364103_1507566554_1507566556_255882157_306484190': 0, 'gneJ143': 4, 'gneJ207': 5, 'gneJ208': 0, 'gneJ210': 1, 'gneJ255': 1, 'gneJ257': 27}, {'1863241632': 11, '2330725114': 4, '243351999': 0, '243641585': 11, '243749571': 67, '30503246': 1, '30624898': 34, '32564122': 0, '89127267': 0, '89173763': 1, '89173808': 0, 'cluster_1427494838_273472399': 0, 'cluster_1757124350_1757124352': 0, 'cluster_1863241547_1863241548_1976170214': 6, 'cluster_306484187_cluster_1200363791_1200363826_1200363834_1200363898_1200363927_1200363938_1200363947_1200364074_1200364103_1507566554_1507566556_255882157_306484190': 0, 'gneJ143': 5, 'gneJ207': 5, 'gneJ208': 0, 'gneJ210': 2, 'gneJ255': 1, 'gneJ257': 54}, 
60410.0, {'1863241632': -4.0, '2330725114': 0.0, '243351999': 0.0, '243641585': -2.6607144, '243749571': -4.0, '30503246': 0.0, '30624898': -4.0, '32564122': -0.035714287, '89127267': 0.0, '89173763': -0.2767857, '89173808': 0.0, 'cluster_1427494838_273472399': 0.0, 'cluster_1757124350_1757124352': 0.0, 'cluster_1863241547_1863241548_1976170214': -1.0491072, 'cluster_306484187_cluster_1200363791_1200363826_1200363834_1200363898_1200363927_1200363938_1200363947_1200364074_1200364103_1507566554_1507566556_255882157_306484190': -0.04017857, 'gneJ143': -0.5223214, 'gneJ207': -0.42857143, 'gneJ208': 0.0, 'gneJ210': 0.0, 'gneJ255': 0.0, 'gneJ257': -4.0}, {'1863241632': 7, '2330725114': 0, '243351999': 0, '243641585': 8, '243749571': 24, '30503246': 0, '30624898': 16, '32564122': 2, '89127267': 0, '89173763': 3, '89173808': 0, 'cluster_1427494838_273472399': 0, 'cluster_1757124350_1757124352': 0, 'cluster_1863241547_1863241548_1976170214': 2, 'cluster_306484187_cluster_1200363791_1200363826_1200363834_1200363898_1200363927_1200363938_1200363947_1200364074_1200364103_1507566554_1507566556_255882157_306484190': 1, 'gneJ143': 4, 'gneJ207': 10, 'gneJ208': 0, 'gneJ210': 0, 'gneJ255': 0, 'gneJ257': 27}, {'1863241632': 9, '2330725114': 0, '243351999': 0, '243641585': 11, '243749571': 68, '30503246': 0, '30624898': 37, '32564122': 2, '89127267': 0, '89173763': 7, '89173808': 0, 'cluster_1427494838_273472399': 0, 'cluster_1757124350_1757124352': 0, 'cluster_1863241547_1863241548_1976170214': 4, 'cluster_306484187_cluster_1200363791_1200363826_1200363834_1200363898_1200363927_1200363938_1200363947_1200364074_1200364103_1507566554_1507566556_255882157_306484190': 2, 'gneJ143': 12, 'gneJ207': 11, 'gneJ208': 0, 'gneJ210': 0, 'gneJ255': 0, 'gneJ257': 55}, 
60420.0, {'1863241632': -4.0, '2330725114': -0.071428575, '243351999': -0.008928572, '243641585': -3.1517856, '243749571': -4.0, '30503246': 0.0, '30624898': -4.0, '32564122': -0.17410715, '89127267': 0.0, '89173763': -0.7276786, '89173808': 0.0, 'cluster_1427494838_273472399': -0.017857144, 'cluster_1757124350_1757124352': 0.0, 'cluster_1863241547_1863241548_1976170214': -1.2544643, 'cluster_306484187_cluster_1200363791_1200363826_1200363834_1200363898_1200363927_1200363938_1200363947_1200364074_1200364103_1507566554_1507566556_255882157_306484190': 0.0, 'gneJ143': -1.2946428, 'gneJ207': -0.59375, 'gneJ208': 0.0, 'gneJ210': 0.0, 'gneJ255': -0.026785715, 'gneJ257': -4.0}, {'1863241632': 7, '2330725114': 4, '243351999': 1, '243641585': 8, '243749571': 24, '30503246': 0, '30624898': 16, '32564122': 3, '89127267': 0, '89173763': 4, '89173808': 0, 'cluster_1427494838_273472399': 1, 'cluster_1757124350_1757124352': 0, 'cluster_1863241547_1863241548_1976170214': 2, 'cluster_306484187_cluster_1200363791_1200363826_1200363834_1200363898_1200363927_1200363938_1200363947_1200364074_1200364103_1507566554_1507566556_255882157_306484190': 0, 'gneJ143': 9, 'gneJ207': 9, 'gneJ208': 0, 'gneJ210': 0, 'gneJ255': 1, 'gneJ257': 27}, {'1863241632': 9, '2330725114': 4, '243351999': 1, '243641585': 11, '243749571': 68, '30503246': 0, '30624898': 39, '32564122': 5, '89127267': 0, '89173763': 11, '89173808': 0, 'cluster_1427494838_273472399': 2, 'cluster_1757124350_1757124352': 0, 'cluster_1863241547_1863241548_1976170214': 5, 'cluster_306484187_cluster_1200363791_1200363826_1200363834_1200363898_1200363927_1200363938_1200363947_1200364074_1200364103_1507566554_1507566556_255882157_306484190': 0, 'gneJ143': 21, 'gneJ207': 10, 'gneJ208': 0, 'gneJ210': 0, 'gneJ255': 2, 'gneJ257': 56}, 
60430.0, {'1863241632': -4.0, '2330725114': -0.4017857, '243351999': 0.0, '243641585': -3.642857, '243749571': -4.0, '30503246': -0.058035713, '30624898': -4.0, '32564122': -0.45535713, '89127267': -0.05357143, '89173763': -0.72321427, '89173808': 0.0, 'cluster_1427494838_273472399': -0.16071428, 'cluster_1757124350_1757124352': 0.0, 'cluster_1863241547_1863241548_1976170214': -1.4776785, 'cluster_306484187_cluster_1200363791_1200363826_1200363834_1200363898_1200363927_1200363938_1200363947_1200364074_1200364103_1507566554_1507566556_255882157_306484190': 0.0, 'gneJ143': -0.6026786, 'gneJ207': -0.78571427, 'gneJ208': 0.0, 'gneJ210': 0.0, 'gneJ255': -0.116071425, 'gneJ257': -4.0}, {'1863241632': 7, '2330725114': 10, '243351999': 0, '243641585': 8, '243749571': 24, '30503246': 1, '30624898': 16, '32564122': 4, '89127267': 2, '89173763': 5, '89173808': 0, 'cluster_1427494838_273472399': 2, 'cluster_1757124350_1757124352': 0, 'cluster_1863241547_1863241548_1976170214': 2, 'cluster_306484187_cluster_1200363791_1200363826_1200363834_1200363898_1200363927_1200363938_1200363947_1200364074_1200364103_1507566554_1507566556_255882157_306484190': 0, 'gneJ143': 6, 'gneJ207': 7, 'gneJ208': 0, 'gneJ210': 0, 'gneJ255': 1, 'gneJ257': 27}, {'1863241632': 10, '2330725114': 11, '243351999': 0, '243641585': 11, '243749571': 67, '30503246': 2, '30624898': 39, '32564122': 7, '89127267': 3, '89173763': 8, '89173808': 0, 'cluster_1427494838_273472399': 4, 'cluster_1757124350_1757124352': 0, 'cluster_1863241547_1863241548_1976170214': 5, 'cluster_306484187_cluster_1200363791_1200363826_1200363834_1200363898_1200363927_1200363938_1200363947_1200364074_1200364103_1507566554_1507566556_255882157_306484190': 0, 'gneJ143': 7, 'gneJ207': 8, 'gneJ208': 0, 'gneJ210': 0, 'gneJ255': 2, 'gneJ257': 57}, 
60440.0, {'1863241632': -4.0, '2330725114': -0.57589287, '243351999': 0.0, '243641585': -4.0, '243749571': -4.0, '30503246': -0.20982143, '30624898': -4.0, '32564122': -0.08928572, '89127267': -0.21875, '89173763': -0.7410714, '89173808': 0.0, 'cluster_1427494838_273472399': 0.0, 'cluster_1757124350_1757124352': 0.0, 'cluster_1863241547_1863241548_1976170214': -1.5133928, 'cluster_306484187_cluster_1200363791_1200363826_1200363834_1200363898_1200363927_1200363938_1200363947_1200364074_1200364103_1507566554_1507566556_255882157_306484190': 0.0, 'gneJ143': -0.9375, 'gneJ207': -0.98214287, 'gneJ208': 0.0, 'gneJ210': 0.0, 'gneJ255': -0.017857144, 'gneJ257': -4.0}, {'1863241632': 8, '2330725114': 9, '243351999': 0, '243641585': 8, '243749571': 24, '30503246': 2, '30624898': 16, '32564122': 1, '89127267': 2, '89173763': 6, '89173808': 0, 'cluster_1427494838_273472399': 0, 'cluster_1757124350_1757124352': 0, 'cluster_1863241547_1863241548_1976170214': 2, 'cluster_306484187_cluster_1200363791_1200363826_1200363834_1200363898_1200363927_1200363938_1200363947_1200364074_1200364103_1507566554_1507566556_255882157_306484190': 0, 'gneJ143': 6, 'gneJ207': 6, 'gneJ208': 0, 'gneJ210': 0, 'gneJ255': 1, 'gneJ257': 27}, {'1863241632': 11, '2330725114': 9, '243351999': 0, '243641585': 11, '243749571': 67, '30503246': 4, '30624898': 38, '32564122': 2, '89127267': 5, '89173763': 6, '89173808': 0, 'cluster_1427494838_273472399': 0, 'cluster_1757124350_1757124352': 0, 'cluster_1863241547_1863241548_1976170214': 5, 'cluster_306484187_cluster_1200363791_1200363826_1200363834_1200363898_1200363927_1200363938_1200363947_1200364074_1200364103_1507566554_1507566556_255882157_306484190': 0, 'gneJ143': 9, 'gneJ207': 7, 'gneJ208': 0, 'gneJ210': 0, 'gneJ255': 1, 'gneJ257': 58}, 
60450.0, {'1863241632': -4.0, '2330725114': -0.35267857, '243351999': 0.0, '243641585': -2.7410715, '243749571': -4.0, '30503246': -0.15178572, '30624898': -4.0, '32564122': -0.14732143, '89127267': 0.0, '89173763': -0.50446427, '89173808': 0.0, 'cluster_1427494838_273472399': 0.0, 'cluster_1757124350_1757124352': -0.04017857, 'cluster_1863241547_1863241548_1976170214': -1.7321428, 'cluster_306484187_cluster_1200363791_1200363826_1200363834_1200363898_1200363927_1200363938_1200363947_1200364074_1200364103_1507566554_1507566556_255882157_306484190': 0.0, 'gneJ143': -0.45089287, 'gneJ207': -0.68303573, 'gneJ208': 0.0, 'gneJ210': 0.0, 'gneJ255': 0.0, 'gneJ257': -4.0}, {'1863241632': 8, '2330725114': 4, '243351999': 0, '243641585': 6, '243749571': 24, '30503246': 1, '30624898': 16, '32564122': 1, '89127267': 0, '89173763': 4, '89173808': 0, 'cluster_1427494838_273472399': 0, 'cluster_1757124350_1757124352': 1, 'cluster_1863241547_1863241548_1976170214': 3, 'cluster_306484187_cluster_1200363791_1200363826_1200363834_1200363898_1200363927_1200363938_1200363947_1200364074_1200364103_1507566554_1507566556_255882157_306484190': 0, 'gneJ143': 3, 'gneJ207': 4, 'gneJ208': 0, 'gneJ210': 0, 'gneJ255': 0, 'gneJ257': 27}, {'1863241632': 11, '2330725114': 4, '243351999': 0, '243641585': 9, '243749571': 68, '30503246': 2, '30624898': 37, '32564122': 2, '89127267': 0, '89173763': 5, '89173808': 0, 'cluster_1427494838_273472399': 0, 'cluster_1757124350_1757124352': 2, 'cluster_1863241547_1863241548_1976170214': 6, 'cluster_306484187_cluster_1200363791_1200363826_1200363834_1200363898_1200363927_1200363938_1200363947_1200364074_1200364103_1507566554_1507566556_255882157_306484190': 0, 'gneJ143': 3, 'gneJ207': 4, 'gneJ208': 0, 'gneJ210': 0, 'gneJ255': 0, 'gneJ257': 58}, 
60460.0, {'1863241632': -4.0, '2330725114': -0.53125, '243351999': 0.0, '243641585': -1.5223215, '243749571': -4.0, '30503246': -0.24107143, '30624898': -4.0, '32564122': -0.24107143, '89127267': -0.05357143, '89173763': -0.6785714, '89173808': 0.0, 'cluster_1427494838_273472399': 0.0, 'cluster_1757124350_1757124352': -0.14732143, 'cluster_1863241547_1863241548_1976170214': -1.9241072, 'cluster_306484187_cluster_1200363791_1200363826_1200363834_1200363898_1200363927_1200363938_1200363947_1200364074_1200364103_1507566554_1507566556_255882157_306484190': 0.0, 'gneJ143': -0.4642857, 'gneJ207': -0.4419643, 'gneJ208': 0.0, 'gneJ210': -0.06696428, 'gneJ255': 0.0, 'gneJ257': -4.0}, {'1863241632': 8, '2330725114': 4, '243351999': 0, '243641585': 3, '243749571': 24, '30503246': 1, '30624898': 16, '32564122': 2, '89127267': 2, '89173763': 5, '89173808': 0, 'cluster_1427494838_273472399': 0, 'cluster_1757124350_1757124352': 2, 'cluster_1863241547_1863241548_1976170214': 3, 'cluster_306484187_cluster_1200363791_1200363826_1200363834_1200363898_1200363927_1200363938_1200363947_1200364074_1200364103_1507566554_1507566556_255882157_306484190': 0, 'gneJ143': 3, 'gneJ207': 3, 'gneJ208': 0, 'gneJ210': 1, 'gneJ255': 0, 'gneJ257': 27}, {'1863241632': 8, '2330725114': 4, '243351999': 0, '243641585': 8, '243749571': 67, '30503246': 2, '30624898': 36, '32564122': 3, '89127267': 3, '89173763': 5, '89173808': 0, 'cluster_1427494838_273472399': 0, 'cluster_1757124350_1757124352': 3, 'cluster_1863241547_1863241548_1976170214': 5, 'cluster_306484187_cluster_1200363791_1200363826_1200363834_1200363898_1200363927_1200363938_1200363947_1200364074_1200364103_1507566554_1507566556_255882157_306484190': 0, 'gneJ143': 6, 'gneJ207': 4, 'gneJ208': 0, 'gneJ210': 2, 'gneJ255': 0, 'gneJ257': 58}, 
60470.0, {'1863241632': -4.0, '2330725114': -0.7098214, '243351999': -0.026785715, '243641585': -1.1919643, '243749571': -4.0, '30503246': -0.004464286, '30624898': -4.0, '32564122': -0.04910714, '89127267': 0.0, '89173763': -0.9464286, '89173808': 0.0, 'cluster_1427494838_273472399': -0.026785715, 'cluster_1757124350_1757124352': 0.0, 'cluster_1863241547_1863241548_1976170214': -2.174107, 'cluster_306484187_cluster_1200363791_1200363826_1200363834_1200363898_1200363927_1200363938_1200363947_1200364074_1200364103_1507566554_1507566556_255882157_306484190': 0.0, 'gneJ143': 0.0, 'gneJ207': -0.07589286, 'gneJ208': 0.0, 'gneJ210': 0.0, 'gneJ255': -0.013392857, 'gneJ257': -4.0}, {'1863241632': 8, '2330725114': 4, '243351999': 1, '243641585': 4, '243749571': 24, '30503246': 1, '30624898': 16, '32564122': 1, '89127267': 0, '89173763': 6, '89173808': 0, 'cluster_1427494838_273472399': 1, 'cluster_1757124350_1757124352': 0, 'cluster_1863241547_1863241548_1976170214': 3, 'cluster_306484187_cluster_1200363791_1200363826_1200363834_1200363898_1200363927_1200363938_1200363947_1200364074_1200364103_1507566554_1507566556_255882157_306484190': 0, 'gneJ143': 0, 'gneJ207': 1, 'gneJ208': 0, 'gneJ210': 0, 'gneJ255': 1, 'gneJ257': 27}, {'1863241632': 9, '2330725114': 4, '243351999': 1, '243641585': 9, '243749571': 67, '30503246': 1, '30624898': 35, '32564122': 1, '89127267': 0, '89173763': 6, '89173808': 0, 'cluster_1427494838_273472399': 1, 'cluster_1757124350_1757124352': 0, 'cluster_1863241547_1863241548_1976170214': 6, 'cluster_306484187_cluster_1200363791_1200363826_1200363834_1200363898_1200363927_1200363938_1200363947_1200364074_1200364103_1507566554_1507566556_255882157_306484190': 0, 'gneJ143': 0, 'gneJ207': 2, 'gneJ208': 0, 'gneJ210': 0, 'gneJ255': 2, 'gneJ257': 59}, 
60480.0, {'1863241632': -4.0, '2330725114': -0.88839287, '243351999': 0.0, '243641585': -1.2098215, '243749571': -4.0, '30503246': -0.04910714, '30624898': -4.0, '32564122': -0.08928572, '89127267': 0.0, '89173763': -1.2276785, '89173808': 0.0, 'cluster_1427494838_273472399': 0.0, 'cluster_1757124350_1757124352': -0.004464286, 'cluster_1863241547_1863241548_1976170214': -2.4419644, 'cluster_306484187_cluster_1200363791_1200363826_1200363834_1200363898_1200363927_1200363938_1200363947_1200364074_1200364103_1507566554_1507566556_255882157_306484190': -0.03125, 'gneJ143': -0.008928572, 'gneJ207': -0.11160714, 'gneJ208': 0.0, 'gneJ210': -0.004464286, 'gneJ255': -0.13392857, 'gneJ257': -4.0}, {'1863241632': 8, '2330725114': 4, '243351999': 0, '243641585': 4, '243749571': 22, '30503246': 1, '30624898': 16, '32564122': 1, '89127267': 0, '89173763': 6, '89173808': 0, 'cluster_1427494838_273472399': 0, 'cluster_1757124350_1757124352': 1, 'cluster_1863241547_1863241548_1976170214': 3, 'cluster_306484187_cluster_1200363791_1200363826_1200363834_1200363898_1200363927_1200363938_1200363947_1200364074_1200364103_1507566554_1507566556_255882157_306484190': 1, 'gneJ143': 1, 'gneJ207': 1, 'gneJ208': 0, 'gneJ210': 1, 'gneJ255': 2, 'gneJ257': 27}, {'1863241632': 10, '2330725114': 4, '243351999': 0, '243641585': 10, '243749571': 62, '30503246': 1, '30624898': 34, '32564122': 3, '89127267': 0, '89173763': 8, '89173808': 0, 'cluster_1427494838_273472399': 0, 'cluster_1757124350_1757124352': 1, 'cluster_1863241547_1863241548_1976170214': 6, 'cluster_306484187_cluster_1200363791_1200363826_1200363834_1200363898_1200363927_1200363938_1200363947_1200364074_1200364103_1507566554_1507566556_255882157_306484190': 1, 'gneJ143': 1, 'gneJ207': 1, 'gneJ208': 0, 'gneJ210': 1, 'gneJ255': 4, 'gneJ257': 59}, 
60490.0, {'1863241632': -4.0, '2330725114': -1.1294643, '243351999': 0.0, '243641585': -1.65625, '243749571': -4.0, '30503246': -0.09375, '30624898': -4.0, '32564122': -0.02232143, '89127267': 0.0, '89173763': -0.96428573, '89173808': 0.0, 'cluster_1427494838_273472399': 0.0, 'cluster_1757124350_1757124352': 0.0, 'cluster_1863241547_1863241548_1976170214': -2.25, 'cluster_306484187_cluster_1200363791_1200363826_1200363834_1200363898_1200363927_1200363938_1200363947_1200364074_1200364103_1507566554_1507566556_255882157_306484190': 0.0, 'gneJ143': -0.12053572, 'gneJ207': -0.15625, 'gneJ208': 0.0, 'gneJ210': 0.0, 'gneJ255': 0.0, 'gneJ257': -4.0}, {'1863241632': 8, '2330725114': 4, '243351999': 0, '243641585': 5, '243749571': 23, '30503246': 1, '30624898': 16, '32564122': 1, '89127267': 0, '89173763': 4, '89173808': 0, 'cluster_1427494838_273472399': 0, 'cluster_1757124350_1757124352': 0, 'cluster_1863241547_1863241548_1976170214': 2, 'cluster_306484187_cluster_1200363791_1200363826_1200363834_1200363898_1200363927_1200363938_1200363947_1200364074_1200364103_1507566554_1507566556_255882157_306484190': 0, 'gneJ143': 4, 'gneJ207': 1, 'gneJ208': 0, 'gneJ210': 0, 'gneJ255': 0, 'gneJ257': 27}, {'1863241632': 11, '2330725114': 8, '243351999': 0, '243641585': 11, '243749571': 64, '30503246': 1, '30624898': 34, '32564122': 1, '89127267': 0, '89173763': 9, '89173808': 0, 'cluster_1427494838_273472399': 0, 'cluster_1757124350_1757124352': 0, 'cluster_1863241547_1863241548_1976170214': 6, 'cluster_306484187_cluster_1200363791_1200363826_1200363834_1200363898_1200363927_1200363938_1200363947_1200364074_1200364103_1507566554_1507566556_255882157_306484190': 0, 'gneJ143': 4, 'gneJ207': 1, 'gneJ208': 0, 'gneJ210': 0, 'gneJ255': 0, 'gneJ257': 59}, 
60500.0, {'1863241632': -4.0, '2330725114': -1.6160715, '243351999': 0.0, '243641585': -1.5044643, '243749571': -4.0, '30503246': 0.0, '30624898': -4.0, '32564122': -0.08928572, '89127267': -0.013392857, '89173763': -1.4196428, '89173808': 0.0, 'cluster_1427494838_273472399': -0.017857144, 'cluster_1757124350_1757124352': 0.0, 'cluster_1863241547_1863241548_1976170214': -0.6964286, 'cluster_306484187_cluster_1200363791_1200363826_1200363834_1200363898_1200363927_1200363938_1200363947_1200364074_1200364103_1507566554_1507566556_255882157_306484190': 0.0, 'gneJ143': -0.05357143, 'gneJ207': -0.09375, 'gneJ208': 0.0, 'gneJ210': -0.084821425, 'gneJ255': -0.026785715, 'gneJ257': -4.0}, {'1863241632': 8, '2330725114': 9, '243351999': 0, '243641585': 6, '243749571': 24, '30503246': 0, '30624898': 16, '32564122': 1, '89127267': 1, '89173763': 5, '89173808': 0, 'cluster_1427494838_273472399': 1, 'cluster_1757124350_1757124352': 0, 'cluster_1863241547_1863241548_1976170214': 2, 'cluster_306484187_cluster_1200363791_1200363826_1200363834_1200363898_1200363927_1200363938_1200363947_1200364074_1200364103_1507566554_1507566556_255882157_306484190': 0, 'gneJ143': 1, 'gneJ207': 4, 'gneJ208': 0, 'gneJ210': 1, 'gneJ255': 1, 'gneJ257': 27}, {'1863241632': 11, '2330725114': 13, '243351999': 0, '243641585': 12, '243749571': 63, '30503246': 0, '30624898': 33, '32564122': 2, '89127267': 1, '89173763': 12, '89173808': 0, 'cluster_1427494838_273472399': 1, 'cluster_1757124350_1757124352': 0, 'cluster_1863241547_1863241548_1976170214': 3, 'cluster_306484187_cluster_1200363791_1200363826_1200363834_1200363898_1200363927_1200363938_1200363947_1200364074_1200364103_1507566554_1507566556_255882157_306484190': 0, 'gneJ143': 1, 'gneJ207': 5, 'gneJ208': 0, 'gneJ210': 2, 'gneJ255': 1, 'gneJ257': 57}, 
60510.0, {'1863241632': -4.0, '2330725114': -2.2901785, '243351999': 0.0, '243641585': -2.1875, '243749571': -4.0, '30503246': -0.013392857, '30624898': -4.0, '32564122': -0.013392857, '89127267': -0.08928572, '89173763': -1.2857143, '89173808': -0.008928572, 'cluster_1427494838_273472399': -0.20535715, 'cluster_1757124350_1757124352': 0.0, 'cluster_1863241547_1863241548_1976170214': -1.0178572, 'cluster_306484187_cluster_1200363791_1200363826_1200363834_1200363898_1200363927_1200363938_1200363947_1200364074_1200364103_1507566554_1507566556_255882157_306484190': -0.013392857, 'gneJ143': -0.09821428, 'gneJ207': -0.3125, 'gneJ208': -0.04017857, 'gneJ210': 0.0, 'gneJ255': -0.071428575, 'gneJ257': -4.0}, {'1863241632': 8, '2330725114': 9, '243351999': 0, '243641585': 7, '243749571': 24, '30503246': 1, '30624898': 16, '32564122': 1, '89127267': 1, '89173763': 5, '89173808': 1, 'cluster_1427494838_273472399': 3, 'cluster_1757124350_1757124352': 0, 'cluster_1863241547_1863241548_1976170214': 3, 'cluster_306484187_cluster_1200363791_1200363826_1200363834_1200363898_1200363927_1200363938_1200363947_1200364074_1200364103_1507566554_1507566556_255882157_306484190': 1, 'gneJ143': 1, 'gneJ207': 5, 'gneJ208': 1, 'gneJ210': 0, 'gneJ255': 1, 'gneJ257': 27}, {'1863241632': 11, '2330725114': 17, '243351999': 0, '243641585': 17, '243749571': 63, '30503246': 1, '30624898': 34, '32564122': 1, '89127267': 2, '89173763': 14, '89173808': 1, 'cluster_1427494838_273472399': 7, 'cluster_1757124350_1757124352': 0, 'cluster_1863241547_1863241548_1976170214': 11, 'cluster_306484187_cluster_1200363791_1200363826_1200363834_1200363898_1200363927_1200363938_1200363947_1200364074_1200364103_1507566554_1507566556_255882157_306484190': 1, 'gneJ143': 1, 'gneJ207': 8, 'gneJ208': 1, 'gneJ210': 0, 'gneJ255': 1, 'gneJ257': 56}, 
60520.0, {'1863241632': -4.0, '2330725114': -2.0669644, '243351999': 0.0, '243641585': -3.1294644, '243749571': -4.0, '30503246': -0.12053572, '30624898': -4.0, '32564122': -0.058035713, '89127267': 0.0, '89173763': -0.875, '89173808': 0.0, 'cluster_1427494838_273472399': 0.0, 'cluster_1757124350_1757124352': 0.0, 'cluster_1863241547_1863241548_1976170214': -1.5535715, 'cluster_306484187_cluster_1200363791_1200363826_1200363834_1200363898_1200363927_1200363938_1200363947_1200364074_1200364103_1507566554_1507566556_255882157_306484190': -0.058035713, 'gneJ143': -0.008928572, 'gneJ207': -0.20089285, 'gneJ208': -0.084821425, 'gneJ210': -0.04910714, 'gneJ255': -0.116071425, 'gneJ257': -4.0}, {'1863241632': 5, '2330725114': 9, '243351999': 0, '243641585': 8, '243749571': 24, '30503246': 2, '30624898': 16, '32564122': 1, '89127267': 0, '89173763': 5, '89173808': 0, 'cluster_1427494838_273472399': 0, 'cluster_1757124350_1757124352': 0, 'cluster_1863241547_1863241548_1976170214': 5, 'cluster_306484187_cluster_1200363791_1200363826_1200363834_1200363898_1200363927_1200363938_1200363947_1200364074_1200364103_1507566554_1507566556_255882157_306484190': 1, 'gneJ143': 1, 'gneJ207': 2, 'gneJ208': 1, 'gneJ210': 1, 'gneJ255': 1, 'gneJ257': 27}, {'1863241632': 8, '2330725114': 13, '243351999': 0, '243641585': 24, '243749571': 64, '30503246': 3, '30624898': 33, '32564122': 1, '89127267': 0, '89173763': 9, '89173808': 0, 'cluster_1427494838_273472399': 0, 'cluster_1757124350_1757124352': 0, 'cluster_1863241547_1863241548_1976170214': 13, 'cluster_306484187_cluster_1200363791_1200363826_1200363834_1200363898_1200363927_1200363938_1200363947_1200364074_1200364103_1507566554_1507566556_255882157_306484190': 1, 'gneJ143': 1, 'gneJ207': 4, 'gneJ208': 1, 'gneJ210': 2, 'gneJ255': 1, 'gneJ257': 59}, 
60530.0, {'1863241632': -1.7008928, '2330725114': -1.5089285, '243351999': -0.017857144, '243641585': -2.6607144, '243749571': -4.0, '30503246': -0.017857144, '30624898': -4.0, '32564122': -0.102678575, '89127267': 0.0, '89173763': -1.2767857, '89173808': 0.0, 'cluster_1427494838_273472399': -0.03125, 'cluster_1757124350_1757124352': 0.0, 'cluster_1863241547_1863241548_1976170214': -2.1830356, 'cluster_306484187_cluster_1200363791_1200363826_1200363834_1200363898_1200363927_1200363938_1200363947_1200364074_1200364103_1507566554_1507566556_255882157_306484190': -0.04464286, 'gneJ143': -0.06696428, 'gneJ207': -0.2767857, 'gneJ208': 0.0, 'gneJ210': 0.0, 'gneJ255': 0.0, 'gneJ257': -4.0}, {'1863241632': 2, '2330725114': 6, '243351999': 1, '243641585': 7, '243749571': 24, '30503246': 1, '30624898': 16, '32564122': 1, '89127267': 0, '89173763': 6, '89173808': 0, 'cluster_1427494838_273472399': 1, 'cluster_1757124350_1757124352': 0, 'cluster_1863241547_1863241548_1976170214': 7, 'cluster_306484187_cluster_1200363791_1200363826_1200363834_1200363898_1200363927_1200363938_1200363947_1200364074_1200364103_1507566554_1507566556_255882157_306484190': 2, 'gneJ143': 1, 'gneJ207': 3, 'gneJ208': 0, 'gneJ210': 0, 'gneJ255': 0, 'gneJ257': 27}, {'1863241632': 5, '2330725114': 8, '243351999': 1, '243641585': 23, '243749571': 64, '30503246': 1, '30624898': 32, '32564122': 1, '89127267': 0, '89173763': 13, '89173808': 0, 'cluster_1427494838_273472399': 2, 'cluster_1757124350_1757124352': 0, 'cluster_1863241547_1863241548_1976170214': 15, 'cluster_306484187_cluster_1200363791_1200363826_1200363834_1200363898_1200363927_1200363938_1200363947_1200364074_1200364103_1507566554_1507566556_255882157_306484190': 3, 'gneJ143': 2, 'gneJ207': 5, 'gneJ208': 0, 'gneJ210': 0, 'gneJ255': 0, 'gneJ257': 59}, 
60540.0, {'1863241632': -1.6830357, '2330725114': -0.96428573, '243351999': -0.10714286, '243641585': -1.9419643, '243749571': -4.0, '30503246': -0.0625, '30624898': -4.0, '32564122': -0.008928572, '89127267': 0.0, '89173763': -1.2991072, '89173808': 0.0, 'cluster_1427494838_273472399': -0.13839285, 'cluster_1757124350_1757124352': 0.0, 'cluster_1863241547_1863241548_1976170214': -2.8526785, 'cluster_306484187_cluster_1200363791_1200363826_1200363834_1200363898_1200363927_1200363938_1200363947_1200364074_1200364103_1507566554_1507566556_255882157_306484190': 0.0, 'gneJ143': 0.0, 'gneJ207': -0.09821428, 'gneJ208': -0.008928572, 'gneJ210': -0.07589286, 'gneJ255': -0.004464286, 'gneJ257': -4.0}, {'1863241632': 3, '2330725114': 7, '243351999': 2, '243641585': 8, '243749571': 24, '30503246': 1, '30624898': 16, '32564122': 1, '89127267': 0, '89173763': 6, '89173808': 0, 'cluster_1427494838_273472399': 1, 'cluster_1757124350_1757124352': 0, 'cluster_1863241547_1863241548_1976170214': 7, 'cluster_306484187_cluster_1200363791_1200363826_1200363834_1200363898_1200363927_1200363938_1200363947_1200364074_1200364103_1507566554_1507566556_255882157_306484190': 0, 'gneJ143': 0, 'gneJ207': 2, 'gneJ208': 1, 'gneJ210': 1, 'gneJ255': 1, 'gneJ257': 27}, {'1863241632': 5, '2330725114': 9, '243351999': 2, '243641585': 20, '243749571': 64, '30503246': 1, '30624898': 32, '32564122': 1, '89127267': 0, '89173763': 8, '89173808': 0, 'cluster_1427494838_273472399': 3, 'cluster_1757124350_1757124352': 0, 'cluster_1863241547_1863241548_1976170214': 15, 'cluster_306484187_cluster_1200363791_1200363826_1200363834_1200363898_1200363927_1200363938_1200363947_1200364074_1200364103_1507566554_1507566556_255882157_306484190': 0, 'gneJ143': 0, 'gneJ207': 2, 'gneJ208': 1, 'gneJ210': 2, 'gneJ255': 1, 'gneJ257': 59}, 
60550.0, {'1863241632': -1.2723215, '2330725114': -0.93303573, '243351999': 0.0, '243641585': -2.732143, '243749571': -4.0, '30503246': -0.10714286, '30624898': -4.0, '32564122': -0.026785715, '89127267': 0.0, '89173763': -0.8973214, '89173808': -0.02232143, 'cluster_1427494838_273472399': -0.27232143, 'cluster_1757124350_1757124352': 0.0, 'cluster_1863241547_1863241548_1976170214': -2.4419644, 'cluster_306484187_cluster_1200363791_1200363826_1200363834_1200363898_1200363927_1200363938_1200363947_1200364074_1200364103_1507566554_1507566556_255882157_306484190': 0.0, 'gneJ143': 0.0, 'gneJ207': -0.20089285, 'gneJ208': 0.0, 'gneJ210': 0.0, 'gneJ255': -0.08035714, 'gneJ257': -4.0}, {'1863241632': 4, '2330725114': 7, '243351999': 0, '243641585': 8, '243749571': 24, '30503246': 1, '30624898': 16, '32564122': 1, '89127267': 0, '89173763': 4, '89173808': 1, 'cluster_1427494838_273472399': 1, 'cluster_1757124350_1757124352': 0, 'cluster_1863241547_1863241548_1976170214': 6, 'cluster_306484187_cluster_1200363791_1200363826_1200363834_1200363898_1200363927_1200363938_1200363947_1200364074_1200364103_1507566554_1507566556_255882157_306484190': 0, 'gneJ143': 0, 'gneJ207': 3, 'gneJ208': 0, 'gneJ210': 0, 'gneJ255': 3, 'gneJ257': 27}, {'1863241632': 4, '2330725114': 8, '243351999': 0, '243641585': 20, '243749571': 63, '30503246': 1, '30624898': 30, '32564122': 1, '89127267': 0, '89173763': 9, '89173808': 1, 'cluster_1427494838_273472399': 3, 'cluster_1757124350_1757124352': 0, 'cluster_1863241547_1863241548_1976170214': 11, 'cluster_306484187_cluster_1200363791_1200363826_1200363834_1200363898_1200363927_1200363938_1200363947_1200364074_1200364103_1507566554_1507566556_255882157_306484190': 0, 'gneJ143': 0, 'gneJ207': 4, 'gneJ208': 0, 'gneJ210': 0, 'gneJ255': 3, 'gneJ257': 59}, 
60560.0, {'1863241632': -0.16964285, '2330725114': -1.2901785, '243351999': 0.0, '243641585': -2.6830356, '243749571': -4.0, '30503246': -0.15178572, '30624898': -4.0, '32564122': -0.071428575, '89127267': -0.026785715, '89173763': -1.3303572, '89173808': -0.06696428, 'cluster_1427494838_273472399': 0.0, 'cluster_1757124350_1757124352': 0.0, 'cluster_1863241547_1863241548_1976170214': -2.4107144, 'cluster_306484187_cluster_1200363791_1200363826_1200363834_1200363898_1200363927_1200363938_1200363947_1200364074_1200364103_1507566554_1507566556_255882157_306484190': 0.0, 'gneJ143': 0.0, 'gneJ207': -0.39732143, 'gneJ208': 0.0, 'gneJ210': 0.0, 'gneJ255': -0.24553572, 'gneJ257': -4.0}, {'1863241632': 2, '2330725114': 7, '243351999': 0, '243641585': 8, '243749571': 24, '30503246': 1, '30624898': 16, '32564122': 1, '89127267': 2, '89173763': 5, '89173808': 1, 'cluster_1427494838_273472399': 0, 'cluster_1757124350_1757124352': 0, 'cluster_1863241547_1863241548_1976170214': 4, 'cluster_306484187_cluster_1200363791_1200363826_1200363834_1200363898_1200363927_1200363938_1200363947_1200364074_1200364103_1507566554_1507566556_255882157_306484190': 0, 'gneJ143': 0, 'gneJ207': 5, 'gneJ208': 0, 'gneJ210': 0, 'gneJ255': 4, 'gneJ257': 27}, {'1863241632': 4, '2330725114': 8, '243351999': 0, '243641585': 15, '243749571': 64, '30503246': 1, '30624898': 34, '32564122': 1, '89127267': 2, '89173763': 11, '89173808': 1, 'cluster_1427494838_273472399': 0, 'cluster_1757124350_1757124352': 0, 'cluster_1863241547_1863241548_1976170214': 9, 'cluster_306484187_cluster_1200363791_1200363826_1200363834_1200363898_1200363927_1200363938_1200363947_1200364074_1200364103_1507566554_1507566556_255882157_306484190': 0, 'gneJ143': 0, 'gneJ207': 5, 'gneJ208': 0, 'gneJ210': 0, 'gneJ255': 4, 'gneJ257': 59}, 
60570.0, {'1863241632': -0.36607143, '2330725114': -1.7053572, '243351999': 0.0, '243641585': -3.1607144, '243749571': -4.0, '30503246': 0.0, '30624898': -4.0, '32564122': -0.116071425, '89127267': -0.19196428, '89173763': -1.9375, '89173808': 0.0, 'cluster_1427494838_273472399': 0.0, 'cluster_1757124350_1757124352': 0.0, 'cluster_1863241547_1863241548_1976170214': -2.5669644, 'cluster_306484187_cluster_1200363791_1200363826_1200363834_1200363898_1200363927_1200363938_1200363947_1200364074_1200364103_1507566554_1507566556_255882157_306484190': -0.04017857, 'gneJ143': 0.0, 'gneJ207': -0.16071428, 'gneJ208': 0.0, 'gneJ210': 0.0, 'gneJ255': -0.42410713, 'gneJ257': -4.0}, {'1863241632': 2, '2330725114': 10, '243351999': 0, '243641585': 8, '243749571': 24, '30503246': 0, '30624898': 16, '32564122': 1, '89127267': 3, '89173763': 6, '89173808': 0, 'cluster_1427494838_273472399': 0, 'cluster_1757124350_1757124352': 0, 'cluster_1863241547_1863241548_1976170214': 7, 'cluster_306484187_cluster_1200363791_1200363826_1200363834_1200363898_1200363927_1200363938_1200363947_1200364074_1200364103_1507566554_1507566556_255882157_306484190': 2, 'gneJ143': 0, 'gneJ207': 2, 'gneJ208': 0, 'gneJ210': 0, 'gneJ255': 4, 'gneJ257': 27}, {'1863241632': 5, '2330725114': 12, '243351999': 0, '243641585': 14, '243749571': 63, '30503246': 0, '30624898': 38, '32564122': 1, '89127267': 4, '89173763': 15, '89173808': 0, 'cluster_1427494838_273472399': 0, 'cluster_1757124350_1757124352': 0, 'cluster_1863241547_1863241548_1976170214': 11, 'cluster_306484187_cluster_1200363791_1200363826_1200363834_1200363898_1200363927_1200363938_1200363947_1200364074_1200364103_1507566554_1507566556_255882157_306484190': 3, 'gneJ143': 0, 'gneJ207': 2, 'gneJ208': 0, 'gneJ210': 0, 'gneJ255': 4, 'gneJ257': 59}, 
60580.0, {'1863241632': -0.3705357, '2330725114': -1.4285715, '243351999': -0.017857144, '243641585': -3.5625, '243749571': -4.0, '30503246': 0.0, '30624898': -4.0, '32564122': 0.0, '89127267': -0.08928572, '89173763': -2.607143, '89173808': -0.03125, 'cluster_1427494838_273472399': 0.0, 'cluster_1757124350_1757124352': 0.0, 'cluster_1863241547_1863241548_1976170214': -2.3660715, 'cluster_306484187_cluster_1200363791_1200363826_1200363834_1200363898_1200363927_1200363938_1200363947_1200364074_1200364103_1507566554_1507566556_255882157_306484190': -0.21428572, 'gneJ143': 0.0, 'gneJ207': 0.0, 'gneJ208': 0.0, 'gneJ210': -0.035714287, 'gneJ255': -0.27232143, 'gneJ257': -4.0}, {'1863241632': 2, '2330725114': 14, '243351999': 1, '243641585': 8, '243749571': 24, '30503246': 0, '30624898': 16, '32564122': 0, '89127267': 1, '89173763': 6, '89173808': 2, 'cluster_1427494838_273472399': 0, 'cluster_1757124350_1757124352': 0, 'cluster_1863241547_1863241548_1976170214': 7, 'cluster_306484187_cluster_1200363791_1200363826_1200363834_1200363898_1200363927_1200363938_1200363947_1200364074_1200364103_1507566554_1507566556_255882157_306484190': 2, 'gneJ143': 0, 'gneJ207': 0, 'gneJ208': 0, 'gneJ210': 1, 'gneJ255': 2, 'gneJ257': 27}, {'1863241632': 3, '2330725114': 14, '243351999': 1, '243641585': 18, '243749571': 63, '30503246': 0, '30624898': 39, '32564122': 0, '89127267': 1, '89173763': 15, '89173808': 3, 'cluster_1427494838_273472399': 0, 'cluster_1757124350_1757124352': 0, 'cluster_1863241547_1863241548_1976170214': 12, 'cluster_306484187_cluster_1200363791_1200363826_1200363834_1200363898_1200363927_1200363938_1200363947_1200364074_1200364103_1507566554_1507566556_255882157_306484190': 4, 'gneJ143': 0, 'gneJ207': 0, 'gneJ208': 0, 'gneJ210': 1, 'gneJ255': 3, 'gneJ257': 56}, 
60590.0, {'1863241632': -0.0625, '2330725114': -1.3169643, '243351999': -0.0625, '243641585': -2.294643, '243749571': -4.0, '30503246': 0.0, '30624898': -4.0, '32564122': -0.035714287, '89127267': -0.013392857, '89173763': -3.3660715, '89173808': -0.16517857, 'cluster_1427494838_273472399': 0.0, 'cluster_1757124350_1757124352': 0.0, 'cluster_1863241547_1863241548_1976170214': -1.7008928, 'cluster_306484187_cluster_1200363791_1200363826_1200363834_1200363898_1200363927_1200363938_1200363947_1200364074_1200364103_1507566554_1507566556_255882157_306484190': -0.39732143, 'gneJ143': 0.0, 'gneJ207': -0.03125, 'gneJ208': 0.0, 'gneJ210': 0.0, 'gneJ255': -0.12053572, 'gneJ257': -4.0}, {'1863241632': 2, '2330725114': 11, '243351999': 1, '243641585': 5, '243749571': 24, '30503246': 0, '30624898': 16, '32564122': 1, '89127267': 1, '89173763': 6, '89173808': 2, 'cluster_1427494838_273472399': 0, 'cluster_1757124350_1757124352': 0, 'cluster_1863241547_1863241548_1976170214': 6, 'cluster_306484187_cluster_1200363791_1200363826_1200363834_1200363898_1200363927_1200363938_1200363947_1200364074_1200364103_1507566554_1507566556_255882157_306484190': 2, 'gneJ143': 0, 'gneJ207': 1, 'gneJ208': 0, 'gneJ210': 0, 'gneJ255': 1, 'gneJ257': 27}, {'1863241632': 3, '2330725114': 11, '243351999': 1, '243641585': 14, '243749571': 64, '30503246': 0, '30624898': 38, '32564122': 1, '89127267': 1, '89173763': 17, '89173808': 3, 'cluster_1427494838_273472399': 0, 'cluster_1757124350_1757124352': 0, 'cluster_1863241547_1863241548_1976170214': 8, 'cluster_306484187_cluster_1200363791_1200363826_1200363834_1200363898_1200363927_1200363938_1200363947_1200364074_1200364103_1507566554_1507566556_255882157_306484190': 5, 'gneJ143': 0, 'gneJ207': 1, 'gneJ208': 0, 'gneJ210': 0, 'gneJ255': 3, 'gneJ257': 53}, 
60600.0, {'1863241632': -0.22767857, '2330725114': -1.0133928, '243351999': 0.0, '243641585': -3.0, '243749571': -4.0, '30503246': -0.008928572, '30624898': -4.0, '32564122': -0.04910714, '89127267': -0.058035713, '89173763': -2.75, '89173808': -0.3169643, 'cluster_1427494838_273472399': -0.017857144, 'cluster_1757124350_1757124352': 0.0, 'cluster_1863241547_1863241548_1976170214': -0.8526786, 'cluster_306484187_cluster_1200363791_1200363826_1200363834_1200363898_1200363927_1200363938_1200363947_1200364074_1200364103_1507566554_1507566556_255882157_306484190': 0.0, 'gneJ143': -0.03125, 'gneJ207': -0.12946428, 'gneJ208': 0.0, 'gneJ210': 0.0, 'gneJ255': -0.2767857, 'gneJ257': -4.0}, {'1863241632': 4, '2330725114': 8, '243351999': 0, '243641585': 5, '243749571': 24, '30503246': 1, '30624898': 16, '32564122': 1, '89127267': 1, '89173763': 7, '89173808': 3, 'cluster_1427494838_273472399': 1, 'cluster_1757124350_1757124352': 0, 'cluster_1863241547_1863241548_1976170214': 2, 'cluster_306484187_cluster_1200363791_1200363826_1200363834_1200363898_1200363927_1200363938_1200363947_1200364074_1200364103_1507566554_1507566556_255882157_306484190': 0, 'gneJ143': 1, 'gneJ207': 2, 'gneJ208': 0, 'gneJ210': 0, 'gneJ255': 2, 'gneJ257': 27}, {'1863241632': 5, '2330725114': 8, '243351999': 0, '243641585': 18, '243749571': 64, '30503246': 1, '30624898': 37, '32564122': 2, '89127267': 1, '89173763': 16, '89173808': 4, 'cluster_1427494838_273472399': 1, 'cluster_1757124350_1757124352': 0, 'cluster_1863241547_1863241548_1976170214': 4, 'cluster_306484187_cluster_1200363791_1200363826_1200363834_1200363898_1200363927_1200363938_1200363947_1200364074_1200364103_1507566554_1507566556_255882157_306484190': 0, 'gneJ143': 1, 'gneJ207': 3, 'gneJ208': 0, 'gneJ210': 0, 'gneJ255': 5, 'gneJ257': 56}, 
60610.0, {'1863241632': -0.52678573, '2330725114': -1.3705357, '243351999': 0.0, '243641585': -2.361607, '243749571': -4.0, '30503246': 0.0, '30624898': -4.0, '32564122': -0.026785715, '89127267': -0.10714286, '89173763': -2.4107144, '89173808': 0.0, 'cluster_1427494838_273472399': -0.08035714, 'cluster_1757124350_1757124352': 0.0, 'cluster_1863241547_1863241548_1976170214': -0.64285713, 'cluster_306484187_cluster_1200363791_1200363826_1200363834_1200363898_1200363927_1200363938_1200363947_1200364074_1200364103_1507566554_1507566556_255882157_306484190': 0.0, 'gneJ143': -0.07589286, 'gneJ207': 0.0, 'gneJ208': -0.035714287, 'gneJ210': 0.0, 'gneJ255': -0.25, 'gneJ257': -4.0}, {'1863241632': 5, '2330725114': 8, '243351999': 0, '243641585': 6, '243749571': 24, '30503246': 0, '30624898': 16, '32564122': 1, '89127267': 1, '89173763': 6, '89173808': 0, 'cluster_1427494838_273472399': 1, 'cluster_1757124350_1757124352': 0, 'cluster_1863241547_1863241548_1976170214': 1, 'cluster_306484187_cluster_1200363791_1200363826_1200363834_1200363898_1200363927_1200363938_1200363947_1200364074_1200364103_1507566554_1507566556_255882157_306484190': 0, 'gneJ143': 1, 'gneJ207': 0, 'gneJ208': 1, 'gneJ210': 0, 'gneJ255': 1, 'gneJ257': 27}, {'1863241632': 7, '2330725114': 8, '243351999': 0, '243641585': 16, '243749571': 64, '30503246': 0, '30624898': 35, '32564122': 1, '89127267': 2, '89173763': 10, '89173808': 0, 'cluster_1427494838_273472399': 2, 'cluster_1757124350_1757124352': 0, 'cluster_1863241547_1863241548_1976170214': 2, 'cluster_306484187_cluster_1200363791_1200363826_1200363834_1200363898_1200363927_1200363938_1200363947_1200364074_1200364103_1507566554_1507566556_255882157_306484190': 0, 'gneJ143': 1, 'gneJ207': 0, 'gneJ208': 1, 'gneJ210': 0, 'gneJ255': 2, 'gneJ257': 59}, 
60620.0, {'1863241632': -0.76339287, '2330725114': -1.5089285, '243351999': 0.0, '243641585': -2.232143, '243749571': -4.0, '30503246': -0.02232143, '30624898': -4.0, '32564122': 0.0, '89127267': 0.0, '89173763': -2.7723215, '89173808': -0.008928572, 'cluster_1427494838_273472399': 0.0, 'cluster_1757124350_1757124352': 0.0, 'cluster_1863241547_1863241548_1976170214': -0.79464287, 'cluster_306484187_cluster_1200363791_1200363826_1200363834_1200363898_1200363927_1200363938_1200363947_1200364074_1200364103_1507566554_1507566556_255882157_306484190': -0.08035714, 'gneJ143': -0.12053572, 'gneJ207': -0.013392857, 'gneJ208': -0.08035714, 'gneJ210': 0.0, 'gneJ255': 0.0, 'gneJ257': -4.0}, {'1863241632': 5, '2330725114': 10, '243351999': 0, '243641585': 6, '243749571': 24, '30503246': 1, '30624898': 16, '32564122': 0, '89127267': 0, '89173763': 6, '89173808': 1, 'cluster_1427494838_273472399': 0, 'cluster_1757124350_1757124352': 0, 'cluster_1863241547_1863241548_1976170214': 2, 'cluster_306484187_cluster_1200363791_1200363826_1200363834_1200363898_1200363927_1200363938_1200363947_1200364074_1200364103_1507566554_1507566556_255882157_306484190': 1, 'gneJ143': 1, 'gneJ207': 1, 'gneJ208': 1, 'gneJ210': 0, 'gneJ255': 0, 'gneJ257': 27}, {'1863241632': 6, '2330725114': 10, '243351999': 0, '243641585': 17, '243749571': 63, '30503246': 1, '30624898': 33, '32564122': 0, '89127267': 0, '89173763': 11, '89173808': 1, 'cluster_1427494838_273472399': 0, 'cluster_1757124350_1757124352': 0, 'cluster_1863241547_1863241548_1976170214': 6, 'cluster_306484187_cluster_1200363791_1200363826_1200363834_1200363898_1200363927_1200363938_1200363947_1200364074_1200364103_1507566554_1507566556_255882157_306484190': 2, 'gneJ143': 1, 'gneJ207': 1, 'gneJ208': 1, 'gneJ210': 0, 'gneJ255': 0, 'gneJ257': 59}, 
60630.0, {'1863241632': -1.09375, '2330725114': -1.4642857, '243351999': -0.035714287, '243641585': -1.5580357, '243749571': -4.0, '30503246': 0.0, '30624898': -4.0, '32564122': -0.013392857, '89127267': -0.017857144, '89173763': -3.3839285, '89173808': 0.0, 'cluster_1427494838_273472399': 0.0, 'cluster_1757124350_1757124352': 0.0, 'cluster_1863241547_1863241548_1976170214': -0.51785713, 'cluster_306484187_cluster_1200363791_1200363826_1200363834_1200363898_1200363927_1200363938_1200363947_1200364074_1200364103_1507566554_1507566556_255882157_306484190': 0.0, 'gneJ143': -0.26785713, 'gneJ207': -0.013392857, 'gneJ208': -0.125, 'gneJ210': 0.0, 'gneJ255': 0.0, 'gneJ257': -4.0}, {'1863241632': 6, '2330725114': 8, '243351999': 1, '243641585': 6, '243749571': 24, '30503246': 0, '30624898': 16, '32564122': 1, '89127267': 1, '89173763': 6, '89173808': 0, 'cluster_1427494838_273472399': 0, 'cluster_1757124350_1757124352': 0, 'cluster_1863241547_1863241548_1976170214': 7, 'cluster_306484187_cluster_1200363791_1200363826_1200363834_1200363898_1200363927_1200363938_1200363947_1200364074_1200364103_1507566554_1507566556_255882157_306484190': 0, 'gneJ143': 2, 'gneJ207': 1, 'gneJ208': 1, 'gneJ210': 0, 'gneJ255': 0, 'gneJ257': 27}, {'1863241632': 9, '2330725114': 11, '243351999': 1, '243641585': 16, '243749571': 63, '30503246': 0, '30624898': 32, '32564122': 2, '89127267': 2, '89173763': 15, '89173808': 0, 'cluster_1427494838_273472399': 0, 'cluster_1757124350_1757124352': 0, 'cluster_1863241547_1863241548_1976170214': 15, 'cluster_306484187_cluster_1200363791_1200363826_1200363834_1200363898_1200363927_1200363938_1200363947_1200364074_1200364103_1507566554_1507566556_255882157_306484190': 0, 'gneJ143': 4, 'gneJ207': 1, 'gneJ208': 1, 'gneJ210': 0, 'gneJ255': 0, 'gneJ257': 58}, 
60640.0, {'1863241632': -1.5625, '2330725114': -1.4419643, '243351999': -0.017857144, '243641585': -2.0357144, '243749571': -4.0, '30503246': -0.017857144, '30624898': -4.0, '32564122': -0.06696428, '89127267': -0.14732143, '89173763': -2.9375, '89173808': 0.0, 'cluster_1427494838_273472399': 0.0, 'cluster_1757124350_1757124352': 0.0, 'cluster_1863241547_1863241548_1976170214': -1.1964285, 'cluster_306484187_cluster_1200363791_1200363826_1200363834_1200363898_1200363927_1200363938_1200363947_1200364074_1200364103_1507566554_1507566556_255882157_306484190': 0.0, 'gneJ143': 0.0, 'gneJ207': 0.0, 'gneJ208': -0.16964285, 'gneJ210': -0.013392857, 'gneJ255': 0.0, 'gneJ257': -4.0}, {'1863241632': 8, '2330725114': 7, '243351999': 1, '243641585': 7, '243749571': 24, '30503246': 1, '30624898': 16, '32564122': 2, '89127267': 2, '89173763': 7, '89173808': 0, 'cluster_1427494838_273472399': 0, 'cluster_1757124350_1757124352': 0, 'cluster_1863241547_1863241548_1976170214': 7, 'cluster_306484187_cluster_1200363791_1200363826_1200363834_1200363898_1200363927_1200363938_1200363947_1200364074_1200364103_1507566554_1507566556_255882157_306484190': 0, 'gneJ143': 0, 'gneJ207': 0, 'gneJ208': 1, 'gneJ210': 1, 'gneJ255': 0, 'gneJ257': 27}, {'1863241632': 12, '2330725114': 7, '243351999': 1, '243641585': 17, '243749571': 64, '30503246': 1, '30624898': 32, '32564122': 2, '89127267': 3, '89173763': 15, '89173808': 0, 'cluster_1427494838_273472399': 0, 'cluster_1757124350_1757124352': 0, 'cluster_1863241547_1863241548_1976170214': 16, 'cluster_306484187_cluster_1200363791_1200363826_1200363834_1200363898_1200363927_1200363938_1200363947_1200364074_1200364103_1507566554_1507566556_255882157_306484190': 0, 'gneJ143': 0, 'gneJ207': 0, 'gneJ208': 1, 'gneJ210': 1, 'gneJ255': 0, 'gneJ257': 58}, 
60650.0, {'1863241632': -1.8616072, '2330725114': -1.4151785, '243351999': -0.0625, '243641585': -2.857143, '243749571': -4.0, '30503246': -0.0625, '30624898': -4.0, '32564122': -0.02232143, '89127267': 0.0, '89173763': -2.5892856, '89173808': 0.0, 'cluster_1427494838_273472399': 0.0, 'cluster_1757124350_1757124352': -0.004464286, 'cluster_1863241547_1863241548_1976170214': -1.9107143, 'cluster_306484187_cluster_1200363791_1200363826_1200363834_1200363898_1200363927_1200363938_1200363947_1200364074_1200364103_1507566554_1507566556_255882157_306484190': 0.0, 'gneJ143': 0.0, 'gneJ207': -0.017857144, 'gneJ208': -0.02232143, 'gneJ210': 0.0, 'gneJ255': 0.0, 'gneJ257': -4.0}, {'1863241632': 9, '2330725114': 7, '243351999': 1, '243641585': 7, '243749571': 24, '30503246': 1, '30624898': 16, '32564122': 1, '89127267': 0, '89173763': 6, '89173808': 0, 'cluster_1427494838_273472399': 0, 'cluster_1757124350_1757124352': 1, 'cluster_1863241547_1863241548_1976170214': 7, 'cluster_306484187_cluster_1200363791_1200363826_1200363834_1200363898_1200363927_1200363938_1200363947_1200364074_1200364103_1507566554_1507566556_255882157_306484190': 0, 'gneJ143': 0, 'gneJ207': 1, 'gneJ208': 2, 'gneJ210': 0, 'gneJ255': 0, 'gneJ257': 27}, {'1863241632': 14, '2330725114': 7, '243351999': 1, '243641585': 20, '243749571': 64, '30503246': 1, '30624898': 34, '32564122': 1, '89127267': 0, '89173763': 12, '89173808': 0, 'cluster_1427494838_273472399': 0, 'cluster_1757124350_1757124352': 1, 'cluster_1863241547_1863241548_1976170214': 17, 'cluster_306484187_cluster_1200363791_1200363826_1200363834_1200363898_1200363927_1200363938_1200363947_1200364074_1200364103_1507566554_1507566556_255882157_306484190': 0, 'gneJ143': 0, 'gneJ207': 1, 'gneJ208': 2, 'gneJ210': 0, 'gneJ255': 0, 'gneJ257': 56}, 
60660.0, {'1863241632': -2.1830356, '2330725114': -0.45535713, '243351999': -0.10714286, '243641585': -2.0714285, '243749571': -4.0, '30503246': 0.0, '30624898': -4.0, '32564122': -0.08928572, '89127267': -0.03125, '89173763': -2.986607, '89173808': 0.0, 'cluster_1427494838_273472399': 0.0, 'cluster_1757124350_1757124352': 0.0, 'cluster_1863241547_1863241548_1976170214': -2.7098215, 'cluster_306484187_cluster_1200363791_1200363826_1200363834_1200363898_1200363927_1200363938_1200363947_1200364074_1200364103_1507566554_1507566556_255882157_306484190': 0.0, 'gneJ143': -0.004464286, 'gneJ207': -0.0625, 'gneJ208': -0.11160714, 'gneJ210': 0.0, 'gneJ255': 0.0, 'gneJ257': -4.0}, {'1863241632': 9, '2330725114': 5, '243351999': 1, '243641585': 6, '243749571': 24, '30503246': 0, '30624898': 16, '32564122': 1, '89127267': 2, '89173763': 6, '89173808': 0, 'cluster_1427494838_273472399': 0, 'cluster_1757124350_1757124352': 0, 'cluster_1863241547_1863241548_1976170214': 7, 'cluster_306484187_cluster_1200363791_1200363826_1200363834_1200363898_1200363927_1200363938_1200363947_1200364074_1200364103_1507566554_1507566556_255882157_306484190': 0, 'gneJ143': 1, 'gneJ207': 1, 'gneJ208': 2, 'gneJ210': 0, 'gneJ255': 0, 'gneJ257': 27}, {'1863241632': 13, '2330725114': 5, '243351999': 1, '243641585': 15, '243749571': 63, '30503246': 0, '30624898': 36, '32564122': 2, '89127267': 2, '89173763': 13, '89173808': 0, 'cluster_1427494838_273472399': 0, 'cluster_1757124350_1757124352': 0, 'cluster_1863241547_1863241548_1976170214': 19, 'cluster_306484187_cluster_1200363791_1200363826_1200363834_1200363898_1200363927_1200363938_1200363947_1200364074_1200364103_1507566554_1507566556_255882157_306484190': 0, 'gneJ143': 1, 'gneJ207': 1, 'gneJ208': 2, 'gneJ210': 0, 'gneJ255': 0, 'gneJ257': 59}, 
60670.0, {'1863241632': -2.767857, '2330725114': -0.68303573, '243351999': 0.0, '243641585': -1.6026785, '243749571': -4.0, '30503246': -0.026785715, '30624898': -4.0, '32564122': -0.026785715, '89127267': 0.0, '89173763': -1.7589285, '89173808': 0.0, 'cluster_1427494838_273472399': 0.0, 'cluster_1757124350_1757124352': 0.0, 'cluster_1863241547_1863241548_1976170214': -3.5089285, 'cluster_306484187_cluster_1200363791_1200363826_1200363834_1200363898_1200363927_1200363938_1200363947_1200364074_1200364103_1507566554_1507566556_255882157_306484190': -0.013392857, 'gneJ143': -0.017857144, 'gneJ207': -0.03125, 'gneJ208': -0.20089285, 'gneJ210': -0.04464286, 'gneJ255': -0.013392857, 'gneJ257': -4.0}, {'1863241632': 9, '2330725114': 6, '243351999': 0, '243641585': 6, '243749571': 24, '30503246': 1, '30624898': 16, '32564122': 1, '89127267': 0, '89173763': 8, '89173808': 0, 'cluster_1427494838_273472399': 0, 'cluster_1757124350_1757124352': 0, 'cluster_1863241547_1863241548_1976170214': 7, 'cluster_306484187_cluster_1200363791_1200363826_1200363834_1200363898_1200363927_1200363938_1200363947_1200364074_1200364103_1507566554_1507566556_255882157_306484190': 1, 'gneJ143': 1, 'gneJ207': 1, 'gneJ208': 2, 'gneJ210': 1, 'gneJ255': 1, 'gneJ257': 27}, {'1863241632': 14, '2330725114': 6, '243351999': 0, '243641585': 9, '243749571': 63, '30503246': 1, '30624898': 38, '32564122': 1, '89127267': 0, '89173763': 13, '89173808': 0, 'cluster_1427494838_273472399': 0, 'cluster_1757124350_1757124352': 0, 'cluster_1863241547_1863241548_1976170214': 20, 'cluster_306484187_cluster_1200363791_1200363826_1200363834_1200363898_1200363927_1200363938_1200363947_1200364074_1200364103_1507566554_1507566556_255882157_306484190': 1, 'gneJ143': 2, 'gneJ207': 1, 'gneJ208': 2, 'gneJ210': 1, 'gneJ255': 1, 'gneJ257': 59}, 
60680.0, {'1863241632': -3.3214285, '2330725114': -0.7098214, '243351999': 0.0, '243641585': -2.0848215, '243749571': -4.0, '30503246': -0.017857144, '30624898': -4.0, '32564122': -0.013392857, '89127267': 0.0, '89173763': -1.9107143, '89173808': 0.0, 'cluster_1427494838_273472399': 0.0, 'cluster_1757124350_1757124352': 0.0, 'cluster_1863241547_1863241548_1976170214': -2.5892856, 'cluster_306484187_cluster_1200363791_1200363826_1200363834_1200363898_1200363927_1200363938_1200363947_1200364074_1200364103_1507566554_1507566556_255882157_306484190': 0.0, 'gneJ143': -0.10714286, 'gneJ207': 0.0, 'gneJ208': -0.39732143, 'gneJ210': 0.0, 'gneJ255': -0.058035713, 'gneJ257': -4.0}, {'1863241632': 9, '2330725114': 8, '243351999': 0, '243641585': 6, '243749571': 24, '30503246': 1, '30624898': 16, '32564122': 1, '89127267': 0, '89173763': 9, '89173808': 0, 'cluster_1427494838_273472399': 0, 'cluster_1757124350_1757124352': 0, 'cluster_1863241547_1863241548_1976170214': 6, 'cluster_306484187_cluster_1200363791_1200363826_1200363834_1200363898_1200363927_1200363938_1200363947_1200364074_1200364103_1507566554_1507566556_255882157_306484190': 0, 'gneJ143': 1, 'gneJ207': 0, 'gneJ208': 5, 'gneJ210': 0, 'gneJ255': 1, 'gneJ257': 27}, {'1863241632': 15, '2330725114': 8, '243351999': 0, '243641585': 12, '243749571': 63, '30503246': 2, '30624898': 37, '32564122': 1, '89127267': 0, '89173763': 12, '89173808': 0, 'cluster_1427494838_273472399': 0, 'cluster_1757124350_1757124352': 0, 'cluster_1863241547_1863241548_1976170214': 14, 'cluster_306484187_cluster_1200363791_1200363826_1200363834_1200363898_1200363927_1200363938_1200363947_1200364074_1200364103_1507566554_1507566556_255882157_306484190': 0, 'gneJ143': 2, 'gneJ207': 0, 'gneJ208': 5, 'gneJ210': 0, 'gneJ255': 1, 'gneJ257': 59}, 
60690.0, {'1863241632': -4.0, '2330725114': -0.56696427, '243351999': 0.0, '243641585': -2.2901785, '243749571': -4.0, '30503246': -0.017857144, '30624898': -4.0, '32564122': -0.14732143, '89127267': 0.0, '89173763': -2.2901785, '89173808': 0.0, 'cluster_1427494838_273472399': 0.0, 'cluster_1757124350_1757124352': 0.0, 'cluster_1863241547_1863241548_1976170214': -2.3348215, 'cluster_306484187_cluster_1200363791_1200363826_1200363834_1200363898_1200363927_1200363938_1200363947_1200364074_1200364103_1507566554_1507566556_255882157_306484190': 0.0, 'gneJ143': -0.21428572, 'gneJ207': -0.013392857, 'gneJ208': -0.15178572, 'gneJ210': -0.013392857, 'gneJ255': -0.09821428, 'gneJ257': -4.0}, {'1863241632': 9, '2330725114': 6, '243351999': 0, '243641585': 6, '243749571': 24, '30503246': 1, '30624898': 16, '32564122': 2, '89127267': 0, '89173763': 7, '89173808': 0, 'cluster_1427494838_273472399': 0, 'cluster_1757124350_1757124352': 0, 'cluster_1863241547_1863241548_1976170214': 4, 'cluster_306484187_cluster_1200363791_1200363826_1200363834_1200363898_1200363927_1200363938_1200363947_1200364074_1200364103_1507566554_1507566556_255882157_306484190': 0, 'gneJ143': 2, 'gneJ207': 1, 'gneJ208': 2, 'gneJ210': 1, 'gneJ255': 2, 'gneJ257': 27}, {'1863241632': 18, '2330725114': 6, '243351999': 0, '243641585': 11, '243749571': 63, '30503246': 1, '30624898': 36, '32564122': 5, '89127267': 0, '89173763': 15, '89173808': 0, 'cluster_1427494838_273472399': 0, 'cluster_1757124350_1757124352': 0, 'cluster_1863241547_1863241548_1976170214': 13, 'cluster_306484187_cluster_1200363791_1200363826_1200363834_1200363898_1200363927_1200363938_1200363947_1200364074_1200364103_1507566554_1507566556_255882157_306484190': 0, 'gneJ143': 4, 'gneJ207': 1, 'gneJ208': 2, 'gneJ210': 1, 'gneJ255': 5, 'gneJ257': 58}, 
60700.0, {'1863241632': -4.0, '2330725114': -0.87053573, '243351999': -0.02232143, '243641585': -2.392857, '243749571': -4.0, '30503246': 0.0, '30624898': -4.0, '32564122': -0.4107143, '89127267': 0.0, '89173763': -2.9598215, '89173808': 0.0, 'cluster_1427494838_273472399': -0.017857144, 'cluster_1757124350_1757124352': -0.02232143, 'cluster_1863241547_1863241548_1976170214': -2.674107, 'cluster_306484187_cluster_1200363791_1200363826_1200363834_1200363898_1200363927_1200363938_1200363947_1200364074_1200364103_1507566554_1507566556_255882157_306484190': 0.0, 'gneJ143': 0.0, 'gneJ207': -0.058035713, 'gneJ208': 0.0, 'gneJ210': 0.0, 'gneJ255': 0.0, 'gneJ257': -4.0}, {'1863241632': 9, '2330725114': 7, '243351999': 1, '243641585': 6, '243749571': 24, '30503246': 0, '30624898': 16, '32564122': 3, '89127267': 0, '89173763': 7, '89173808': 0, 'cluster_1427494838_273472399': 1, 'cluster_1757124350_1757124352': 1, 'cluster_1863241547_1863241548_1976170214': 7, 'cluster_306484187_cluster_1200363791_1200363826_1200363834_1200363898_1200363927_1200363938_1200363947_1200364074_1200364103_1507566554_1507566556_255882157_306484190': 0, 'gneJ143': 0, 'gneJ207': 1, 'gneJ208': 0, 'gneJ210': 0, 'gneJ255': 0, 'gneJ257': 27}, {'1863241632': 18, '2330725114': 8, '243351999': 1, '243641585': 9, '243749571': 64, '30503246': 0, '30624898': 35, '32564122': 6, '89127267': 0, '89173763': 15, '89173808': 0, 'cluster_1427494838_273472399': 1, 'cluster_1757124350_1757124352': 1, 'cluster_1863241547_1863241548_1976170214': 16, 'cluster_306484187_cluster_1200363791_1200363826_1200363834_1200363898_1200363927_1200363938_1200363947_1200364074_1200364103_1507566554_1507566556_255882157_306484190': 0, 'gneJ143': 0, 'gneJ207': 1, 'gneJ208': 0, 'gneJ210': 0, 'gneJ255': 0, 'gneJ257': 56}, 
60710.0, {'1863241632': -4.0, '2330725114': -1.0446428, '243351999': 0.0, '243641585': -2.8482144, '243749571': -4.0, '30503246': 0.0, '30624898': -4.0, '32564122': 0.0, '89127267': 0.0, '89173763': -3.6294644, '89173808': -0.04464286, 'cluster_1427494838_273472399': 0.0, 'cluster_1757124350_1757124352': -0.06696428, 'cluster_1863241547_1863241548_1976170214': -3.2589285, 'cluster_306484187_cluster_1200363791_1200363826_1200363834_1200363898_1200363927_1200363938_1200363947_1200364074_1200364103_1507566554_1507566556_255882157_306484190': 0.0, 'gneJ143': 0.0, 'gneJ207': -0.102678575, 'gneJ208': 0.0, 'gneJ210': -0.04017857, 'gneJ255': -0.026785715, 'gneJ257': -4.0}, {'1863241632': 9, '2330725114': 10, '243351999': 0, '243641585': 6, '243749571': 24, '30503246': 0, '30624898': 16, '32564122': 0, '89127267': 0, '89173763': 7, '89173808': 1, 'cluster_1427494838_273472399': 0, 'cluster_1757124350_1757124352': 1, 'cluster_1863241547_1863241548_1976170214': 7, 'cluster_306484187_cluster_1200363791_1200363826_1200363834_1200363898_1200363927_1200363938_1200363947_1200364074_1200364103_1507566554_1507566556_255882157_306484190': 0, 'gneJ143': 0, 'gneJ207': 1, 'gneJ208': 0, 'gneJ210': 1, 'gneJ255': 1, 'gneJ257': 27}, {'1863241632': 16, '2330725114': 10, '243351999': 0, '243641585': 13, '243749571': 64, '30503246': 0, '30624898': 35, '32564122': 0, '89127267': 0, '89173763': 15, '89173808': 2, 'cluster_1427494838_273472399': 0, 'cluster_1757124350_1757124352': 1, 'cluster_1863241547_1863241548_1976170214': 16, 'cluster_306484187_cluster_1200363791_1200363826_1200363834_1200363898_1200363927_1200363938_1200363947_1200364074_1200364103_1507566554_1507566556_255882157_306484190': 0, 'gneJ143': 0, 'gneJ207': 1, 'gneJ208': 0, 'gneJ210': 2, 'gneJ255': 1, 'gneJ257': 58}, 
60720.0, {'1863241632': -4.0, '2330725114': -0.8035714, '243351999': 0.0, '243641585': -1.7544643, '243749571': -4.0, '30503246': 0.0, '30624898': -4.0, '32564122': -0.04017857, '89127267': 0.0, '89173763': -4.0, '89173808': -0.16071428, 'cluster_1427494838_273472399': 0.0, 'cluster_1757124350_1757124352': -0.11160714, 'cluster_1863241547_1863241548_1976170214': -2.46875, 'cluster_306484187_cluster_1200363791_1200363826_1200363834_1200363898_1200363927_1200363938_1200363947_1200364074_1200364103_1507566554_1507566556_255882157_306484190': 0.0, 'gneJ143': 0.0, 'gneJ207': -0.14732143, 'gneJ208': 0.0, 'gneJ210': 0.0, 'gneJ255': -0.071428575, 'gneJ257': -4.0}, {'1863241632': 9, '2330725114': 7, '243351999': 0, '243641585': 4, '243749571': 24, '30503246': 0, '30624898': 16, '32564122': 1, '89127267': 0, '89173763': 7, '89173808': 2, 'cluster_1427494838_273472399': 0, 'cluster_1757124350_1757124352': 1, 'cluster_1863241547_1863241548_1976170214': 6, 'cluster_306484187_cluster_1200363791_1200363826_1200363834_1200363898_1200363927_1200363938_1200363947_1200364074_1200364103_1507566554_1507566556_255882157_306484190': 0, 'gneJ143': 0, 'gneJ207': 1, 'gneJ208': 0, 'gneJ210': 0, 'gneJ255': 1, 'gneJ257': 27}, {'1863241632': 20, '2330725114': 7, '243351999': 0, '243641585': 12, '243749571': 64, '30503246': 0, '30624898': 35, '32564122': 2, '89127267': 0, '89173763': 15, '89173808': 3, 'cluster_1427494838_273472399': 0, 'cluster_1757124350_1757124352': 1, 'cluster_1863241547_1863241548_1976170214': 14, 'cluster_306484187_cluster_1200363791_1200363826_1200363834_1200363898_1200363927_1200363938_1200363947_1200364074_1200364103_1507566554_1507566556_255882157_306484190': 0, 'gneJ143': 0, 'gneJ207': 1, 'gneJ208': 0, 'gneJ210': 0, 'gneJ255': 1, 'gneJ257': 58}, 
60730.0, {'1863241632': -4.0, '2330725114': -1.1160715, '243351999': 0.0, '243641585': -1.7366072, '243749571': -4.0, '30503246': -0.013392857, '30624898': -4.0, '32564122': -0.12946428, '89127267': -0.013392857, '89173763': -4.0, '89173808': -0.03125, 'cluster_1427494838_273472399': 0.0, 'cluster_1757124350_1757124352': 0.0, 'cluster_1863241547_1863241548_1976170214': -1.6383928, 'cluster_306484187_cluster_1200363791_1200363826_1200363834_1200363898_1200363927_1200363938_1200363947_1200364074_1200364103_1507566554_1507566556_255882157_306484190': 0.0, 'gneJ143': 0.0, 'gneJ207': -0.19196428, 'gneJ208': 0.0, 'gneJ210': -0.02232143, 'gneJ255': 0.0, 'gneJ257': -4.0}, {'1863241632': 8, '2330725114': 7, '243351999': 0, '243641585': 3, '243749571': 24, '30503246': 1, '30624898': 16, '32564122': 1, '89127267': 1, '89173763': 7, '89173808': 1, 'cluster_1427494838_273472399': 0, 'cluster_1757124350_1757124352': 0, 'cluster_1863241547_1863241548_1976170214': 4, 'cluster_306484187_cluster_1200363791_1200363826_1200363834_1200363898_1200363927_1200363938_1200363947_1200364074_1200364103_1507566554_1507566556_255882157_306484190': 0, 'gneJ143': 0, 'gneJ207': 1, 'gneJ208': 0, 'gneJ210': 1, 'gneJ255': 0, 'gneJ257': 27}, {'1863241632': 19, '2330725114': 7, '243351999': 0, '243641585': 7, '243749571': 64, '30503246': 1, '30624898': 34, '32564122': 2, '89127267': 1, '89173763': 15, '89173808': 1, 'cluster_1427494838_273472399': 0, 'cluster_1757124350_1757124352': 0, 'cluster_1863241547_1863241548_1976170214': 11, 'cluster_306484187_cluster_1200363791_1200363826_1200363834_1200363898_1200363927_1200363938_1200363947_1200364074_1200364103_1507566554_1507566556_255882157_306484190': 0, 'gneJ143': 0, 'gneJ207': 1, 'gneJ208': 0, 'gneJ210': 2, 'gneJ255': 0, 'gneJ257': 59}, 
60740.0, {'1863241632': -4.0, '2330725114': -1.5758928, '243351999': 0.0, '243641585': -1.8214285, '243749571': -4.0, '30503246': -0.058035713, '30624898': -4.0, '32564122': 0.0, '89127267': 0.0, '89173763': -4.0, '89173808': -0.017857144, 'cluster_1427494838_273472399': -0.03125, 'cluster_1757124350_1757124352': 0.0, 'cluster_1863241547_1863241548_1976170214': -1.1741072, 'cluster_306484187_cluster_1200363791_1200363826_1200363834_1200363898_1200363927_1200363938_1200363947_1200364074_1200364103_1507566554_1507566556_255882157_306484190': 0.0, 'gneJ143': -0.008928572, 'gneJ207': 0.0, 'gneJ208': -0.008928572, 'gneJ210': 0.0, 'gneJ255': -0.09821428, 'gneJ257': -4.0}, {'1863241632': 11, '2330725114': 10, '243351999': 0, '243641585': 4, '243749571': 24, '30503246': 1, '30624898': 16, '32564122': 0, '89127267': 0, '89173763': 7, '89173808': 1, 'cluster_1427494838_273472399': 1, 'cluster_1757124350_1757124352': 0, 'cluster_1863241547_1863241548_1976170214': 4, 'cluster_306484187_cluster_1200363791_1200363826_1200363834_1200363898_1200363927_1200363938_1200363947_1200364074_1200364103_1507566554_1507566556_255882157_306484190': 0, 'gneJ143': 1, 'gneJ207': 0, 'gneJ208': 1, 'gneJ210': 0, 'gneJ255': 2, 'gneJ257': 27}, {'1863241632': 23, '2330725114': 13, '243351999': 0, '243641585': 6, '243749571': 64, '30503246': 1, '30624898': 38, '32564122': 0, '89127267': 0, '89173763': 13, '89173808': 1, 'cluster_1427494838_273472399': 1, 'cluster_1757124350_1757124352': 0, 'cluster_1863241547_1863241548_1976170214': 9, 'cluster_306484187_cluster_1200363791_1200363826_1200363834_1200363898_1200363927_1200363938_1200363947_1200364074_1200364103_1507566554_1507566556_255882157_306484190': 0, 'gneJ143': 2, 'gneJ207': 0, 'gneJ208': 1, 'gneJ210': 0, 'gneJ255': 4, 'gneJ257': 59}, 
60750.0, {'1863241632': -4.0, '2330725114': -1.3482143, '243351999': 0.0, '243641585': -2.0892856, '243749571': -4.0, '30503246': 0.0, '30624898': -4.0, '32564122': -0.013392857, '89127267': 0.0, '89173763': -3.205357, '89173808': -0.0625, 'cluster_1427494838_273472399': -0.084821425, 'cluster_1757124350_1757124352': 0.0, 'cluster_1863241547_1863241548_1976170214': -0.73214287, 'cluster_306484187_cluster_1200363791_1200363826_1200363834_1200363898_1200363927_1200363938_1200363947_1200364074_1200364103_1507566554_1507566556_255882157_306484190': -0.026785715, 'gneJ143': -0.15178572, 'gneJ207': -0.03125, 'gneJ208': -0.017857144, 'gneJ210': 0.0, 'gneJ255': -0.08035714, 'gneJ257': -4.0}, {'1863241632': 11, '2330725114': 12, '243351999': 0, '243641585': 4, '243749571': 24, '30503246': 0, '30624898': 16, '32564122': 1, '89127267': 0, '89173763': 6, '89173808': 1, 'cluster_1427494838_273472399': 1, 'cluster_1757124350_1757124352': 0, 'cluster_1863241547_1863241548_1976170214': 3, 'cluster_306484187_cluster_1200363791_1200363826_1200363834_1200363898_1200363927_1200363938_1200363947_1200364074_1200364103_1507566554_1507566556_255882157_306484190': 1, 'gneJ143': 1, 'gneJ207': 2, 'gneJ208': 1, 'gneJ210': 0, 'gneJ255': 1, 'gneJ257': 27}, {'1863241632': 21, '2330725114': 15, '243351999': 0, '243641585': 6, '243749571': 64, '30503246': 0, '30624898': 40, '32564122': 1, '89127267': 0, '89173763': 12, '89173808': 1, 'cluster_1427494838_273472399': 2, 'cluster_1757124350_1757124352': 0, 'cluster_1863241547_1863241548_1976170214': 9, 'cluster_306484187_cluster_1200363791_1200363826_1200363834_1200363898_1200363927_1200363938_1200363947_1200364074_1200364103_1507566554_1507566556_255882157_306484190': 1, 'gneJ143': 4, 'gneJ207': 2, 'gneJ208': 1, 'gneJ210': 0, 'gneJ255': 2, 'gneJ257': 59}, 
60760.0, {'1863241632': -4.0, '2330725114': -2.017857, '243351999': 0.0, '243641585': -2.357143, '243749571': -4.0, '30503246': -0.013392857, '30624898': -4.0, '32564122': -0.071428575, '89127267': 0.0, '89173763': -2.1026785, '89173808': -0.013392857, 'cluster_1427494838_273472399': 0.0, 'cluster_1757124350_1757124352': 0.0, 'cluster_1863241547_1863241548_1976170214': -1.2098215, 'cluster_306484187_cluster_1200363791_1200363826_1200363834_1200363898_1200363927_1200363938_1200363947_1200364074_1200364103_1507566554_1507566556_255882157_306484190': 0.0, 'gneJ143': 0.0, 'gneJ207': -0.12053572, 'gneJ208': -0.0625, 'gneJ210': 0.0, 'gneJ255': 0.0, 'gneJ257': -4.0}, {'1863241632': 12, '2330725114': 12, '243351999': 0, '243641585': 4, '243749571': 24, '30503246': 1, '30624898': 16, '32564122': 2, '89127267': 0, '89173763': 6, '89173808': 1, 'cluster_1427494838_273472399': 0, 'cluster_1757124350_1757124352': 0, 'cluster_1863241547_1863241548_1976170214': 6, 'cluster_306484187_cluster_1200363791_1200363826_1200363834_1200363898_1200363927_1200363938_1200363947_1200364074_1200364103_1507566554_1507566556_255882157_306484190': 0, 'gneJ143': 0, 'gneJ207': 2, 'gneJ208': 1, 'gneJ210': 0, 'gneJ255': 0, 'gneJ257': 27}, {'1863241632': 24, '2330725114': 15, '243351999': 0, '243641585': 6, '243749571': 63, '30503246': 1, '30624898': 38, '32564122': 3, '89127267': 0, '89173763': 8, '89173808': 1, 'cluster_1427494838_273472399': 0, 'cluster_1757124350_1757124352': 0, 'cluster_1863241547_1863241548_1976170214': 12, 'cluster_306484187_cluster_1200363791_1200363826_1200363834_1200363898_1200363927_1200363938_1200363947_1200364074_1200364103_1507566554_1507566556_255882157_306484190': 0, 'gneJ143': 0, 'gneJ207': 2, 'gneJ208': 1, 'gneJ210': 0, 'gneJ255': 0, 'gneJ257': 59}, 
60770.0, {'1863241632': -4.0, '2330725114': -1.8973215, '243351999': 0.0, '243641585': -2.0535715, '243749571': -4.0, '30503246': 0.0, '30624898': -4.0, '32564122': 0.0, '89127267': -0.017857144, '89173763': -1.46875, '89173808': -0.058035713, 'cluster_1427494838_273472399': 0.0, 'cluster_1757124350_1757124352': -0.02232143, 'cluster_1863241547_1863241548_1976170214': -1.7946428, 'cluster_306484187_cluster_1200363791_1200363826_1200363834_1200363898_1200363927_1200363938_1200363947_1200364074_1200364103_1507566554_1507566556_255882157_306484190': 0.0, 'gneJ143': 0.0, 'gneJ207': -0.20982143, 'gneJ208': -0.15625, 'gneJ210': 0.0, 'gneJ255': 0.0, 'gneJ257': -4.0}, {'1863241632': 11, '2330725114': 11, '243351999': 0, '243641585': 4, '243749571': 24, '30503246': 0, '30624898': 16, '32564122': 0, '89127267': 1, '89173763': 4, '89173808': 1, 'cluster_1427494838_273472399': 0, 'cluster_1757124350_1757124352': 1, 'cluster_1863241547_1863241548_1976170214': 6, 'cluster_306484187_cluster_1200363791_1200363826_1200363834_1200363898_1200363927_1200363938_1200363947_1200364074_1200364103_1507566554_1507566556_255882157_306484190': 0, 'gneJ143': 0, 'gneJ207': 2, 'gneJ208': 4, 'gneJ210': 0, 'gneJ255': 0, 'gneJ257': 27}, {'1863241632': 23, '2330725114': 11, '243351999': 0, '243641585': 4, '243749571': 63, '30503246': 0, '30624898': 36, '32564122': 0, '89127267': 1, '89173763': 7, '89173808': 1, 'cluster_1427494838_273472399': 0, 'cluster_1757124350_1757124352': 3, 'cluster_1863241547_1863241548_1976170214': 14, 'cluster_306484187_cluster_1200363791_1200363826_1200363834_1200363898_1200363927_1200363938_1200363947_1200364074_1200364103_1507566554_1507566556_255882157_306484190': 0, 'gneJ143': 0, 'gneJ207': 2, 'gneJ208': 4, 'gneJ210': 0, 'gneJ255': 0, 'gneJ257': 57}, 
60780.0, {'1863241632': -4.0, '2330725114': -2.0580356, '243351999': 0.0, '243641585': -2.3526785, '243749571': -4.0, '30503246': -0.02232143, '30624898': -4.0, '32564122': 0.0, '89127267': -0.08035714, '89173763': -1.8616072, '89173808': -0.102678575, 'cluster_1427494838_273472399': -0.035714287, 'cluster_1757124350_1757124352': 0.0, 'cluster_1863241547_1863241548_1976170214': -2.4375, 'cluster_306484187_cluster_1200363791_1200363826_1200363834_1200363898_1200363927_1200363938_1200363947_1200364074_1200364103_1507566554_1507566556_255882157_306484190': 0.0, 'gneJ143': -0.15625, 'gneJ207': -0.29910713, 'gneJ208': -0.33482143, 'gneJ210': -0.03125, 'gneJ255': 0.0, 'gneJ257': -4.0}, {'1863241632': 10, '2330725114': 10, '243351999': 0, '243641585': 6, '243749571': 24, '30503246': 1, '30624898': 16, '32564122': 0, '89127267': 1, '89173763': 6, '89173808': 1, 'cluster_1427494838_273472399': 2, 'cluster_1757124350_1757124352': 0, 'cluster_1863241547_1863241548_1976170214': 6, 'cluster_306484187_cluster_1200363791_1200363826_1200363834_1200363898_1200363927_1200363938_1200363947_1200364074_1200364103_1507566554_1507566556_255882157_306484190': 0, 'gneJ143': 2, 'gneJ207': 2, 'gneJ208': 4, 'gneJ210': 1, 'gneJ255': 0, 'gneJ257': 27}, {'1863241632': 19, '2330725114': 10, '243351999': 0, '243641585': 9, '243749571': 64, '30503246': 1, '30624898': 35, '32564122': 0, '89127267': 2, '89173763': 11, '89173808': 1, 'cluster_1427494838_273472399': 3, 'cluster_1757124350_1757124352': 0, 'cluster_1863241547_1863241548_1976170214': 15, 'cluster_306484187_cluster_1200363791_1200363826_1200363834_1200363898_1200363927_1200363938_1200363947_1200364074_1200364103_1507566554_1507566556_255882157_306484190': 0, 'gneJ143': 6, 'gneJ207': 2, 'gneJ208': 4, 'gneJ210': 2, 'gneJ255': 0, 'gneJ257': 55}, 
60790.0, {'1863241632': -3.6205356, '2330725114': -2.544643, '243351999': 0.0, '243641585': -1.1651785, '243749571': -4.0, '30503246': 0.0, '30624898': -4.0, '32564122': -0.058035713, '89127267': 0.0, '89173763': -1.53125, '89173808': 0.0, 'cluster_1427494838_273472399': 0.0, 'cluster_1757124350_1757124352': -0.026785715, 'cluster_1863241547_1863241548_1976170214': -2.705357, 'cluster_306484187_cluster_1200363791_1200363826_1200363834_1200363898_1200363927_1200363938_1200363947_1200364074_1200364103_1507566554_1507566556_255882157_306484190': -0.026785715, 'gneJ143': 0.0, 'gneJ207': -0.19196428, 'gneJ208': -0.51339287, 'gneJ210': -0.15178572, 'gneJ255': 0.0, 'gneJ257': -4.0}, {'1863241632': 9, '2330725114': 13, '243351999': 0, '243641585': 4, '243749571': 24, '30503246': 0, '30624898': 16, '32564122': 1, '89127267': 0, '89173763': 6, '89173808': 0, 'cluster_1427494838_273472399': 0, 'cluster_1757124350_1757124352': 1, 'cluster_1863241547_1863241548_1976170214': 6, 'cluster_306484187_cluster_1200363791_1200363826_1200363834_1200363898_1200363927_1200363938_1200363947_1200364074_1200364103_1507566554_1507566556_255882157_306484190': 1, 'gneJ143': 0, 'gneJ207': 1, 'gneJ208': 4, 'gneJ210': 2, 'gneJ255': 0, 'gneJ257': 27}, {'1863241632': 15, '2330725114': 13, '243351999': 0, '243641585': 7, '243749571': 63, '30503246': 0, '30624898': 35, '32564122': 2, '89127267': 0, '89173763': 7, '89173808': 0, 'cluster_1427494838_273472399': 0, 'cluster_1757124350_1757124352': 1, 'cluster_1863241547_1863241548_1976170214': 15, 'cluster_306484187_cluster_1200363791_1200363826_1200363834_1200363898_1200363927_1200363938_1200363947_1200364074_1200364103_1507566554_1507566556_255882157_306484190': 1, 'gneJ143': 0, 'gneJ207': 1, 'gneJ208': 4, 'gneJ210': 3, 'gneJ255': 0, 'gneJ257': 59}, 
60800.0, {'1863241632': -4.0, '2330725114': -2.3125, '243351999': 0.0, '243641585': -1.2857143, '243749571': -4.0, '30503246': -0.035714287, '30624898': -4.0, '32564122': 0.0, '89127267': 0.0, '89173763': -0.8348214, '89173808': 0.0, 'cluster_1427494838_273472399': -0.02232143, 'cluster_1757124350_1757124352': 0.0, 'cluster_1863241547_1863241548_1976170214': -1.8616072, 'cluster_306484187_cluster_1200363791_1200363826_1200363834_1200363898_1200363927_1200363938_1200363947_1200364074_1200364103_1507566554_1507566556_255882157_306484190': -0.071428575, 'gneJ143': -0.0625, 'gneJ207': -0.2544643, 'gneJ208': -0.70089287, 'gneJ210': 0.0, 'gneJ255': -0.013392857, 'gneJ257': -4.0}, {'1863241632': 12, '2330725114': 12, '243351999': 0, '243641585': 4, '243749571': 24, '30503246': 1, '30624898': 16, '32564122': 0, '89127267': 0, '89173763': 4, '89173808': 0, 'cluster_1427494838_273472399': 1, 'cluster_1757124350_1757124352': 0, 'cluster_1863241547_1863241548_1976170214': 4, 'cluster_306484187_cluster_1200363791_1200363826_1200363834_1200363898_1200363927_1200363938_1200363947_1200364074_1200364103_1507566554_1507566556_255882157_306484190': 1, 'gneJ143': 2, 'gneJ207': 2, 'gneJ208': 5, 'gneJ210': 0, 'gneJ255': 1, 'gneJ257': 27}, {'1863241632': 15, '2330725114': 12, '243351999': 0, '243641585': 7, '243749571': 63, '30503246': 2, '30624898': 35, '32564122': 0, '89127267': 0, '89173763': 8, '89173808': 0, 'cluster_1427494838_273472399': 1, 'cluster_1757124350_1757124352': 0, 'cluster_1863241547_1863241548_1976170214': 9, 'cluster_306484187_cluster_1200363791_1200363826_1200363834_1200363898_1200363927_1200363938_1200363947_1200364074_1200364103_1507566554_1507566556_255882157_306484190': 1, 'gneJ143': 3, 'gneJ207': 2, 'gneJ208': 5, 'gneJ210': 0, 'gneJ255': 1, 'gneJ257': 55}, 
60810.0, {'1863241632': -3.982143, '2330725114': -1.8660715, '243351999': 0.0, '243641585': -0.57589287, '243749571': -4.0, '30503246': -0.07589286, '30624898': -4.0, '32564122': 0.0, '89127267': 0.0, '89173763': -1.2410715, '89173808': 0.0, 'cluster_1427494838_273472399': 0.0, 'cluster_1757124350_1757124352': 0.0, 'cluster_1863241547_1863241548_1976170214': -1.3214285, 'cluster_306484187_cluster_1200363791_1200363826_1200363834_1200363898_1200363927_1200363938_1200363947_1200364074_1200364103_1507566554_1507566556_255882157_306484190': -0.116071425, 'gneJ143': 0.0, 'gneJ207': -0.06696428, 'gneJ208': -0.92410713, 'gneJ210': 0.0, 'gneJ255': 0.0, 'gneJ257': -4.0}, {'1863241632': 11, '2330725114': 10, '243351999': 0, '243641585': 2, '243749571': 24, '30503246': 1, '30624898': 16, '32564122': 0, '89127267': 0, '89173763': 5, '89173808': 0, 'cluster_1427494838_273472399': 0, 'cluster_1757124350_1757124352': 0, 'cluster_1863241547_1863241548_1976170214': 3, 'cluster_306484187_cluster_1200363791_1200363826_1200363834_1200363898_1200363927_1200363938_1200363947_1200364074_1200364103_1507566554_1507566556_255882157_306484190': 1, 'gneJ143': 0, 'gneJ207': 2, 'gneJ208': 5, 'gneJ210': 0, 'gneJ255': 0, 'gneJ257': 27}, {'1863241632': 14, '2330725114': 10, '243351999': 0, '243641585': 7, '243749571': 65, '30503246': 1, '30624898': 34, '32564122': 0, '89127267': 0, '89173763': 10, '89173808': 0, 'cluster_1427494838_273472399': 0, 'cluster_1757124350_1757124352': 0, 'cluster_1863241547_1863241548_1976170214': 7, 'cluster_306484187_cluster_1200363791_1200363826_1200363834_1200363898_1200363927_1200363938_1200363947_1200364074_1200364103_1507566554_1507566556_255882157_306484190': 1, 'gneJ143': 0, 'gneJ207': 4, 'gneJ208': 5, 'gneJ210': 0, 'gneJ255': 0, 'gneJ257': 54}, 
60820.0, {'1863241632': -4.0, '2330725114': -1.2589285, '243351999': 0.0, '243641585': -0.4732143, '243749571': -4.0, '30503246': -0.12053572, '30624898': -4.0, '32564122': -0.03125, '89127267': -0.008928572, '89173763': -1.7276785, '89173808': -0.084821425, 'cluster_1427494838_273472399': 0.0, 'cluster_1757124350_1757124352': 0.0, 'cluster_1863241547_1863241548_1976170214': -1.7366072, 'cluster_306484187_cluster_1200363791_1200363826_1200363834_1200363898_1200363927_1200363938_1200363947_1200364074_1200364103_1507566554_1507566556_255882157_306484190': -0.017857144, 'gneJ143': 0.0, 'gneJ207': -0.15625, 'gneJ208': -1.1473215, 'gneJ210': 0.0, 'gneJ255': 0.0, 'gneJ257': -4.0}, {'1863241632': 11, '2330725114': 7, '243351999': 0, '243641585': 3, '243749571': 24, '30503246': 1, '30624898': 16, '32564122': 1, '89127267': 1, '89173763': 6, '89173808': 2, 'cluster_1427494838_273472399': 0, 'cluster_1757124350_1757124352': 0, 'cluster_1863241547_1863241548_1976170214': 6, 'cluster_306484187_cluster_1200363791_1200363826_1200363834_1200363898_1200363927_1200363938_1200363947_1200364074_1200364103_1507566554_1507566556_255882157_306484190': 1, 'gneJ143': 0, 'gneJ207': 2, 'gneJ208': 5, 'gneJ210': 0, 'gneJ255': 0, 'gneJ257': 27}, {'1863241632': 14, '2330725114': 7, '243351999': 0, '243641585': 4, '243749571': 64, '30503246': 1, '30624898': 33, '32564122': 1, '89127267': 1, '89173763': 11, '89173808': 3, 'cluster_1427494838_273472399': 0, 'cluster_1757124350_1757124352': 0, 'cluster_1863241547_1863241548_1976170214': 11, 'cluster_306484187_cluster_1200363791_1200363826_1200363834_1200363898_1200363927_1200363938_1200363947_1200364074_1200364103_1507566554_1507566556_255882157_306484190': 2, 'gneJ143': 0, 'gneJ207': 4, 'gneJ208': 5, 'gneJ210': 0, 'gneJ255': 0, 'gneJ257': 53}, 
60830.0, {'1863241632': -4.0, '2330725114': -0.80803573, '243351999': 0.0, '243641585': -0.67410713, '243749571': -4.0, '30503246': 0.0, '30624898': -4.0, '32564122': 0.0, '89127267': -0.05357143, '89173763': -2.2544644, '89173808': -0.2544643, 'cluster_1427494838_273472399': 0.0, 'cluster_1757124350_1757124352': 0.0, 'cluster_1863241547_1863241548_1976170214': -1.6428572, 'cluster_306484187_cluster_1200363791_1200363826_1200363834_1200363898_1200363927_1200363938_1200363947_1200364074_1200364103_1507566554_1507566556_255882157_306484190': 0.0, 'gneJ143': 0.0, 'gneJ207': -0.084821425, 'gneJ208': -1.3705357, 'gneJ210': 0.0, 'gneJ255': 0.0, 'gneJ257': -4.0}, {'1863241632': 11, '2330725114': 5, '243351999': 0, '243641585': 3, '243749571': 24, '30503246': 0, '30624898': 16, '32564122': 0, '89127267': 1, '89173763': 6, '89173808': 3, 'cluster_1427494838_273472399': 0, 'cluster_1757124350_1757124352': 0, 'cluster_1863241547_1863241548_1976170214': 4, 'cluster_306484187_cluster_1200363791_1200363826_1200363834_1200363898_1200363927_1200363938_1200363947_1200364074_1200364103_1507566554_1507566556_255882157_306484190': 0, 'gneJ143': 0, 'gneJ207': 2, 'gneJ208': 5, 'gneJ210': 0, 'gneJ255': 0, 'gneJ257': 27}, {'1863241632': 11, '2330725114': 5, '243351999': 0, '243641585': 5, '243749571': 63, '30503246': 0, '30624898': 33, '32564122': 0, '89127267': 1, '89173763': 12, '89173808': 4, 'cluster_1427494838_273472399': 0, 'cluster_1757124350_1757124352': 0, 'cluster_1863241547_1863241548_1976170214': 8, 'cluster_306484187_cluster_1200363791_1200363826_1200363834_1200363898_1200363927_1200363938_1200363947_1200364074_1200364103_1507566554_1507566556_255882157_306484190': 0, 'gneJ143': 0, 'gneJ207': 2, 'gneJ208': 5, 'gneJ210': 0, 'gneJ255': 0, 'gneJ257': 53}, 
60840.0, {'1863241632': -4.0, '2330725114': -0.3705357, '243351999': 0.0, '243641585': -0.8973214, '243749571': -4.0, '30503246': -0.017857144, '30624898': -4.0, '32564122': 0.0, '89127267': -0.14732143, '89173763': -2.107143, '89173808': 0.0, 'cluster_1427494838_273472399': -0.026785715, 'cluster_1757124350_1757124352': 0.0, 'cluster_1863241547_1863241548_1976170214': -1.1160715, 'cluster_306484187_cluster_1200363791_1200363826_1200363834_1200363898_1200363927_1200363938_1200363947_1200364074_1200364103_1507566554_1507566556_255882157_306484190': 0.0, 'gneJ143': 0.0, 'gneJ207': -0.17410715, 'gneJ208': -1.59375, 'gneJ210': -0.008928572, 'gneJ255': 0.0, 'gneJ257': -4.0}, {'1863241632': 11, '2330725114': 2, '243351999': 0, '243641585': 3, '243749571': 24, '30503246': 1, '30624898': 16, '32564122': 0, '89127267': 1, '89173763': 6, '89173808': 0, 'cluster_1427494838_273472399': 1, 'cluster_1757124350_1757124352': 0, 'cluster_1863241547_1863241548_1976170214': 2, 'cluster_306484187_cluster_1200363791_1200363826_1200363834_1200363898_1200363927_1200363938_1200363947_1200364074_1200364103_1507566554_1507566556_255882157_306484190': 0, 'gneJ143': 0, 'gneJ207': 2, 'gneJ208': 5, 'gneJ210': 1, 'gneJ255': 0, 'gneJ257': 27}, {'1863241632': 13, '2330725114': 2, '243351999': 0, '243641585': 5, '243749571': 64, '30503246': 1, '30624898': 37, '32564122': 0, '89127267': 3, '89173763': 9, '89173808': 0, 'cluster_1427494838_273472399': 1, 'cluster_1757124350_1757124352': 0, 'cluster_1863241547_1863241548_1976170214': 5, 'cluster_306484187_cluster_1200363791_1200363826_1200363834_1200363898_1200363927_1200363938_1200363947_1200364074_1200364103_1507566554_1507566556_255882157_306484190': 0, 'gneJ143': 0, 'gneJ207': 2, 'gneJ208': 5, 'gneJ210': 1, 'gneJ255': 0, 'gneJ257': 59}, 
60850.0, {'1863241632': -4.0, '2330725114': -0.1875, '243351999': 0.0, '243641585': -0.85714287, '243749571': -4.0, '30503246': 0.0, '30624898': -4.0, '32564122': -0.026785715, '89127267': 0.0, '89173763': -2.5089285, '89173808': -0.04017857, 'cluster_1427494838_273472399': 0.0, 'cluster_1757124350_1757124352': 0.0, 'cluster_1863241547_1863241548_1976170214': -1.1919643, 'cluster_306484187_cluster_1200363791_1200363826_1200363834_1200363898_1200363927_1200363938_1200363947_1200364074_1200364103_1507566554_1507566556_255882157_306484190': 0.0, 'gneJ143': 0.0, 'gneJ207': -0.26339287, 'gneJ208': -1.8169643, 'gneJ210': -0.09821428, 'gneJ255': -0.02232143, 'gneJ257': -4.0}, {'1863241632': 11, '2330725114': 2, '243351999': 0, '243641585': 3, '243749571': 24, '30503246': 0, '30624898': 16, '32564122': 1, '89127267': 0, '89173763': 6, '89173808': 1, 'cluster_1427494838_273472399': 0, 'cluster_1757124350_1757124352': 0, 'cluster_1863241547_1863241548_1976170214': 2, 'cluster_306484187_cluster_1200363791_1200363826_1200363834_1200363898_1200363927_1200363938_1200363947_1200364074_1200364103_1507566554_1507566556_255882157_306484190': 0, 'gneJ143': 0, 'gneJ207': 2, 'gneJ208': 5, 'gneJ210': 1, 'gneJ255': 1, 'gneJ257': 27}, {'1863241632': 12, '2330725114': 2, '243351999': 0, '243641585': 5, '243749571': 63, '30503246': 0, '30624898': 38, '32564122': 1, '89127267': 0, '89173763': 9, '89173808': 2, 'cluster_1427494838_273472399': 0, 'cluster_1757124350_1757124352': 0, 'cluster_1863241547_1863241548_1976170214': 5, 'cluster_306484187_cluster_1200363791_1200363826_1200363834_1200363898_1200363927_1200363938_1200363947_1200364074_1200364103_1507566554_1507566556_255882157_306484190': 0, 'gneJ143': 0, 'gneJ207': 2, 'gneJ208': 5, 'gneJ210': 2, 'gneJ255': 1, 'gneJ257': 58}, 
60860.0, {'1863241632': -4.0, '2330725114': -0.035714287, '243351999': 0.0, '243641585': -1.1071428, '243749571': -4.0, '30503246': -0.017857144, '30624898': -4.0, '32564122': -0.035714287, '89127267': 0.0, '89173763': -2.9107144, '89173808': 0.0, 'cluster_1427494838_273472399': 0.0, 'cluster_1757124350_1757124352': -0.02232143, 'cluster_1863241547_1863241548_1976170214': -1.3616072, 'cluster_306484187_cluster_1200363791_1200363826_1200363834_1200363898_1200363927_1200363938_1200363947_1200364074_1200364103_1507566554_1507566556_255882157_306484190': 0.0, 'gneJ143': -0.013392857, 'gneJ207': -0.35267857, 'gneJ208': -2.0401785, 'gneJ210': 0.0, 'gneJ255': 0.0, 'gneJ257': -4.0}, {'1863241632': 11, '2330725114': 3, '243351999': 0, '243641585': 3, '243749571': 24, '30503246': 1, '30624898': 16, '32564122': 2, '89127267': 0, '89173763': 6, '89173808': 0, 'cluster_1427494838_273472399': 0, 'cluster_1757124350_1757124352': 1, 'cluster_1863241547_1863241548_1976170214': 6, 'cluster_306484187_cluster_1200363791_1200363826_1200363834_1200363898_1200363927_1200363938_1200363947_1200364074_1200364103_1507566554_1507566556_255882157_306484190': 0, 'gneJ143': 1, 'gneJ207': 2, 'gneJ208': 5, 'gneJ210': 0, 'gneJ255': 0, 'gneJ257': 27}, {'1863241632': 12, '2330725114': 3, '243351999': 0, '243641585': 6, '243749571': 64, '30503246': 1, '30624898': 41, '32564122': 3, '89127267': 0, '89173763': 9, '89173808': 0, 'cluster_1427494838_273472399': 0, 'cluster_1757124350_1757124352': 1, 'cluster_1863241547_1863241548_1976170214': 9, 'cluster_306484187_cluster_1200363791_1200363826_1200363834_1200363898_1200363927_1200363938_1200363947_1200364074_1200364103_1507566554_1507566556_255882157_306484190': 0, 'gneJ143': 2, 'gneJ207': 2, 'gneJ208': 5, 'gneJ210': 0, 'gneJ255': 0, 'gneJ257': 54}, 
60870.0, {'1863241632': -4.0, '2330725114': -0.16964285, '243351999': -0.026785715, '243641585': -1.1517857, '243749571': -4.0, '30503246': -0.09821428, '30624898': -4.0, '32564122': 0.0, '89127267': 0.0, '89173763': -2.4642856, '89173808': 0.0, 'cluster_1427494838_273472399': 0.0, 'cluster_1757124350_1757124352': 0.0, 'cluster_1863241547_1863241548_1976170214': -1.3660715, 'cluster_306484187_cluster_1200363791_1200363826_1200363834_1200363898_1200363927_1200363938_1200363947_1200364074_1200364103_1507566554_1507566556_255882157_306484190': 0.0, 'gneJ143': -0.13392857, 'gneJ207': -0.4419643, 'gneJ208': -2.263393, 'gneJ210': 0.0, 'gneJ255': 0.0, 'gneJ257': -4.0}, {'1863241632': 11, '2330725114': 3, '243351999': 2, '243641585': 5, '243749571': 24, '30503246': 1, '30624898': 16, '32564122': 0, '89127267': 0, '89173763': 6, '89173808': 0, 'cluster_1427494838_273472399': 0, 'cluster_1757124350_1757124352': 0, 'cluster_1863241547_1863241548_1976170214': 4, 'cluster_306484187_cluster_1200363791_1200363826_1200363834_1200363898_1200363927_1200363938_1200363947_1200364074_1200364103_1507566554_1507566556_255882157_306484190': 0, 'gneJ143': 1, 'gneJ207': 2, 'gneJ208': 5, 'gneJ210': 0, 'gneJ255': 0, 'gneJ257': 27}, {'1863241632': 12, '2330725114': 3, '243351999': 2, '243641585': 6, '243749571': 63, '30503246': 2, '30624898': 40, '32564122': 0, '89127267': 0, '89173763': 6, '89173808': 0, 'cluster_1427494838_273472399': 0, 'cluster_1757124350_1757124352': 0, 'cluster_1863241547_1863241548_1976170214': 7, 'cluster_306484187_cluster_1200363791_1200363826_1200363834_1200363898_1200363927_1200363938_1200363947_1200364074_1200364103_1507566554_1507566556_255882157_306484190': 0, 'gneJ143': 4, 'gneJ207': 2, 'gneJ208': 5, 'gneJ210': 0, 'gneJ255': 0, 'gneJ257': 53}, 
60880.0, {'1863241632': -4.0, '2330725114': -0.4107143, '243351999': -0.116071425, '243641585': -1.4598215, '243749571': -4.0, '30503246': 0.0, '30624898': -4.0, '32564122': 0.0, '89127267': 0.0, '89173763': -2.732143, '89173808': 0.0, 'cluster_1427494838_273472399': -0.004464286, 'cluster_1757124350_1757124352': 0.0, 'cluster_1863241547_1863241548_1976170214': -1.5758928, 'cluster_306484187_cluster_1200363791_1200363826_1200363834_1200363898_1200363927_1200363938_1200363947_1200364074_1200364103_1507566554_1507566556_255882157_306484190': 0.0, 'gneJ143': -0.3794643, 'gneJ207': -0.53125, 'gneJ208': -2.486607, 'gneJ210': 0.0, 'gneJ255': -0.04017857, 'gneJ257': -4.0}, {'1863241632': 11, '2330725114': 5, '243351999': 2, '243641585': 6, '243749571': 24, '30503246': 0, '30624898': 16, '32564122': 0, '89127267': 0, '89173763': 6, '89173808': 0, 'cluster_1427494838_273472399': 1, 'cluster_1757124350_1757124352': 0, 'cluster_1863241547_1863241548_1976170214': 3, 'cluster_306484187_cluster_1200363791_1200363826_1200363834_1200363898_1200363927_1200363938_1200363947_1200364074_1200364103_1507566554_1507566556_255882157_306484190': 0, 'gneJ143': 4, 'gneJ207': 2, 'gneJ208': 5, 'gneJ210': 0, 'gneJ255': 1, 'gneJ257': 27}, {'1863241632': 11, '2330725114': 8, '243351999': 2, '243641585': 9, '243749571': 64, '30503246': 0, '30624898': 39, '32564122': 0, '89127267': 0, '89173763': 6, '89173808': 0, 'cluster_1427494838_273472399': 1, 'cluster_1757124350_1757124352': 0, 'cluster_1863241547_1863241548_1976170214': 7, 'cluster_306484187_cluster_1200363791_1200363826_1200363834_1200363898_1200363927_1200363938_1200363947_1200364074_1200364103_1507566554_1507566556_255882157_306484190': 0, 'gneJ143': 8, 'gneJ207': 2, 'gneJ208': 5, 'gneJ210': 0, 'gneJ255': 2, 'gneJ257': 53}, 
60890.0, {'1863241632': -4.0, '2330725114': -0.44642857, '243351999': -0.09821428, '243641585': -0.50446427, '243749571': -4.0, '30503246': 0.0, '30624898': -4.0, '32564122': 0.0, '89127267': 0.0, '89173763': -3.0223215, '89173808': 0.0, 'cluster_1427494838_273472399': -0.09821428, 'cluster_1757124350_1757124352': 0.0, 'cluster_1863241547_1863241548_1976170214': -1.9508928, 'cluster_306484187_cluster_1200363791_1200363826_1200363834_1200363898_1200363927_1200363938_1200363947_1200364074_1200364103_1507566554_1507566556_255882157_306484190': 0.0, 'gneJ143': -0.05357143, 'gneJ207': -0.29464287, 'gneJ208': -2.7098215, 'gneJ210': 0.0, 'gneJ255': 0.0, 'gneJ257': -4.0}, {'1863241632': 11, '2330725114': 4, '243351999': 1, '243641585': 3, '243749571': 24, '30503246': 0, '30624898': 16, '32564122': 0, '89127267': 0, '89173763': 6, '89173808': 0, 'cluster_1427494838_273472399': 1, 'cluster_1757124350_1757124352': 0, 'cluster_1863241547_1863241548_1976170214': 5, 'cluster_306484187_cluster_1200363791_1200363826_1200363834_1200363898_1200363927_1200363938_1200363947_1200364074_1200364103_1507566554_1507566556_255882157_306484190': 0, 'gneJ143': 1, 'gneJ207': 1, 'gneJ208': 5, 'gneJ210': 0, 'gneJ255': 0, 'gneJ257': 27}, {'1863241632': 14, '2330725114': 6, '243351999': 1, '243641585': 8, '243749571': 64, '30503246': 0, '30624898': 38, '32564122': 0, '89127267': 0, '89173763': 7, '89173808': 0, 'cluster_1427494838_273472399': 3, 'cluster_1757124350_1757124352': 0, 'cluster_1863241547_1863241548_1976170214': 9, 'cluster_306484187_cluster_1200363791_1200363826_1200363834_1200363898_1200363927_1200363938_1200363947_1200364074_1200364103_1507566554_1507566556_255882157_306484190': 0, 'gneJ143': 1, 'gneJ207': 2, 'gneJ208': 5, 'gneJ210': 0, 'gneJ255': 0, 'gneJ257': 53}, 
60900.0, {'1863241632': -4.0, '2330725114': -0.6785714, '243351999': -0.017857144, '243641585': -0.49107143, '243749571': -4.0, '30503246': -0.03125, '30624898': -4.0, '32564122': 0.0, '89127267': 0.0, '89173763': -3.3348215, '89173808': 0.0, 'cluster_1427494838_273472399': 0.0, 'cluster_1757124350_1757124352': -0.035714287, 'cluster_1863241547_1863241548_1976170214': -1.8616072, 'cluster_306484187_cluster_1200363791_1200363826_1200363834_1200363898_1200363927_1200363938_1200363947_1200364074_1200364103_1507566554_1507566556_255882157_306484190': 0.0, 'gneJ143': -0.116071425, 'gneJ207': -0.14285715, 'gneJ208': -2.9330356, 'gneJ210': 0.0, 'gneJ255': 0.0, 'gneJ257': -4.0}, {'1863241632': 11, '2330725114': 7, '243351999': 1, '243641585': 4, '243749571': 24, '30503246': 1, '30624898': 16, '32564122': 0, '89127267': 0, '89173763': 6, '89173808': 0, 'cluster_1427494838_273472399': 0, 'cluster_1757124350_1757124352': 2, 'cluster_1863241547_1863241548_1976170214': 4, 'cluster_306484187_cluster_1200363791_1200363826_1200363834_1200363898_1200363927_1200363938_1200363947_1200364074_1200364103_1507566554_1507566556_255882157_306484190': 0, 'gneJ143': 2, 'gneJ207': 3, 'gneJ208': 5, 'gneJ210': 0, 'gneJ255': 0, 'gneJ257': 27}, {'1863241632': 12, '2330725114': 8, '243351999': 1, '243641585': 5, '243749571': 64, '30503246': 1, '30624898': 37, '32564122': 0, '89127267': 0, '89173763': 7, '89173808': 0, 'cluster_1427494838_273472399': 0, 'cluster_1757124350_1757124352': 3, 'cluster_1863241547_1863241548_1976170214': 7, 'cluster_306484187_cluster_1200363791_1200363826_1200363834_1200363898_1200363927_1200363938_1200363947_1200364074_1200364103_1507566554_1507566556_255882157_306484190': 0, 'gneJ143': 2, 'gneJ207': 4, 'gneJ208': 5, 'gneJ210': 0, 'gneJ255': 0, 'gneJ257': 53}, 
60910.0, {'1863241632': -4.0, '2330725114': -0.4017857, '243351999': -0.0625, '243641585': -0.75, '243749571': -4.0, '30503246': -0.026785715, '30624898': -4.0, '32564122': 0.0, '89127267': 0.0, '89173763': -3.5357144, '89173808': -0.04464286, 'cluster_1427494838_273472399': 0.0, 'cluster_1757124350_1757124352': -0.16964285, 'cluster_1863241547_1863241548_1976170214': -0.35267857, 'cluster_306484187_cluster_1200363791_1200363826_1200363834_1200363898_1200363927_1200363938_1200363947_1200364074_1200364103_1507566554_1507566556_255882157_306484190': 0.0, 'gneJ143': -0.22321428, 'gneJ207': -0.07589286, 'gneJ208': -3.15625, 'gneJ210': 0.0, 'gneJ255': 0.0, 'gneJ257': -4.0}, {'1863241632': 11, '2330725114': 5, '243351999': 1, '243641585': 7, '243749571': 24, '30503246': 1, '30624898': 16, '32564122': 0, '89127267': 0, '89173763': 6, '89173808': 1, 'cluster_1427494838_273472399': 0, 'cluster_1757124350_1757124352': 2, 'cluster_1863241547_1863241548_1976170214': 3, 'cluster_306484187_cluster_1200363791_1200363826_1200363834_1200363898_1200363927_1200363938_1200363947_1200364074_1200364103_1507566554_1507566556_255882157_306484190': 0, 'gneJ143': 3, 'gneJ207': 2, 'gneJ208': 5, 'gneJ210': 0, 'gneJ255': 0, 'gneJ257': 27}, {'1863241632': 14, '2330725114': 8, '243351999': 1, '243641585': 10, '243749571': 63, '30503246': 1, '30624898': 36, '32564122': 0, '89127267': 0, '89173763': 6, '89173808': 2, 'cluster_1427494838_273472399': 0, 'cluster_1757124350_1757124352': 3, 'cluster_1863241547_1863241548_1976170214': 4, 'cluster_306484187_cluster_1200363791_1200363826_1200363834_1200363898_1200363927_1200363938_1200363947_1200364074_1200364103_1507566554_1507566556_255882157_306484190': 0, 'gneJ143': 3, 'gneJ207': 2, 'gneJ208': 5, 'gneJ210': 0, 'gneJ255': 0, 'gneJ257': 53}, 
60920.0, {'1863241632': -4.0, '2330725114': -0.39732143, '243351999': 0.0, '243641585': -0.5223214, '243749571': -4.0, '30503246': -0.017857144, '30624898': -4.0, '32564122': 0.0, '89127267': -0.004464286, '89173763': -3.8035715, '89173808': -0.13392857, 'cluster_1427494838_273472399': 0.0, 'cluster_1757124350_1757124352': 0.0, 'cluster_1863241547_1863241548_1976170214': -0.6875, 'cluster_306484187_cluster_1200363791_1200363826_1200363834_1200363898_1200363927_1200363938_1200363947_1200364074_1200364103_1507566554_1507566556_255882157_306484190': 0.0, 'gneJ143': 0.0, 'gneJ207': -0.09375, 'gneJ208': -3.3794644, 'gneJ210': 0.0, 'gneJ255': 0.0, 'gneJ257': -4.0}, {'1863241632': 11, '2330725114': 4, '243351999': 0, '243641585': 5, '243749571': 24, '30503246': 1, '30624898': 16, '32564122': 0, '89127267': 1, '89173763': 6, '89173808': 1, 'cluster_1427494838_273472399': 0, 'cluster_1757124350_1757124352': 0, 'cluster_1863241547_1863241548_1976170214': 6, 'cluster_306484187_cluster_1200363791_1200363826_1200363834_1200363898_1200363927_1200363938_1200363947_1200364074_1200364103_1507566554_1507566556_255882157_306484190': 0, 'gneJ143': 0, 'gneJ207': 1, 'gneJ208': 5, 'gneJ210': 0, 'gneJ255': 0, 'gneJ257': 27}, {'1863241632': 12, '2330725114': 6, '243351999': 0, '243641585': 6, '243749571': 63, '30503246': 1, '30624898': 35, '32564122': 0, '89127267': 1, '89173763': 6, '89173808': 2, 'cluster_1427494838_273472399': 0, 'cluster_1757124350_1757124352': 0, 'cluster_1863241547_1863241548_1976170214': 10, 'cluster_306484187_cluster_1200363791_1200363826_1200363834_1200363898_1200363927_1200363938_1200363947_1200364074_1200364103_1507566554_1507566556_255882157_306484190': 0, 'gneJ143': 0, 'gneJ207': 2, 'gneJ208': 5, 'gneJ210': 0, 'gneJ255': 0, 'gneJ257': 53}, 
60930.0, {'1863241632': -4.0, '2330725114': -0.60714287, '243351999': 0.0, '243641585': -0.6026786, '243749571': -4.0, '30503246': -0.0625, '30624898': -4.0, '32564122': 0.0, '89127267': 0.0, '89173763': -2.4419644, '89173808': 0.0, 'cluster_1427494838_273472399': 0.0, 'cluster_1757124350_1757124352': 0.0, 'cluster_1863241547_1863241548_1976170214': -1.1339285, 'cluster_306484187_cluster_1200363791_1200363826_1200363834_1200363898_1200363927_1200363938_1200363947_1200364074_1200364103_1507566554_1507566556_255882157_306484190': 0.0, 'gneJ143': 0.0, 'gneJ207': -0.125, 'gneJ208': -3.6026785, 'gneJ210': 0.0, 'gneJ255': 0.0, 'gneJ257': -4.0}, {'1863241632': 10, '2330725114': 4, '243351999': 0, '243641585': 4, '243749571': 24, '30503246': 1, '30624898': 16, '32564122': 0, '89127267': 0, '89173763': 4, '89173808': 0, 'cluster_1427494838_273472399': 0, 'cluster_1757124350_1757124352': 0, 'cluster_1863241547_1863241548_1976170214': 6, 'cluster_306484187_cluster_1200363791_1200363826_1200363834_1200363898_1200363927_1200363938_1200363947_1200364074_1200364103_1507566554_1507566556_255882157_306484190': 0, 'gneJ143': 0, 'gneJ207': 2, 'gneJ208': 5, 'gneJ210': 0, 'gneJ255': 0, 'gneJ257': 27}, {'1863241632': 12, '2330725114': 5, '243351999': 0, '243641585': 7, '243749571': 64, '30503246': 1, '30624898': 36, '32564122': 0, '89127267': 0, '89173763': 4, '89173808': 0, 'cluster_1427494838_273472399': 0, 'cluster_1757124350_1757124352': 0, 'cluster_1863241547_1863241548_1976170214': 10, 'cluster_306484187_cluster_1200363791_1200363826_1200363834_1200363898_1200363927_1200363938_1200363947_1200364074_1200364103_1507566554_1507566556_255882157_306484190': 0, 'gneJ143': 0, 'gneJ207': 2, 'gneJ208': 5, 'gneJ210': 0, 'gneJ255': 0, 'gneJ257': 53}, 
60940.0, {'1863241632': -4.0, '2330725114': -0.73660713, '243351999': 0.0, '243641585': -0.72321427, '243749571': -4.0, '30503246': -0.10714286, '30624898': -4.0, '32564122': 0.0, '89127267': -0.017857144, '89173763': -2.642857, '89173808': -0.035714287, 'cluster_1427494838_273472399': 0.0, 'cluster_1757124350_1757124352': 0.0, 'cluster_1863241547_1863241548_1976170214': -1.59375, 'cluster_306484187_cluster_1200363791_1200363826_1200363834_1200363898_1200363927_1200363938_1200363947_1200364074_1200364103_1507566554_1507566556_255882157_306484190': 0.0, 'gneJ143': 0.0, 'gneJ207': -0.084821425, 'gneJ208': -3.825893, 'gneJ210': 0.0, 'gneJ255': 0.0, 'gneJ257': -4.0}, {'1863241632': 10, '2330725114': 4, '243351999': 0, '243641585': 6, '243749571': 24, '30503246': 1, '30624898': 16, '32564122': 0, '89127267': 1, '89173763': 6, '89173808': 1, 'cluster_1427494838_273472399': 0, 'cluster_1757124350_1757124352': 0, 'cluster_1863241547_1863241548_1976170214': 6, 'cluster_306484187_cluster_1200363791_1200363826_1200363834_1200363898_1200363927_1200363938_1200363947_1200364074_1200364103_1507566554_1507566556_255882157_306484190': 0, 'gneJ143': 0, 'gneJ207': 1, 'gneJ208': 5, 'gneJ210': 0, 'gneJ255': 0, 'gneJ257': 27}, {'1863241632': 13, '2330725114': 4, '243351999': 0, '243641585': 8, '243749571': 64, '30503246': 1, '30624898': 38, '32564122': 0, '89127267': 1, '89173763': 6, '89173808': 2, 'cluster_1427494838_273472399': 0, 'cluster_1757124350_1757124352': 0, 'cluster_1863241547_1863241548_1976170214': 11, 'cluster_306484187_cluster_1200363791_1200363826_1200363834_1200363898_1200363927_1200363938_1200363947_1200364074_1200364103_1507566554_1507566556_255882157_306484190': 0, 'gneJ143': 0, 'gneJ207': 2, 'gneJ208': 5, 'gneJ210': 0, 'gneJ255': 0, 'gneJ257': 53}, 
60950.0, {'1863241632': -4.0, '2330725114': -0.44642857, '243351999': 0.0, '243641585': -1.1294643, '243749571': -4.0, '30503246': -0.16964285, '30624898': -4.0, '32564122': -0.013392857, '89127267': 0.0, '89173763': -2.9107144, '89173808': 0.0, 'cluster_1427494838_273472399': 0.0, 'cluster_1757124350_1757124352': 0.0, 'cluster_1863241547_1863241548_1976170214': -1.21875, 'cluster_306484187_cluster_1200363791_1200363826_1200363834_1200363898_1200363927_1200363938_1200363947_1200364074_1200364103_1507566554_1507566556_255882157_306484190': 0.0, 'gneJ143': -0.116071425, 'gneJ207': -0.12946428, 'gneJ208': -4.0, 'gneJ210': 0.0, 'gneJ255': -0.013392857, 'gneJ257': -4.0}, {'1863241632': 10, '2330725114': 2, '243351999': 0, '243641585': 8, '243749571': 24, '30503246': 1, '30624898': 16, '32564122': 1, '89127267': 0, '89173763': 6, '89173808': 0, 'cluster_1427494838_273472399': 0, 'cluster_1757124350_1757124352': 0, 'cluster_1863241547_1863241548_1976170214': 4, 'cluster_306484187_cluster_1200363791_1200363826_1200363834_1200363898_1200363927_1200363938_1200363947_1200364074_1200364103_1507566554_1507566556_255882157_306484190': 0, 'gneJ143': 1, 'gneJ207': 2, 'gneJ208': 5, 'gneJ210': 0, 'gneJ255': 1, 'gneJ257': 27}, {'1863241632': 13, '2330725114': 2, '243351999': 0, '243641585': 10, '243749571': 63, '30503246': 2, '30624898': 39, '32564122': 1, '89127267': 0, '89173763': 6, '89173808': 0, 'cluster_1427494838_273472399': 0, 'cluster_1757124350_1757124352': 0, 'cluster_1863241547_1863241548_1976170214': 7, 'cluster_306484187_cluster_1200363791_1200363826_1200363834_1200363898_1200363927_1200363938_1200363947_1200364074_1200364103_1507566554_1507566556_255882157_306484190': 0, 'gneJ143': 4, 'gneJ207': 2, 'gneJ208': 5, 'gneJ210': 0, 'gneJ255': 1, 'gneJ257': 53}, 
60960.0, {'1863241632': -4.0, '2330725114': -0.5714286, '243351999': 0.0, '243641585': -1.59375, '243749571': -4.0, '30503246': 0.0, '30624898': -4.0, '32564122': -0.09375, '89127267': 0.0, '89173763': -3.1785715, '89173808': 0.0, 'cluster_1427494838_273472399': 0.0, 'cluster_1757124350_1757124352': 0.0, 'cluster_1863241547_1863241548_1976170214': -1.0491072, 'cluster_306484187_cluster_1200363791_1200363826_1200363834_1200363898_1200363927_1200363938_1200363947_1200364074_1200364103_1507566554_1507566556_255882157_306484190': 0.0, 'gneJ143': 0.0, 'gneJ207': -0.017857144, 'gneJ208': -4.0, 'gneJ210': 0.0, 'gneJ255': -0.058035713, 'gneJ257': -4.0}, {'1863241632': 10, '2330725114': 5, '243351999': 0, '243641585': 8, '243749571': 24, '30503246': 0, '30624898': 16, '32564122': 1, '89127267': 0, '89173763': 6, '89173808': 0, 'cluster_1427494838_273472399': 0, 'cluster_1757124350_1757124352': 0, 'cluster_1863241547_1863241548_1976170214': 3, 'cluster_306484187_cluster_1200363791_1200363826_1200363834_1200363898_1200363927_1200363938_1200363947_1200364074_1200364103_1507566554_1507566556_255882157_306484190': 0, 'gneJ143': 0, 'gneJ207': 1, 'gneJ208': 5, 'gneJ210': 0, 'gneJ255': 1, 'gneJ257': 27}, {'1863241632': 13, '2330725114': 5, '243351999': 0, '243641585': 11, '243749571': 64, '30503246': 0, '30624898': 38, '32564122': 2, '89127267': 0, '89173763': 6, '89173808': 0, 'cluster_1427494838_273472399': 0, 'cluster_1757124350_1757124352': 0, 'cluster_1863241547_1863241548_1976170214': 6, 'cluster_306484187_cluster_1200363791_1200363826_1200363834_1200363898_1200363927_1200363938_1200363947_1200364074_1200364103_1507566554_1507566556_255882157_306484190': 0, 'gneJ143': 0, 'gneJ207': 1, 'gneJ208': 5, 'gneJ210': 0, 'gneJ255': 1, 'gneJ257': 53}, 
60970.0, {'1863241632': -4.0, '2330725114': -0.87053573, '243351999': -0.03125, '243641585': -0.91071427, '243749571': -4.0, '30503246': 0.0, '30624898': -4.0, '32564122': -0.26785713, '89127267': 0.0, '89173763': -1.71875, '89173808': -0.0625, 'cluster_1427494838_273472399': 0.0, 'cluster_1757124350_1757124352': -0.004464286, 'cluster_1863241547_1863241548_1976170214': -1.2008928, 'cluster_306484187_cluster_1200363791_1200363826_1200363834_1200363898_1200363927_1200363938_1200363947_1200364074_1200364103_1507566554_1507566556_255882157_306484190': -0.017857144, 'gneJ143': -0.07589286, 'gneJ207': -0.06696428, 'gneJ208': -4.0, 'gneJ210': 0.0, 'gneJ255': -0.013392857, 'gneJ257': -4.0}, {'1863241632': 10, '2330725114': 7, '243351999': 2, '243641585': 5, '243749571': 24, '30503246': 0, '30624898': 16, '32564122': 2, '89127267': 0, '89173763': 4, '89173808': 1, 'cluster_1427494838_273472399': 0, 'cluster_1757124350_1757124352': 1, 'cluster_1863241547_1863241548_1976170214': 6, 'cluster_306484187_cluster_1200363791_1200363826_1200363834_1200363898_1200363927_1200363938_1200363947_1200364074_1200364103_1507566554_1507566556_255882157_306484190': 1, 'gneJ143': 3, 'gneJ207': 2, 'gneJ208': 5, 'gneJ210': 0, 'gneJ255': 1, 'gneJ257': 27}, {'1863241632': 13, '2330725114': 7, '243351999': 2, '243641585': 7, '243749571': 64, '30503246': 0, '30624898': 37, '32564122': 4, '89127267': 0, '89173763': 4, '89173808': 2, 'cluster_1427494838_273472399': 0, 'cluster_1757124350_1757124352': 1, 'cluster_1863241547_1863241548_1976170214': 9, 'cluster_306484187_cluster_1200363791_1200363826_1200363834_1200363898_1200363927_1200363938_1200363947_1200364074_1200364103_1507566554_1507566556_255882157_306484190': 1, 'gneJ143': 5, 'gneJ207': 2, 'gneJ208': 5, 'gneJ210': 0, 'gneJ255': 1, 'gneJ257': 53}, 
60980.0, {'1863241632': -4.0, '2330725114': -1.2008928, '243351999': 0.0, '243641585': -0.6026786, '243749571': -4.0, '30503246': -0.02232143, '30624898': -4.0, '32564122': -0.45535713, '89127267': 0.0, '89173763': -0.3794643, '89173808': -0.15178572, 'cluster_1427494838_273472399': 0.0, 'cluster_1757124350_1757124352': 0.0, 'cluster_1863241547_1863241548_1976170214': -1.65625, 'cluster_306484187_cluster_1200363791_1200363826_1200363834_1200363898_1200363927_1200363938_1200363947_1200364074_1200364103_1507566554_1507566556_255882157_306484190': 0.0, 'gneJ143': 0.0, 'gneJ207': -0.15625, 'gneJ208': -4.0, 'gneJ210': 0.0, 'gneJ255': -0.058035713, 'gneJ257': -4.0}, {'1863241632': 10, '2330725114': 9, '243351999': 0, '243641585': 3, '243749571': 24, '30503246': 1, '30624898': 16, '32564122': 2, '89127267': 0, '89173763': 2, '89173808': 1, 'cluster_1427494838_273472399': 0, 'cluster_1757124350_1757124352': 0, 'cluster_1863241547_1863241548_1976170214': 6, 'cluster_306484187_cluster_1200363791_1200363826_1200363834_1200363898_1200363927_1200363938_1200363947_1200364074_1200364103_1507566554_1507566556_255882157_306484190': 0, 'gneJ143': 0, 'gneJ207': 2, 'gneJ208': 5, 'gneJ210': 0, 'gneJ255': 1, 'gneJ257': 27}, {'1863241632': 11, '2330725114': 9, '243351999': 0, '243641585': 5, '243749571': 64, '30503246': 2, '30624898': 36, '32564122': 5, '89127267': 0, '89173763': 2, '89173808': 2, 'cluster_1427494838_273472399': 0, 'cluster_1757124350_1757124352': 0, 'cluster_1863241547_1863241548_1976170214': 11, 'cluster_306484187_cluster_1200363791_1200363826_1200363834_1200363898_1200363927_1200363938_1200363947_1200364074_1200364103_1507566554_1507566556_255882157_306484190': 0, 'gneJ143': 0, 'gneJ207': 2, 'gneJ208': 5, 'gneJ210': 0, 'gneJ255': 1, 'gneJ257': 53}, 
60990.0, {'1863241632': -4.0, '2330725114': -1.6428572, '243351999': 0.0, '243641585': -0.875, '243749571': -4.0, '30503246': -0.08928572, '30624898': -4.0, '32564122': 0.0, '89127267': 0.0, '89173763': -0.013392857, '89173808': 0.0, 'cluster_1427494838_273472399': 0.0, 'cluster_1757124350_1757124352': -0.017857144, 'cluster_1863241547_1863241548_1976170214': -2.1473215, 'cluster_306484187_cluster_1200363791_1200363826_1200363834_1200363898_1200363927_1200363938_1200363947_1200364074_1200364103_1507566554_1507566556_255882157_306484190': 0.0, 'gneJ143': -0.04464286, 'gneJ207': 0.0, 'gneJ208': -4.0, 'gneJ210': 0.0, 'gneJ255': -0.102678575, 'gneJ257': -4.0}, {'1863241632': 10, '2330725114': 10, '243351999': 0, '243641585': 5, '243749571': 24, '30503246': 1, '30624898': 16, '32564122': 0, '89127267': 0, '89173763': 1, '89173808': 0, 'cluster_1427494838_273472399': 0, 'cluster_1757124350_1757124352': 1, 'cluster_1863241547_1863241548_1976170214': 6, 'cluster_306484187_cluster_1200363791_1200363826_1200363834_1200363898_1200363927_1200363938_1200363947_1200364074_1200364103_1507566554_1507566556_255882157_306484190': 0, 'gneJ143': 2, 'gneJ207': 0, 'gneJ208': 5, 'gneJ210': 0, 'gneJ255': 1, 'gneJ257': 27}, {'1863241632': 13, '2330725114': 10, '243351999': 0, '243641585': 9, '243749571': 64, '30503246': 4, '30624898': 35, '32564122': 0, '89127267': 0, '89173763': 1, '89173808': 0, 'cluster_1427494838_273472399': 0, 'cluster_1757124350_1757124352': 2, 'cluster_1863241547_1863241548_1976170214': 11, 'cluster_306484187_cluster_1200363791_1200363826_1200363834_1200363898_1200363927_1200363938_1200363947_1200364074_1200364103_1507566554_1507566556_255882157_306484190': 0, 'gneJ143': 2, 'gneJ207': 0, 'gneJ208': 5, 'gneJ210': 0, 'gneJ255': 1, 'gneJ257': 54}, 
61000.0, {'1863241632': -4.0, '2330725114': -2.0892856, '243351999': 0.0, '243641585': -1.0178572, '243749571': -4.0, '30503246': -0.22767857, '30624898': -4.0, '32564122': 0.0, '89127267': -0.017857144, '89173763': -0.14732143, '89173808': 0.0, 'cluster_1427494838_273472399': 0.0, 'cluster_1757124350_1757124352': -0.11160714, 'cluster_1863241547_1863241548_1976170214': -2.5044644, 'cluster_306484187_cluster_1200363791_1200363826_1200363834_1200363898_1200363927_1200363938_1200363947_1200364074_1200364103_1507566554_1507566556_255882157_306484190': 0.0, 'gneJ143': 0.0, 'gneJ207': -0.16071428, 'gneJ208': -4.0, 'gneJ210': 0.0, 'gneJ255': 0.0, 'gneJ257': -4.0}, {'1863241632': 10, '2330725114': 10, '243351999': 0, '243641585': 5, '243749571': 24, '30503246': 1, '30624898': 16, '32564122': 0, '89127267': 1, '89173763': 6, '89173808': 0, 'cluster_1427494838_273472399': 0, 'cluster_1757124350_1757124352': 1, 'cluster_1863241547_1863241548_1976170214': 6, 'cluster_306484187_cluster_1200363791_1200363826_1200363834_1200363898_1200363927_1200363938_1200363947_1200364074_1200364103_1507566554_1507566556_255882157_306484190': 0, 'gneJ143': 0, 'gneJ207': 3, 'gneJ208': 5, 'gneJ210': 0, 'gneJ255': 0, 'gneJ257': 27}, {'1863241632': 11, '2330725114': 10, '243351999': 0, '243641585': 9, '243749571': 65, '30503246': 4, '30624898': 34, '32564122': 0, '89127267': 1, '89173763': 6, '89173808': 0, 'cluster_1427494838_273472399': 0, 'cluster_1757124350_1757124352': 3, 'cluster_1863241547_1863241548_1976170214': 10, 'cluster_306484187_cluster_1200363791_1200363826_1200363834_1200363898_1200363927_1200363938_1200363947_1200364074_1200364103_1507566554_1507566556_255882157_306484190': 0, 'gneJ143': 0, 'gneJ207': 5, 'gneJ208': 5, 'gneJ210': 0, 'gneJ255': 0, 'gneJ257': 53}, 
61010.0, {'1863241632': -4.0, '2330725114': -2.6160715, '243351999': 0.0, '243641585': -0.66964287, '243749571': -4.0, '30503246': -0.23214285, '30624898': -4.0, '32564122': 0.0, '89127267': 0.0, '89173763': -0.24553572, '89173808': -0.035714287, 'cluster_1427494838_273472399': 0.0, 'cluster_1757124350_1757124352': -0.25, 'cluster_1863241547_1863241548_1976170214': -2.955357, 'cluster_306484187_cluster_1200363791_1200363826_1200363834_1200363898_1200363927_1200363938_1200363947_1200364074_1200364103_1507566554_1507566556_255882157_306484190': -0.08928572, 'gneJ143': -0.035714287, 'gneJ207': -0.05357143, 'gneJ208': -4.0, 'gneJ210': 0.0, 'gneJ255': 0.0, 'gneJ257': -4.0}, {'1863241632': 10, '2330725114': 10, '243351999': 0, '243641585': 3, '243749571': 24, '30503246': 1, '30624898': 16, '32564122': 0, '89127267': 0, '89173763': 4, '89173808': 2, 'cluster_1427494838_273472399': 0, 'cluster_1757124350_1757124352': 2, 'cluster_1863241547_1863241548_1976170214': 6, 'cluster_306484187_cluster_1200363791_1200363826_1200363834_1200363898_1200363927_1200363938_1200363947_1200364074_1200364103_1507566554_1507566556_255882157_306484190': 1, 'gneJ143': 1, 'gneJ207': 2, 'gneJ208': 5, 'gneJ210': 0, 'gneJ255': 0, 'gneJ257': 27}, {'1863241632': 13, '2330725114': 14, '243351999': 0, '243641585': 7, '243749571': 64, '30503246': 2, '30624898': 34, '32564122': 0, '89127267': 0, '89173763': 4, '89173808': 2, 'cluster_1427494838_273472399': 0, 'cluster_1757124350_1757124352': 4, 'cluster_1863241547_1863241548_1976170214': 11, 'cluster_306484187_cluster_1200363791_1200363826_1200363834_1200363898_1200363927_1200363938_1200363947_1200364074_1200364103_1507566554_1507566556_255882157_306484190': 4, 'gneJ143': 1, 'gneJ207': 2, 'gneJ208': 5, 'gneJ210': 0, 'gneJ255': 0, 'gneJ257': 53}, 
61020.0, {'1863241632': -4.0, '2330725114': -2.982143, '243351999': -0.008928572, '243641585': -0.42410713, '243749571': -4.0, '30503246': -0.3705357, '30624898': -4.0, '32564122': -0.004464286, '89127267': 0.0, '89173763': -0.4419643, '89173808': 0.0, 'cluster_1427494838_273472399': 0.0, 'cluster_1757124350_1757124352': 0.0, 'cluster_1863241547_1863241548_1976170214': -1.6919643, 'cluster_306484187_cluster_1200363791_1200363826_1200363834_1200363898_1200363927_1200363938_1200363947_1200364074_1200364103_1507566554_1507566556_255882157_306484190': 0.0, 'gneJ143': -0.004464286, 'gneJ207': -0.14285715, 'gneJ208': -4.0, 'gneJ210': 0.0, 'gneJ255': 0.0, 'gneJ257': -4.0}, {'1863241632': 11, '2330725114': 10, '243351999': 1, '243641585': 2, '243749571': 24, '30503246': 1, '30624898': 16, '32564122': 1, '89127267': 0, '89173763': 6, '89173808': 0, 'cluster_1427494838_273472399': 0, 'cluster_1757124350_1757124352': 0, 'cluster_1863241547_1863241548_1976170214': 4, 'cluster_306484187_cluster_1200363791_1200363826_1200363834_1200363898_1200363927_1200363938_1200363947_1200364074_1200364103_1507566554_1507566556_255882157_306484190': 0, 'gneJ143': 1, 'gneJ207': 2, 'gneJ208': 5, 'gneJ210': 0, 'gneJ255': 0, 'gneJ257': 27}, {'1863241632': 14, '2330725114': 10, '243351999': 1, '243641585': 6, '243749571': 64, '30503246': 4, '30624898': 33, '32564122': 1, '89127267': 0, '89173763': 7, '89173808': 0, 'cluster_1427494838_273472399': 0, 'cluster_1757124350_1757124352': 0, 'cluster_1863241547_1863241548_1976170214': 6, 'cluster_306484187_cluster_1200363791_1200363826_1200363834_1200363898_1200363927_1200363938_1200363947_1200364074_1200364103_1507566554_1507566556_255882157_306484190': 0, 'gneJ143': 1, 'gneJ207': 2, 'gneJ208': 5, 'gneJ210': 0, 'gneJ255': 0, 'gneJ257': 54}, 
61030.0, {'1863241632': -4.0, '2330725114': -3.4285715, '243351999': 0.0, '243641585': -0.3705357, '243749571': -4.0, '30503246': -0.4107143, '30624898': -4.0, '32564122': -0.04910714, '89127267': 0.0, '89173763': -0.70535713, '89173808': 0.0, 'cluster_1427494838_273472399': 0.0, 'cluster_1757124350_1757124352': 0.0, 'cluster_1863241547_1863241548_1976170214': -0.91071427, 'cluster_306484187_cluster_1200363791_1200363826_1200363834_1200363898_1200363927_1200363938_1200363947_1200364074_1200364103_1507566554_1507566556_255882157_306484190': -0.008928572, 'gneJ143': -0.09821428, 'gneJ207': -0.23214285, 'gneJ208': -4.0, 'gneJ210': -0.058035713, 'gneJ255': -0.04017857, 'gneJ257': -4.0}, {'1863241632': 11, '2330725114': 10, '243351999': 0, '243641585': 1, '243749571': 24, '30503246': 1, '30624898': 16, '32564122': 1, '89127267': 0, '89173763': 6, '89173808': 0, 'cluster_1427494838_273472399': 0, 'cluster_1757124350_1757124352': 0, 'cluster_1863241547_1863241548_1976170214': 3, 'cluster_306484187_cluster_1200363791_1200363826_1200363834_1200363898_1200363927_1200363938_1200363947_1200364074_1200364103_1507566554_1507566556_255882157_306484190': 1, 'gneJ143': 1, 'gneJ207': 2, 'gneJ208': 5, 'gneJ210': 1, 'gneJ255': 1, 'gneJ257': 27}, {'1863241632': 14, '2330725114': 10, '243351999': 0, '243641585': 3, '243749571': 63, '30503246': 2, '30624898': 33, '32564122': 1, '89127267': 0, '89173763': 6, '89173808': 0, 'cluster_1427494838_273472399': 0, 'cluster_1757124350_1757124352': 0, 'cluster_1863241547_1863241548_1976170214': 4, 'cluster_306484187_cluster_1200363791_1200363826_1200363834_1200363898_1200363927_1200363938_1200363947_1200364074_1200364103_1507566554_1507566556_255882157_306484190': 1, 'gneJ143': 3, 'gneJ207': 2, 'gneJ208': 5, 'gneJ210': 3, 'gneJ255': 1, 'gneJ257': 53}, 
61040.0, {'1863241632': -4.0, '2330725114': -3.875, '243351999': 0.0, '243641585': -0.25, '243749571': -4.0, '30503246': -0.058035713, '30624898': -4.0, '32564122': -0.12946428, '89127267': 0.0, '89173763': -0.97321427, '89173808': 0.0, 'cluster_1427494838_273472399': 0.0, 'cluster_1757124350_1757124352': 0.0, 'cluster_1863241547_1863241548_1976170214': -1.1741072, 'cluster_306484187_cluster_1200363791_1200363826_1200363834_1200363898_1200363927_1200363938_1200363947_1200364074_1200364103_1507566554_1507566556_255882157_306484190': 0.0, 'gneJ143': 0.0, 'gneJ207': -0.116071425, 'gneJ208': -4.0, 'gneJ210': 0.0, 'gneJ255': -0.08928572, 'gneJ257': -4.0}, {'1863241632': 11, '2330725114': 10, '243351999': 0, '243641585': 2, '243749571': 24, '30503246': 1, '30624898': 16, '32564122': 1, '89127267': 0, '89173763': 6, '89173808': 0, 'cluster_1427494838_273472399': 0, 'cluster_1757124350_1757124352': 0, 'cluster_1863241547_1863241548_1976170214': 6, 'cluster_306484187_cluster_1200363791_1200363826_1200363834_1200363898_1200363927_1200363938_1200363947_1200364074_1200364103_1507566554_1507566556_255882157_306484190': 0, 'gneJ143': 0, 'gneJ207': 3, 'gneJ208': 5, 'gneJ210': 0, 'gneJ255': 1, 'gneJ257': 27}, {'1863241632': 14, '2330725114': 10, '243351999': 0, '243641585': 2, '243749571': 63, '30503246': 2, '30624898': 35, '32564122': 2, '89127267': 0, '89173763': 6, '89173808': 0, 'cluster_1427494838_273472399': 0, 'cluster_1757124350_1757124352': 0, 'cluster_1863241547_1863241548_1976170214': 7, 'cluster_306484187_cluster_1200363791_1200363826_1200363834_1200363898_1200363927_1200363938_1200363947_1200364074_1200364103_1507566554_1507566556_255882157_306484190': 0, 'gneJ143': 0, 'gneJ207': 4, 'gneJ208': 5, 'gneJ210': 0, 'gneJ255': 2, 'gneJ257': 53}, 
61050.0, {'1863241632': -4.0, '2330725114': -4.0, '243351999': 0.0, '243641585': 0.0, '243749571': -4.0, '30503246': -0.14732143, '30624898': -4.0, '32564122': -0.21875, '89127267': 0.0, '89173763': -1.2410715, '89173808': 0.0, 'cluster_1427494838_273472399': 0.0, 'cluster_1757124350_1757124352': 0.0, 'cluster_1863241547_1863241548_1976170214': -0.62053573, 'cluster_306484187_cluster_1200363791_1200363826_1200363834_1200363898_1200363927_1200363938_1200363947_1200364074_1200364103_1507566554_1507566556_255882157_306484190': -0.035714287, 'gneJ143': 0.0, 'gneJ207': -0.23214285, 'gneJ208': -4.0, 'gneJ210': 0.0, 'gneJ255': -0.19642857, 'gneJ257': -4.0}, {'1863241632': 11, '2330725114': 10, '243351999': 0, '243641585': 0, '243749571': 24, '30503246': 1, '30624898': 16, '32564122': 1, '89127267': 0, '89173763': 6, '89173808': 0, 'cluster_1427494838_273472399': 0, 'cluster_1757124350_1757124352': 0, 'cluster_1863241547_1863241548_1976170214': 4, 'cluster_306484187_cluster_1200363791_1200363826_1200363834_1200363898_1200363927_1200363938_1200363947_1200364074_1200364103_1507566554_1507566556_255882157_306484190': 2, 'gneJ143': 0, 'gneJ207': 3, 'gneJ208': 5, 'gneJ210': 0, 'gneJ255': 2, 'gneJ257': 27}, {'1863241632': 11, '2330725114': 10, '243351999': 0, '243641585': 0, '243749571': 63, '30503246': 2, '30624898': 39, '32564122': 2, '89127267': 0, '89173763': 6, '89173808': 0, 'cluster_1427494838_273472399': 0, 'cluster_1757124350_1757124352': 0, 'cluster_1863241547_1863241548_1976170214': 5, 'cluster_306484187_cluster_1200363791_1200363826_1200363834_1200363898_1200363927_1200363938_1200363947_1200364074_1200364103_1507566554_1507566556_255882157_306484190': 3, 'gneJ143': 0, 'gneJ207': 4, 'gneJ208': 5, 'gneJ210': 0, 'gneJ255': 4, 'gneJ257': 53}, 
61060.0, {'1863241632': -4.0, '2330725114': -4.0, '243351999': 0.0, '243641585': -0.09821428, '243749571': -4.0, '30503246': -0.035714287, '30624898': -4.0, '32564122': -0.35267857, '89127267': 0.0, '89173763': -0.6651786, '89173808': 0.0, 'cluster_1427494838_273472399': 0.0, 'cluster_1757124350_1757124352': 0.0, 'cluster_1863241547_1863241548_1976170214': -0.071428575, 'cluster_306484187_cluster_1200363791_1200363826_1200363834_1200363898_1200363927_1200363938_1200363947_1200364074_1200364103_1507566554_1507566556_255882157_306484190': -0.1875, 'gneJ143': -0.02232143, 'gneJ207': -0.4732143, 'gneJ208': -4.0, 'gneJ210': 0.0, 'gneJ255': 0.0, 'gneJ257': -4.0}, {'1863241632': 10, '2330725114': 10, '243351999': 0, '243641585': 1, '243749571': 24, '30503246': 1, '30624898': 16, '32564122': 1, '89127267': 0, '89173763': 3, '89173808': 0, 'cluster_1427494838_273472399': 0, 'cluster_1757124350_1757124352': 0, 'cluster_1863241547_1863241548_1976170214': 1, 'cluster_306484187_cluster_1200363791_1200363826_1200363834_1200363898_1200363927_1200363938_1200363947_1200364074_1200364103_1507566554_1507566556_255882157_306484190': 2, 'gneJ143': 2, 'gneJ207': 5, 'gneJ208': 5, 'gneJ210': 0, 'gneJ255': 0, 'gneJ257': 27}, {'1863241632': 13, '2330725114': 10, '243351999': 0, '243641585': 3, '243749571': 64, '30503246': 2, '30624898': 41, '32564122': 3, '89127267': 0, '89173763': 4, '89173808': 0, 'cluster_1427494838_273472399': 0, 'cluster_1757124350_1757124352': 0, 'cluster_1863241547_1863241548_1976170214': 1, 'cluster_306484187_cluster_1200363791_1200363826_1200363834_1200363898_1200363927_1200363938_1200363947_1200364074_1200364103_1507566554_1507566556_255882157_306484190': 4, 'gneJ143': 2, 'gneJ207': 6, 'gneJ208': 5, 'gneJ210': 0, 'gneJ255': 0, 'gneJ257': 53}, 
61070.0, {'1863241632': -4.0, '2330725114': -4.0, '243351999': -0.03125, '243641585': -0.102678575, '243749571': -4.0, '30503246': 0.0, '30624898': -4.0, '32564122': 0.0, '89127267': 0.0, '89173763': -0.07589286, '89173808': 0.0, 'cluster_1427494838_273472399': 0.0, 'cluster_1757124350_1757124352': 0.0, 'cluster_1863241547_1863241548_1976170214': -0.03125, 'cluster_306484187_cluster_1200363791_1200363826_1200363834_1200363898_1200363927_1200363938_1200363947_1200364074_1200364103_1507566554_1507566556_255882157_306484190': 0.0, 'gneJ143': 0.0, 'gneJ207': -0.6339286, 'gneJ208': -4.0, 'gneJ210': -0.026785715, 'gneJ255': -0.02232143, 'gneJ257': -4.0}, {'1863241632': 10, '2330725114': 10, '243351999': 2, '243641585': 1, '243749571': 24, '30503246': 0, '30624898': 16, '32564122': 0, '89127267': 0, '89173763': 1, '89173808': 0, 'cluster_1427494838_273472399': 0, 'cluster_1757124350_1757124352': 0, 'cluster_1863241547_1863241548_1976170214': 1, 'cluster_306484187_cluster_1200363791_1200363826_1200363834_1200363898_1200363927_1200363938_1200363947_1200364074_1200364103_1507566554_1507566556_255882157_306484190': 0, 'gneJ143': 0, 'gneJ207': 5, 'gneJ208': 5, 'gneJ210': 1, 'gneJ255': 1, 'gneJ257': 27}, {'1863241632': 11, '2330725114': 10, '243351999': 2, '243641585': 2, '243749571': 64, '30503246': 0, '30624898': 40, '32564122': 0, '89127267': 0, '89173763': 2, '89173808': 0, 'cluster_1427494838_273472399': 0, 'cluster_1757124350_1757124352': 0, 'cluster_1863241547_1863241548_1976170214': 2, 'cluster_306484187_cluster_1200363791_1200363826_1200363834_1200363898_1200363927_1200363938_1200363947_1200364074_1200364103_1507566554_1507566556_255882157_306484190': 0, 'gneJ143': 0, 'gneJ207': 5, 'gneJ208': 5, 'gneJ210': 1, 'gneJ255': 2, 'gneJ257': 53}, 
61080.0, {'1863241632': -4.0, '2330725114': -4.0, '243351999': 0.0, '243641585': -0.02232143, '243749571': -4.0, '30503246': -0.017857144, '30624898': -4.0, '32564122': -0.008928572, '89127267': 0.0, '89173763': -0.34375, '89173808': 0.0, 'cluster_1427494838_273472399': 0.0, 'cluster_1757124350_1757124352': -0.02232143, 'cluster_1863241547_1863241548_1976170214': -0.23660715, 'cluster_306484187_cluster_1200363791_1200363826_1200363834_1200363898_1200363927_1200363938_1200363947_1200364074_1200364103_1507566554_1507566556_255882157_306484190': 0.0, 'gneJ143': -0.07589286, 'gneJ207': -0.87946427, 'gneJ208': -4.0, 'gneJ210': 0.0, 'gneJ255': -0.15625, 'gneJ257': -4.0}, {'1863241632': 10, '2330725114': 10, '243351999': 0, '243641585': 1, '243749571': 24, '30503246': 1, '30624898': 16, '32564122': 1, '89127267': 0, '89173763': 5, '89173808': 0, 'cluster_1427494838_273472399': 0, 'cluster_1757124350_1757124352': 1, 'cluster_1863241547_1863241548_1976170214': 3, 'cluster_306484187_cluster_1200363791_1200363826_1200363834_1200363898_1200363927_1200363938_1200363947_1200364074_1200364103_1507566554_1507566556_255882157_306484190': 0, 'gneJ143': 4, 'gneJ207': 5, 'gneJ208': 5, 'gneJ210': 0, 'gneJ255': 2, 'gneJ257': 27}, {'1863241632': 11, '2330725114': 10, '243351999': 0, '243641585': 1, '243749571': 65, '30503246': 1, '30624898': 39, '32564122': 2, '89127267': 0, '89173763': 10, '89173808': 0, 'cluster_1427494838_273472399': 0, 'cluster_1757124350_1757124352': 1, 'cluster_1863241547_1863241548_1976170214': 6, 'cluster_306484187_cluster_1200363791_1200363826_1200363834_1200363898_1200363927_1200363938_1200363947_1200364074_1200364103_1507566554_1507566556_255882157_306484190': 0, 'gneJ143': 4, 'gneJ207': 6, 'gneJ208': 5, 'gneJ210': 0, 'gneJ255': 3, 'gneJ257': 53}, 
61090.0, {'1863241632': -4.0, '2330725114': -4.0, '243351999': 0.0, '243641585': -0.116071425, '243749571': -4.0, '30503246': -0.0625, '30624898': -4.0, '32564122': -0.14285715, '89127267': 0.0, '89173763': -0.3482143, '89173808': 0.0, 'cluster_1427494838_273472399': 0.0, 'cluster_1757124350_1757124352': -0.06696428, 'cluster_1863241547_1863241548_1976170214': -0.09821428, 'cluster_306484187_cluster_1200363791_1200363826_1200363834_1200363898_1200363927_1200363938_1200363947_1200364074_1200364103_1507566554_1507566556_255882157_306484190': 0.0, 'gneJ143': -0.26339287, 'gneJ207': -0.33035713, 'gneJ208': -4.0, 'gneJ210': -0.08928572, 'gneJ255': -0.04017857, 'gneJ257': -4.0}, {'1863241632': 10, '2330725114': 10, '243351999': 0, '243641585': 2, '243749571': 24, '30503246': 1, '30624898': 16, '32564122': 1, '89127267': 0, '89173763': 6, '89173808': 0, 'cluster_1427494838_273472399': 0, 'cluster_1757124350_1757124352': 1, 'cluster_1863241547_1863241548_1976170214': 1, 'cluster_306484187_cluster_1200363791_1200363826_1200363834_1200363898_1200363927_1200363938_1200363947_1200364074_1200364103_1507566554_1507566556_255882157_306484190': 0, 'gneJ143': 4, 'gneJ207': 2, 'gneJ208': 5, 'gneJ210': 2, 'gneJ255': 2, 'gneJ257': 27}, {'1863241632': 10, '2330725114': 10, '243351999': 0, '243641585': 3, '243749571': 64, '30503246': 1, '30624898': 38, '32564122': 3, '89127267': 0, '89173763': 6, '89173808': 0, 'cluster_1427494838_273472399': 0, 'cluster_1757124350_1757124352': 1, 'cluster_1863241547_1863241548_1976170214': 2, 'cluster_306484187_cluster_1200363791_1200363826_1200363834_1200363898_1200363927_1200363938_1200363947_1200364074_1200364103_1507566554_1507566556_255882157_306484190': 0, 'gneJ143': 5, 'gneJ207': 2, 'gneJ208': 5, 'gneJ210': 3, 'gneJ255': 2, 'gneJ257': 53}, 
61100.0, {'1863241632': -4.0, '2330725114': -4.0, '243351999': 0.0, '243641585': -0.27232143, '243749571': -4.0, '30503246': 0.0, '30624898': -4.0, '32564122': -0.2767857, '89127267': 0.0, '89173763': -0.64285713, '89173808': -0.04910714, 'cluster_1427494838_273472399': -0.02232143, 'cluster_1757124350_1757124352': 0.0, 'cluster_1863241547_1863241548_1976170214': -0.04464286, 'cluster_306484187_cluster_1200363791_1200363826_1200363834_1200363898_1200363927_1200363938_1200363947_1200364074_1200364103_1507566554_1507566556_255882157_306484190': 0.0, 'gneJ143': -0.44642857, 'gneJ207': -0.06696428, 'gneJ208': -4.0, 'gneJ210': -0.008928572, 'gneJ255': -0.12053572, 'gneJ257': -4.0}, {'1863241632': 11, '2330725114': 10, '243351999': 0, '243641585': 3, '243749571': 24, '30503246': 0, '30624898': 16, '32564122': 1, '89127267': 0, '89173763': 6, '89173808': 2, 'cluster_1427494838_273472399': 1, 'cluster_1757124350_1757124352': 0, 'cluster_1863241547_1863241548_1976170214': 1, 'cluster_306484187_cluster_1200363791_1200363826_1200363834_1200363898_1200363927_1200363938_1200363947_1200364074_1200364103_1507566554_1507566556_255882157_306484190': 0, 'gneJ143': 4, 'gneJ207': 2, 'gneJ208': 5, 'gneJ210': 1, 'gneJ255': 2, 'gneJ257': 27}, {'1863241632': 12, '2330725114': 10, '243351999': 0, '243641585': 4, '243749571': 64, '30503246': 0, '30624898': 37, '32564122': 3, '89127267': 0, '89173763': 7, '89173808': 2, 'cluster_1427494838_273472399': 1, 'cluster_1757124350_1757124352': 0, 'cluster_1863241547_1863241548_1976170214': 2, 'cluster_306484187_cluster_1200363791_1200363826_1200363834_1200363898_1200363927_1200363938_1200363947_1200364074_1200364103_1507566554_1507566556_255882157_306484190': 0, 'gneJ143': 5, 'gneJ207': 2, 'gneJ208': 5, 'gneJ210': 1, 'gneJ255': 3, 'gneJ257': 53}, 
61110.0, {'1863241632': -4.0, '2330725114': -4.0, '243351999': 0.0, '243641585': -0.46875, '243749571': -4.0, '30503246': -0.02232143, '30624898': -4.0, '32564122': -0.4107143, '89127267': 0.0, '89173763': -0.96428573, '89173808': -0.15178572, 'cluster_1427494838_273472399': 0.0, 'cluster_1757124350_1757124352': 0.0, 'cluster_1863241547_1863241548_1976170214': -0.21875, 'cluster_306484187_cluster_1200363791_1200363826_1200363834_1200363898_1200363927_1200363938_1200363947_1200364074_1200364103_1507566554_1507566556_255882157_306484190': 0.0, 'gneJ143': -0.80803573, 'gneJ207': -0.16071428, 'gneJ208': -4.0, 'gneJ210': -0.08035714, 'gneJ255': -0.17410715, 'gneJ257': -4.0}, {'1863241632': 11, '2330725114': 10, '243351999': 0, '243641585': 4, '243749571': 24, '30503246': 1, '30624898': 16, '32564122': 1, '89127267': 0, '89173763': 6, '89173808': 3, 'cluster_1427494838_273472399': 0, 'cluster_1757124350_1757124352': 0, 'cluster_1863241547_1863241548_1976170214': 3, 'cluster_306484187_cluster_1200363791_1200363826_1200363834_1200363898_1200363927_1200363938_1200363947_1200364074_1200364103_1507566554_1507566556_255882157_306484190': 0, 'gneJ143': 4, 'gneJ207': 3, 'gneJ208': 5, 'gneJ210': 4, 'gneJ255': 2, 'gneJ257': 27}, {'1863241632': 14, '2330725114': 10, '243351999': 0, '243641585': 5, '243749571': 63, '30503246': 1, '30624898': 36, '32564122': 3, '89127267': 0, '89173763': 8, '89173808': 3, 'cluster_1427494838_273472399': 0, 'cluster_1757124350_1757124352': 0, 'cluster_1863241547_1863241548_1976170214': 5, 'cluster_306484187_cluster_1200363791_1200363826_1200363834_1200363898_1200363927_1200363938_1200363947_1200364074_1200364103_1507566554_1507566556_255882157_306484190': 0, 'gneJ143': 10, 'gneJ207': 3, 'gneJ208': 5, 'gneJ210': 5, 'gneJ255': 4, 'gneJ257': 53}, 
61120.0, {'1863241632': -4.0, '2330725114': -4.0, '243351999': -0.004464286, '243641585': -0.73214287, '243749571': -4.0, '30503246': 0.0, '30624898': -4.0, '32564122': -0.54464287, '89127267': 0.0, '89173763': -1.3214285, '89173808': 0.0, 'cluster_1427494838_273472399': 0.0, 'cluster_1757124350_1757124352': 0.0, 'cluster_1863241547_1863241548_1976170214': -0.375, 'cluster_306484187_cluster_1200363791_1200363826_1200363834_1200363898_1200363927_1200363938_1200363947_1200364074_1200364103_1507566554_1507566556_255882157_306484190': 0.0, 'gneJ143': -0.3794643, 'gneJ207': -0.33035713, 'gneJ208': -4.0, 'gneJ210': -0.30357143, 'gneJ255': -0.03125, 'gneJ257': -4.0}, {'1863241632': 8, '2330725114': 10, '243351999': 1, '243641585': 4, '243749571': 24, '30503246': 0, '30624898': 16, '32564122': 1, '89127267': 0, '89173763': 6, '89173808': 0, 'cluster_1427494838_273472399': 0, 'cluster_1757124350_1757124352': 0, 'cluster_1863241547_1863241548_1976170214': 3, 'cluster_306484187_cluster_1200363791_1200363826_1200363834_1200363898_1200363927_1200363938_1200363947_1200364074_1200364103_1507566554_1507566556_255882157_306484190': 0, 'gneJ143': 2, 'gneJ207': 4, 'gneJ208': 5, 'gneJ210': 4, 'gneJ255': 2, 'gneJ257': 27}, {'1863241632': 11, '2330725114': 10, '243351999': 1, '243641585': 7, '243749571': 63, '30503246': 0, '30624898': 34, '32564122': 3, '89127267': 0, '89173763': 8, '89173808': 0, 'cluster_1427494838_273472399': 0, 'cluster_1757124350_1757124352': 0, 'cluster_1863241547_1863241548_1976170214': 4, 'cluster_306484187_cluster_1200363791_1200363826_1200363834_1200363898_1200363927_1200363938_1200363947_1200364074_1200364103_1507566554_1507566556_255882157_306484190': 0, 'gneJ143': 2, 'gneJ207': 5, 'gneJ208': 5, 'gneJ210': 5, 'gneJ255': 2, 'gneJ257': 53}, 
61130.0, {'1863241632': -4.0, '2330725114': -4.0, '243351999': -0.04910714, '243641585': -1.1383928, '243749571': -4.0, '30503246': -0.026785715, '30624898': -4.0, '32564122': 0.0, '89127267': 0.0, '89173763': -1.6785715, '89173808': -0.026785715, 'cluster_1427494838_273472399': -0.013392857, 'cluster_1757124350_1757124352': 0.0, 'cluster_1863241547_1863241548_1976170214': -0.16964285, 'cluster_306484187_cluster_1200363791_1200363826_1200363834_1200363898_1200363927_1200363938_1200363947_1200364074_1200364103_1507566554_1507566556_255882157_306484190': 0.0, 'gneJ143': 0.0, 'gneJ207': -0.21875, 'gneJ208': -4.0, 'gneJ210': -0.09375, 'gneJ255': -0.16071428, 'gneJ257': -4.0}, {'1863241632': 7, '2330725114': 10, '243351999': 1, '243641585': 7, '243749571': 24, '30503246': 1, '30624898': 16, '32564122': 0, '89127267': 0, '89173763': 6, '89173808': 1, 'cluster_1427494838_273472399': 1, 'cluster_1757124350_1757124352': 0, 'cluster_1863241547_1863241548_1976170214': 2, 'cluster_306484187_cluster_1200363791_1200363826_1200363834_1200363898_1200363927_1200363938_1200363947_1200364074_1200364103_1507566554_1507566556_255882157_306484190': 0, 'gneJ143': 0, 'gneJ207': 2, 'gneJ208': 5, 'gneJ210': 1, 'gneJ255': 3, 'gneJ257': 27}, {'1863241632': 10, '2330725114': 10, '243351999': 1, '243641585': 13, '243749571': 64, '30503246': 2, '30624898': 33, '32564122': 0, '89127267': 0, '89173763': 8, '89173808': 1, 'cluster_1427494838_273472399': 1, 'cluster_1757124350_1757124352': 0, 'cluster_1863241547_1863241548_1976170214': 4, 'cluster_306484187_cluster_1200363791_1200363826_1200363834_1200363898_1200363927_1200363938_1200363947_1200364074_1200364103_1507566554_1507566556_255882157_306484190': 0, 'gneJ143': 0, 'gneJ207': 3, 'gneJ208': 5, 'gneJ210': 1, 'gneJ255': 6, 'gneJ257': 53}, 
61140.0, {'1863241632': -4.0, '2330725114': -4.0, '243351999': 0.0, '243641585': -1.7589285, '243749571': -4.0, '30503246': -0.116071425, '30624898': -4.0, '32564122': -0.008928572, '89127267': 0.0, '89173763': -2.0714285, '89173808': 0.0, 'cluster_1427494838_273472399': 0.0, 'cluster_1757124350_1757124352': 0.0, 'cluster_1863241547_1863241548_1976170214': -0.19196428, 'cluster_306484187_cluster_1200363791_1200363826_1200363834_1200363898_1200363927_1200363938_1200363947_1200364074_1200364103_1507566554_1507566556_255882157_306484190': 0.0, 'gneJ143': -0.013392857, 'gneJ207': -0.026785715, 'gneJ208': -4.0, 'gneJ210': 0.0, 'gneJ255': -0.45982143, 'gneJ257': -4.0}, {'1863241632': 7, '2330725114': 10, '243351999': 0, '243641585': 8, '243749571': 24, '30503246': 1, '30624898': 16, '32564122': 1, '89127267': 0, '89173763': 6, '89173808': 0, 'cluster_1427494838_273472399': 0, 'cluster_1757124350_1757124352': 0, 'cluster_1863241547_1863241548_1976170214': 2, 'cluster_306484187_cluster_1200363791_1200363826_1200363834_1200363898_1200363927_1200363938_1200363947_1200364074_1200364103_1507566554_1507566556_255882157_306484190': 0, 'gneJ143': 1, 'gneJ207': 1, 'gneJ208': 5, 'gneJ210': 0, 'gneJ255': 3, 'gneJ257': 27}, {'1863241632': 7, '2330725114': 10, '243351999': 0, '243641585': 14, '243749571': 63, '30503246': 2, '30624898': 33, '32564122': 1, '89127267': 0, '89173763': 9, '89173808': 0, 'cluster_1427494838_273472399': 0, 'cluster_1757124350_1757124352': 0, 'cluster_1863241547_1863241548_1976170214': 3, 'cluster_306484187_cluster_1200363791_1200363826_1200363834_1200363898_1200363927_1200363938_1200363947_1200364074_1200364103_1507566554_1507566556_255882157_306484190': 0, 'gneJ143': 1, 'gneJ207': 1, 'gneJ208': 5, 'gneJ210': 0, 'gneJ255': 7, 'gneJ257': 53}, 
61150.0, {'1863241632': -4.0, '2330725114': -4.0, '243351999': 0.0, '243641585': -0.91071427, '243749571': -4.0, '30503246': -0.20535715, '30624898': -4.0, '32564122': 0.0, '89127267': 0.0, '89173763': -1.9553572, '89173808': 0.0, 'cluster_1427494838_273472399': -0.08928572, 'cluster_1757124350_1757124352': -0.08928572, 'cluster_1863241547_1863241548_1976170214': 0.0, 'cluster_306484187_cluster_1200363791_1200363826_1200363834_1200363898_1200363927_1200363938_1200363947_1200364074_1200364103_1507566554_1507566556_255882157_306484190': 0.0, 'gneJ143': -0.15625, 'gneJ207': -0.14285715, 'gneJ208': -4.0, 'gneJ210': 0.0, 'gneJ255': -0.10714286, 'gneJ257': -4.0}, {'1863241632': 7, '2330725114': 10, '243351999': 0, '243641585': 5, '243749571': 24, '30503246': 1, '30624898': 16, '32564122': 0, '89127267': 0, '89173763': 6, '89173808': 0, 'cluster_1427494838_273472399': 2, 'cluster_1757124350_1757124352': 2, 'cluster_1863241547_1863241548_1976170214': 0, 'cluster_306484187_cluster_1200363791_1200363826_1200363834_1200363898_1200363927_1200363938_1200363947_1200364074_1200364103_1507566554_1507566556_255882157_306484190': 0, 'gneJ143': 2, 'gneJ207': 6, 'gneJ208': 5, 'gneJ210': 0, 'gneJ255': 1, 'gneJ257': 27}, {'1863241632': 8, '2330725114': 10, '243351999': 0, '243641585': 8, '243749571': 63, '30503246': 2, '30624898': 35, '32564122': 0, '89127267': 0, '89173763': 6, '89173808': 0, 'cluster_1427494838_273472399': 4, 'cluster_1757124350_1757124352': 3, 'cluster_1863241547_1863241548_1976170214': 0, 'cluster_306484187_cluster_1200363791_1200363826_1200363834_1200363898_1200363927_1200363938_1200363947_1200364074_1200364103_1507566554_1507566556_255882157_306484190': 0, 'gneJ143': 4, 'gneJ207': 6, 'gneJ208': 5, 'gneJ210': 0, 'gneJ255': 1, 'gneJ257': 53}, 
61160.0, {'1863241632': -4.0, '2330725114': -4.0, '243351999': 0.0, '243641585': -0.40625, '243749571': -4.0, '30503246': -0.29464287, '30624898': -4.0, '32564122': -0.008928572, '89127267': 0.0, '89173763': -2.2232144, '89173808': 0.0, 'cluster_1427494838_273472399': 0.0, 'cluster_1757124350_1757124352': -0.22321428, 'cluster_1863241547_1863241548_1976170214': -0.0625, 'cluster_306484187_cluster_1200363791_1200363826_1200363834_1200363898_1200363927_1200363938_1200363947_1200364074_1200364103_1507566554_1507566556_255882157_306484190': -0.06696428, 'gneJ143': -0.18303572, 'gneJ207': -0.2767857, 'gneJ208': -4.0, 'gneJ210': 0.0, 'gneJ255': -0.15178572, 'gneJ257': -4.0}, {'1863241632': 7, '2330725114': 10, '243351999': 0, '243641585': 2, '243749571': 24, '30503246': 1, '30624898': 16, '32564122': 1, '89127267': 0, '89173763': 6, '89173808': 0, 'cluster_1427494838_273472399': 0, 'cluster_1757124350_1757124352': 2, 'cluster_1863241547_1863241548_1976170214': 1, 'cluster_306484187_cluster_1200363791_1200363826_1200363834_1200363898_1200363927_1200363938_1200363947_1200364074_1200364103_1507566554_1507566556_255882157_306484190': 1, 'gneJ143': 1, 'gneJ207': 5, 'gneJ208': 5, 'gneJ210': 0, 'gneJ255': 1, 'gneJ257': 27}, {'1863241632': 10, '2330725114': 11, '243351999': 0, '243641585': 3, '243749571': 64, '30503246': 2, '30624898': 39, '32564122': 1, '89127267': 0, '89173763': 6, '89173808': 0, 'cluster_1427494838_273472399': 0, 'cluster_1757124350_1757124352': 3, 'cluster_1863241547_1863241548_1976170214': 2, 'cluster_306484187_cluster_1200363791_1200363826_1200363834_1200363898_1200363927_1200363938_1200363947_1200364074_1200364103_1507566554_1507566556_255882157_306484190': 4, 'gneJ143': 4, 'gneJ207': 5, 'gneJ208': 5, 'gneJ210': 0, 'gneJ255': 1, 'gneJ257': 53}, 
61170.0, {'1863241632': -4.0, '2330725114': -4.0, '243351999': 0.0, '243641585': -0.36607143, '243749571': -4.0, '30503246': -0.38392857, '30624898': -4.0, '32564122': 0.0, '89127267': 0.0, '89173763': -2.4910715, '89173808': 0.0, 'cluster_1427494838_273472399': 0.0, 'cluster_1757124350_1757124352': 0.0, 'cluster_1863241547_1863241548_1976170214': -0.15178572, 'cluster_306484187_cluster_1200363791_1200363826_1200363834_1200363898_1200363927_1200363938_1200363947_1200364074_1200364103_1507566554_1507566556_255882157_306484190': 0.0, 'gneJ143': -0.36160713, 'gneJ207': -0.40625, 'gneJ208': -4.0, 'gneJ210': -0.035714287, 'gneJ255': 0.0, 'gneJ257': -4.0}, {'1863241632': 7, '2330725114': 10, '243351999': 0, '243641585': 2, '243749571': 24, '30503246': 1, '30624898': 16, '32564122': 0, '89127267': 0, '89173763': 6, '89173808': 0, 'cluster_1427494838_273472399': 0, 'cluster_1757124350_1757124352': 0, 'cluster_1863241547_1863241548_1976170214': 1, 'cluster_306484187_cluster_1200363791_1200363826_1200363834_1200363898_1200363927_1200363938_1200363947_1200364074_1200364103_1507566554_1507566556_255882157_306484190': 0, 'gneJ143': 1, 'gneJ207': 5, 'gneJ208': 5, 'gneJ210': 1, 'gneJ255': 0, 'gneJ257': 27}, {'1863241632': 7, '2330725114': 11, '243351999': 0, '243641585': 3, '243749571': 63, '30503246': 2, '30624898': 40, '32564122': 0, '89127267': 0, '89173763': 6, '89173808': 0, 'cluster_1427494838_273472399': 0, 'cluster_1757124350_1757124352': 0, 'cluster_1863241547_1863241548_1976170214': 2, 'cluster_306484187_cluster_1200363791_1200363826_1200363834_1200363898_1200363927_1200363938_1200363947_1200364074_1200364103_1507566554_1507566556_255882157_306484190': 0, 'gneJ143': 4, 'gneJ207': 6, 'gneJ208': 6, 'gneJ210': 1, 'gneJ255': 0, 'gneJ257': 53}, 
61180.0, {'1863241632': -4.0, '2330725114': -4.0, '243351999': 0.0, '243641585': -0.54910713, '243749571': -4.0, '30503246': -0.4732143, '30624898': -4.0, '32564122': 0.0, '89127267': 0.0, '89173763': -2.767857, '89173808': -0.017857144, 'cluster_1427494838_273472399': -0.05357143, 'cluster_1757124350_1757124352': 0.0, 'cluster_1863241547_1863241548_1976170214': -0.28125, 'cluster_306484187_cluster_1200363791_1200363826_1200363834_1200363898_1200363927_1200363938_1200363947_1200364074_1200364103_1507566554_1507566556_255882157_306484190': 0.0, 'gneJ143': 0.0, 'gneJ207': -0.19196428, 'gneJ208': -4.0, 'gneJ210': -0.08035714, 'gneJ255': 0.0, 'gneJ257': -4.0}, {'1863241632': 7, '2330725114': 10, '243351999': 0, '243641585': 4, '243749571': 24, '30503246': 1, '30624898': 16, '32564122': 0, '89127267': 0, '89173763': 6, '89173808': 1, 'cluster_1427494838_273472399': 1, 'cluster_1757124350_1757124352': 0, 'cluster_1863241547_1863241548_1976170214': 2, 'cluster_306484187_cluster_1200363791_1200363826_1200363834_1200363898_1200363927_1200363938_1200363947_1200364074_1200364103_1507566554_1507566556_255882157_306484190': 0, 'gneJ143': 0, 'gneJ207': 1, 'gneJ208': 5, 'gneJ210': 1, 'gneJ255': 0, 'gneJ257': 27}, {'1863241632': 8, '2330725114': 17, '243351999': 0, '243641585': 6, '243749571': 64, '30503246': 2, '30624898': 38, '32564122': 0, '89127267': 0, '89173763': 7, '89173808': 1, 'cluster_1427494838_273472399': 2, 'cluster_1757124350_1757124352': 0, 'cluster_1863241547_1863241548_1976170214': 4, 'cluster_306484187_cluster_1200363791_1200363826_1200363834_1200363898_1200363927_1200363938_1200363947_1200364074_1200364103_1507566554_1507566556_255882157_306484190': 0, 'gneJ143': 0, 'gneJ207': 2, 'gneJ208': 6, 'gneJ210': 1, 'gneJ255': 0, 'gneJ257': 53}, 
61190.0, {'1863241632': -4.0, '2330725114': -4.0, '243351999': -0.008928572, '243641585': -0.90625, '243749571': -4.0, '30503246': 0.0, '30624898': -4.0, '32564122': 0.0, '89127267': 0.0, '89173763': -3.0267856, '89173808': -0.0625, 'cluster_1427494838_273472399': 0.0, 'cluster_1757124350_1757124352': -0.013392857, 'cluster_1863241547_1863241548_1976170214': -0.29017857, 'cluster_306484187_cluster_1200363791_1200363826_1200363834_1200363898_1200363927_1200363938_1200363947_1200364074_1200364103_1507566554_1507566556_255882157_306484190': 0.0, 'gneJ143': 0.0, 'gneJ207': -0.11160714, 'gneJ208': -4.0, 'gneJ210': 0.0, 'gneJ255': 0.0, 'gneJ257': -4.0}, {'1863241632': 7, '2330725114': 11, '243351999': 1, '243641585': 5, '243749571': 24, '30503246': 0, '30624898': 16, '32564122': 0, '89127267': 0, '89173763': 6, '89173808': 1, 'cluster_1427494838_273472399': 0, 'cluster_1757124350_1757124352': 1, 'cluster_1863241547_1863241548_1976170214': 2, 'cluster_306484187_cluster_1200363791_1200363826_1200363834_1200363898_1200363927_1200363938_1200363947_1200364074_1200364103_1507566554_1507566556_255882157_306484190': 0, 'gneJ143': 0, 'gneJ207': 1, 'gneJ208': 5, 'gneJ210': 0, 'gneJ255': 0, 'gneJ257': 27}, {'1863241632': 8, '2330725114': 22, '243351999': 1, '243641585': 9, '243749571': 64, '30503246': 0, '30624898': 36, '32564122': 0, '89127267': 0, '89173763': 6, '89173808': 1, 'cluster_1427494838_273472399': 0, 'cluster_1757124350_1757124352': 2, 'cluster_1863241547_1863241548_1976170214': 3, 'cluster_306484187_cluster_1200363791_1200363826_1200363834_1200363898_1200363927_1200363938_1200363947_1200364074_1200364103_1507566554_1507566556_255882157_306484190': 0, 'gneJ143': 0, 'gneJ207': 1, 'gneJ208': 6, 'gneJ210': 0, 'gneJ255': 0, 'gneJ257': 53}, 
61200.0, {'1863241632': -4.0, '2330725114': -4.0, '243351999': 0.0, '243641585': -0.3125, '243749571': -4.0, '30503246': 0.0, '30624898': -4.0, '32564122': 0.0, '89127267': 0.0, '89173763': -2.1651785, '89173808': 0.0, 'cluster_1427494838_273472399': 0.0, 'cluster_1757124350_1757124352': -0.17410715, 'cluster_1863241547_1863241548_1976170214': -0.42410713, 'cluster_306484187_cluster_1200363791_1200363826_1200363834_1200363898_1200363927_1200363938_1200363947_1200364074_1200364103_1507566554_1507566556_255882157_306484190': -0.004464286, 'gneJ143': 0.0, 'gneJ207': 0.0, 'gneJ208': -4.0, 'gneJ210': 0.0, 'gneJ255': -0.12053572, 'gneJ257': -4.0}, {'1863241632': 7, '2330725114': 13, '243351999': 0, '243641585': 2, '243749571': 24, '30503246': 0, '30624898': 16, '32564122': 0, '89127267': 0, '89173763': 4, '89173808': 0, 'cluster_1427494838_273472399': 0, 'cluster_1757124350_1757124352': 2, 'cluster_1863241547_1863241548_1976170214': 2, 'cluster_306484187_cluster_1200363791_1200363826_1200363834_1200363898_1200363927_1200363938_1200363947_1200364074_1200364103_1507566554_1507566556_255882157_306484190': 1, 'gneJ143': 0, 'gneJ207': 0, 'gneJ208': 5, 'gneJ210': 0, 'gneJ255': 1, 'gneJ257': 27}, {'1863241632': 8, '2330725114': 27, '243351999': 0, '243641585': 5, '243749571': 64, '30503246': 0, '30624898': 34, '32564122': 0, '89127267': 0, '89173763': 4, '89173808': 0, 'cluster_1427494838_273472399': 0, 'cluster_1757124350_1757124352': 4, 'cluster_1863241547_1863241548_1976170214': 3, 'cluster_306484187_cluster_1200363791_1200363826_1200363834_1200363898_1200363927_1200363938_1200363947_1200364074_1200364103_1507566554_1507566556_255882157_306484190': 1, 'gneJ143': 0, 'gneJ207': 0, 'gneJ208': 6, 'gneJ210': 0, 'gneJ255': 3, 'gneJ257': 53}, 
