57610.0, {'cluster_1757124350_1757124352': 0.0, 'gneJ143': 0.0, 'gneJ207': 0.0, 'cluster_306484187_cluster_1200363791_1200363826_1200363834_1200363898_1200363927_1200363938_1200363947_1200364074_1200364103_1507566554_1507566556_255882157_306484190': 0.0, '32564122': 0.0, 'gneJ260': 0.0, 'gneJ210': 0.0}, {'cluster_1757124350_1757124352': 0, 'gneJ143': 0, 'gneJ207': 0, 'cluster_306484187_cluster_1200363791_1200363826_1200363834_1200363898_1200363927_1200363938_1200363947_1200364074_1200364103_1507566554_1507566556_255882157_306484190': 0, '32564122': 0, 'gneJ260': 0, 'gneJ210': 0}, {'cluster_1757124350_1757124352': 0, 'gneJ143': 0, 'gneJ207': 0, 'cluster_306484187_cluster_1200363791_1200363826_1200363834_1200363898_1200363927_1200363938_1200363947_1200364074_1200364103_1507566554_1507566556_255882157_306484190': 0, '32564122': 0, 'gneJ260': 0, 'gneJ210': 0}, 
57620.0, {'cluster_1757124350_1757124352': 0.0, 'gneJ143': 0.0, 'gneJ207': 0.0, 'cluster_306484187_cluster_1200363791_1200363826_1200363834_1200363898_1200363927_1200363938_1200363947_1200364074_1200364103_1507566554_1507566556_255882157_306484190': 0.0, '32564122': 0.0, 'gneJ260': 0.0, 'gneJ210': 0.0}, {'cluster_1757124350_1757124352': 0, 'gneJ143': 0, 'gneJ207': 0, 'cluster_306484187_cluster_1200363791_1200363826_1200363834_1200363898_1200363927_1200363938_1200363947_1200364074_1200364103_1507566554_1507566556_255882157_306484190': 0, '32564122': 0, 'gneJ260': 0, 'gneJ210': 0}, {'cluster_1757124350_1757124352': 0, 'gneJ143': 0, 'gneJ207': 0, 'cluster_306484187_cluster_1200363791_1200363826_1200363834_1200363898_1200363927_1200363938_1200363947_1200364074_1200364103_1507566554_1507566556_255882157_306484190': 0, '32564122': 0, 'gneJ260': 0, 'gneJ210': 0}, 
57630.0, {'cluster_1757124350_1757124352': 0.0, 'gneJ143': 0.0, 'gneJ207': 0.0, 'cluster_306484187_cluster_1200363791_1200363826_1200363834_1200363898_1200363927_1200363938_1200363947_1200364074_1200364103_1507566554_1507566556_255882157_306484190': 0.0, '32564122': -0.013392857, 'gneJ260': 0.0, 'gneJ210': 0.0}, {'cluster_1757124350_1757124352': 0, 'gneJ143': 0, 'gneJ207': 0, 'cluster_306484187_cluster_1200363791_1200363826_1200363834_1200363898_1200363927_1200363938_1200363947_1200364074_1200364103_1507566554_1507566556_255882157_306484190': 0, '32564122': 1, 'gneJ260': 0, 'gneJ210': 0}, {'cluster_1757124350_1757124352': 0, 'gneJ143': 0, 'gneJ207': 0, 'cluster_306484187_cluster_1200363791_1200363826_1200363834_1200363898_1200363927_1200363938_1200363947_1200364074_1200364103_1507566554_1507566556_255882157_306484190': 0, '32564122': 1, 'gneJ260': 0, 'gneJ210': 0}, 
57640.0, {'cluster_1757124350_1757124352': 0.0, 'gneJ143': -0.008928572, 'gneJ207': 0.0, 'cluster_306484187_cluster_1200363791_1200363826_1200363834_1200363898_1200363927_1200363938_1200363947_1200364074_1200364103_1507566554_1507566556_255882157_306484190': 0.0, '32564122': 0.0, 'gneJ260': -0.008928572, 'gneJ210': 0.0}, {'cluster_1757124350_1757124352': 0, 'gneJ143': 1, 'gneJ207': 0, 'cluster_306484187_cluster_1200363791_1200363826_1200363834_1200363898_1200363927_1200363938_1200363947_1200364074_1200364103_1507566554_1507566556_255882157_306484190': 0, '32564122': 0, 'gneJ260': 1, 'gneJ210': 0}, {'cluster_1757124350_1757124352': 0, 'gneJ143': 1, 'gneJ207': 0, 'cluster_306484187_cluster_1200363791_1200363826_1200363834_1200363898_1200363927_1200363938_1200363947_1200364074_1200364103_1507566554_1507566556_255882157_306484190': 0, '32564122': 0, 'gneJ260': 1, 'gneJ210': 0}, 
57650.0, {'cluster_1757124350_1757124352': 0.0, 'gneJ143': -0.06696428, 'gneJ207': -0.03125, 'cluster_306484187_cluster_1200363791_1200363826_1200363834_1200363898_1200363927_1200363938_1200363947_1200364074_1200364103_1507566554_1507566556_255882157_306484190': -0.04910714, '32564122': 0.0, 'gneJ260': 0.0, 'gneJ210': 0.0}, {'cluster_1757124350_1757124352': 0, 'gneJ143': 2, 'gneJ207': 1, 'cluster_306484187_cluster_1200363791_1200363826_1200363834_1200363898_1200363927_1200363938_1200363947_1200364074_1200364103_1507566554_1507566556_255882157_306484190': 3, '32564122': 0, 'gneJ260': 0, 'gneJ210': 0}, {'cluster_1757124350_1757124352': 0, 'gneJ143': 4, 'gneJ207': 2, 'cluster_306484187_cluster_1200363791_1200363826_1200363834_1200363898_1200363927_1200363938_1200363947_1200364074_1200364103_1507566554_1507566556_255882157_306484190': 3, '32564122': 0, 'gneJ260': 0, 'gneJ210': 0}, 
57660.0, {'cluster_1757124350_1757124352': -0.04464286, 'gneJ143': 0.0, 'gneJ207': -0.19642857, 'cluster_306484187_cluster_1200363791_1200363826_1200363834_1200363898_1200363927_1200363938_1200363947_1200364074_1200364103_1507566554_1507566556_255882157_306484190': -0.03125, '32564122': 0.0, 'gneJ260': 0.0, 'gneJ210': -0.035714287}, {'cluster_1757124350_1757124352': 1, 'gneJ143': 0, 'gneJ207': 2, 'cluster_306484187_cluster_1200363791_1200363826_1200363834_1200363898_1200363927_1200363938_1200363947_1200364074_1200364103_1507566554_1507566556_255882157_306484190': 1, '32564122': 0, 'gneJ260': 0, 'gneJ210': 1}, {'cluster_1757124350_1757124352': 1, 'gneJ143': 0, 'gneJ207': 5, 'cluster_306484187_cluster_1200363791_1200363826_1200363834_1200363898_1200363927_1200363938_1200363947_1200364074_1200364103_1507566554_1507566556_255882157_306484190': 1, '32564122': 0, 'gneJ260': 0, 'gneJ210': 2}, 
57670.0, {'cluster_1757124350_1757124352': -0.08928572, 'gneJ143': -0.05357143, 'gneJ207': -0.48660713, 'cluster_306484187_cluster_1200363791_1200363826_1200363834_1200363898_1200363927_1200363938_1200363947_1200364074_1200364103_1507566554_1507566556_255882157_306484190': -0.07589286, '32564122': -0.013392857, 'gneJ260': 0.0, 'gneJ210': -0.125}, {'cluster_1757124350_1757124352': 1, 'gneJ143': 3, 'gneJ207': 3, 'cluster_306484187_cluster_1200363791_1200363826_1200363834_1200363898_1200363927_1200363938_1200363947_1200364074_1200364103_1507566554_1507566556_255882157_306484190': 1, '32564122': 1, 'gneJ260': 0, 'gneJ210': 1}, {'cluster_1757124350_1757124352': 1, 'gneJ143': 3, 'gneJ207': 8, 'cluster_306484187_cluster_1200363791_1200363826_1200363834_1200363898_1200363927_1200363938_1200363947_1200364074_1200364103_1507566554_1507566556_255882157_306484190': 1, '32564122': 1, 'gneJ260': 0, 'gneJ210': 2}, 
57680.0, {'cluster_1757124350_1757124352': -0.035714287, 'gneJ143': -0.19196428, 'gneJ207': -0.20089285, 'cluster_306484187_cluster_1200363791_1200363826_1200363834_1200363898_1200363927_1200363938_1200363947_1200364074_1200364103_1507566554_1507566556_255882157_306484190': -0.035714287, '32564122': 0.0, 'gneJ260': 0.0, 'gneJ210': 0.0}, {'cluster_1757124350_1757124352': 2, 'gneJ143': 3, 'gneJ207': 3, 'cluster_306484187_cluster_1200363791_1200363826_1200363834_1200363898_1200363927_1200363938_1200363947_1200364074_1200364103_1507566554_1507566556_255882157_306484190': 1, '32564122': 0, 'gneJ260': 0, 'gneJ210': 0}, {'cluster_1757124350_1757124352': 2, 'gneJ143': 4, 'gneJ207': 4, 'cluster_306484187_cluster_1200363791_1200363826_1200363834_1200363898_1200363927_1200363938_1200363947_1200364074_1200364103_1507566554_1507566556_255882157_306484190': 1, '32564122': 0, 'gneJ260': 0, 'gneJ210': 0}, 
57690.0, {'cluster_1757124350_1757124352': 0.0, 'gneJ143': -0.09821428, 'gneJ207': -0.42410713, 'cluster_306484187_cluster_1200363791_1200363826_1200363834_1200363898_1200363927_1200363938_1200363947_1200364074_1200364103_1507566554_1507566556_255882157_306484190': -0.08035714, '32564122': -0.02232143, 'gneJ260': 0.0, 'gneJ210': 0.0}, {'cluster_1757124350_1757124352': 0, 'gneJ143': 1, 'gneJ207': 4, 'cluster_306484187_cluster_1200363791_1200363826_1200363834_1200363898_1200363927_1200363938_1200363947_1200364074_1200364103_1507566554_1507566556_255882157_306484190': 1, '32564122': 1, 'gneJ260': 0, 'gneJ210': 0}, {'cluster_1757124350_1757124352': 0, 'gneJ143': 1, 'gneJ207': 6, 'cluster_306484187_cluster_1200363791_1200363826_1200363834_1200363898_1200363927_1200363938_1200363947_1200364074_1200364103_1507566554_1507566556_255882157_306484190': 1, '32564122': 1, 'gneJ260': 0, 'gneJ210': 0}, 
57700.0, {'cluster_1757124350_1757124352': 0.0, 'gneJ143': -0.04910714, 'gneJ207': -0.8839286, 'cluster_306484187_cluster_1200363791_1200363826_1200363834_1200363898_1200363927_1200363938_1200363947_1200364074_1200364103_1507566554_1507566556_255882157_306484190': -0.125, '32564122': -0.16071428, 'gneJ260': -0.017857144, 'gneJ210': 0.0}, {'cluster_1757124350_1757124352': 0, 'gneJ143': 4, 'gneJ207': 6, 'cluster_306484187_cluster_1200363791_1200363826_1200363834_1200363898_1200363927_1200363938_1200363947_1200364074_1200364103_1507566554_1507566556_255882157_306484190': 1, '32564122': 2, 'gneJ260': 1, 'gneJ210': 0}, {'cluster_1757124350_1757124352': 0, 'gneJ143': 4, 'gneJ207': 12, 'cluster_306484187_cluster_1200363791_1200363826_1200363834_1200363898_1200363927_1200363938_1200363947_1200364074_1200364103_1507566554_1507566556_255882157_306484190': 1, '32564122': 4, 'gneJ260': 1, 'gneJ210': 0}, 
57710.0, {'cluster_1757124350_1757124352': -0.04910714, 'gneJ143': -0.23660715, 'gneJ207': -0.6160714, 'cluster_306484187_cluster_1200363791_1200363826_1200363834_1200363898_1200363927_1200363938_1200363947_1200364074_1200364103_1507566554_1507566556_255882157_306484190': -0.16964285, '32564122': 0.0, 'gneJ260': 0.0, 'gneJ210': -0.017857144}, {'cluster_1757124350_1757124352': 1, 'gneJ143': 4, 'gneJ207': 6, 'cluster_306484187_cluster_1200363791_1200363826_1200363834_1200363898_1200363927_1200363938_1200363947_1200364074_1200364103_1507566554_1507566556_255882157_306484190': 1, '32564122': 0, 'gneJ260': 0, 'gneJ210': 1}, {'cluster_1757124350_1757124352': 2, 'gneJ143': 5, 'gneJ207': 9, 'cluster_306484187_cluster_1200363791_1200363826_1200363834_1200363898_1200363927_1200363938_1200363947_1200364074_1200364103_1507566554_1507566556_255882157_306484190': 1, '32564122': 0, 'gneJ260': 0, 'gneJ210': 1}, 
57720.0, {'cluster_1757124350_1757124352': 0.0, 'gneJ143': -0.58035713, 'gneJ207': -0.91071427, 'cluster_306484187_cluster_1200363791_1200363826_1200363834_1200363898_1200363927_1200363938_1200363947_1200364074_1200364103_1507566554_1507566556_255882157_306484190': -0.21428572, '32564122': 0.0, 'gneJ260': -0.017857144, 'gneJ210': 0.0}, {'cluster_1757124350_1757124352': 0, 'gneJ143': 5, 'gneJ207': 5, 'cluster_306484187_cluster_1200363791_1200363826_1200363834_1200363898_1200363927_1200363938_1200363947_1200364074_1200364103_1507566554_1507566556_255882157_306484190': 1, '32564122': 0, 'gneJ260': 1, 'gneJ210': 0}, {'cluster_1757124350_1757124352': 0, 'gneJ143': 10, 'gneJ207': 8, 'cluster_306484187_cluster_1200363791_1200363826_1200363834_1200363898_1200363927_1200363938_1200363947_1200364074_1200364103_1507566554_1507566556_255882157_306484190': 1, '32564122': 0, 'gneJ260': 1, 'gneJ210': 0}, 
57730.0, {'cluster_1757124350_1757124352': 0.0, 'gneJ143': -0.30357143, 'gneJ207': -1.4241072, 'cluster_306484187_cluster_1200363791_1200363826_1200363834_1200363898_1200363927_1200363938_1200363947_1200364074_1200364103_1507566554_1507566556_255882157_306484190': -0.3125, '32564122': 0.0, 'gneJ260': -0.004464286, 'gneJ210': 0.0}, {'cluster_1757124350_1757124352': 0, 'gneJ143': 4, 'gneJ207': 8, 'cluster_306484187_cluster_1200363791_1200363826_1200363834_1200363898_1200363927_1200363938_1200363947_1200364074_1200364103_1507566554_1507566556_255882157_306484190': 2, '32564122': 0, 'gneJ260': 1, 'gneJ210': 0}, {'cluster_1757124350_1757124352': 0, 'gneJ143': 5, 'gneJ207': 14, 'cluster_306484187_cluster_1200363791_1200363826_1200363834_1200363898_1200363927_1200363938_1200363947_1200364074_1200364103_1507566554_1507566556_255882157_306484190': 4, '32564122': 0, 'gneJ260': 1, 'gneJ210': 0}, 
57740.0, {'cluster_1757124350_1757124352': 0.0, 'gneJ143': -0.38392857, 'gneJ207': -1.1919643, 'cluster_306484187_cluster_1200363791_1200363826_1200363834_1200363898_1200363927_1200363938_1200363947_1200364074_1200364103_1507566554_1507566556_255882157_306484190': -0.59821427, '32564122': 0.0, 'gneJ260': -0.004464286, 'gneJ210': 0.0}, {'cluster_1757124350_1757124352': 0, 'gneJ143': 3, 'gneJ207': 10, 'cluster_306484187_cluster_1200363791_1200363826_1200363834_1200363898_1200363927_1200363938_1200363947_1200364074_1200364103_1507566554_1507566556_255882157_306484190': 4, '32564122': 0, 'gneJ260': 1, 'gneJ210': 0}, {'cluster_1757124350_1757124352': 0, 'gneJ143': 7, 'gneJ207': 14, 'cluster_306484187_cluster_1200363791_1200363826_1200363834_1200363898_1200363927_1200363938_1200363947_1200364074_1200364103_1507566554_1507566556_255882157_306484190': 8, '32564122': 0, 'gneJ260': 1, 'gneJ210': 0}, 
57750.0, {'cluster_1757124350_1757124352': 0.0, 'gneJ143': -0.33035713, 'gneJ207': -1.7723215, 'cluster_306484187_cluster_1200363791_1200363826_1200363834_1200363898_1200363927_1200363938_1200363947_1200364074_1200364103_1507566554_1507566556_255882157_306484190': -0.14285715, '32564122': 0.0, 'gneJ260': 0.0, 'gneJ210': -0.07589286}, {'cluster_1757124350_1757124352': 0, 'gneJ143': 3, 'gneJ207': 10, 'cluster_306484187_cluster_1200363791_1200363826_1200363834_1200363898_1200363927_1200363938_1200363947_1200364074_1200364103_1507566554_1507566556_255882157_306484190': 1, '32564122': 0, 'gneJ260': 0, 'gneJ210': 2}, {'cluster_1757124350_1757124352': 0, 'gneJ143': 6, 'gneJ207': 15, 'cluster_306484187_cluster_1200363791_1200363826_1200363834_1200363898_1200363927_1200363938_1200363947_1200364074_1200364103_1507566554_1507566556_255882157_306484190': 3, '32564122': 0, 'gneJ260': 0, 'gneJ210': 3}, 
57760.0, {'cluster_1757124350_1757124352': 0.0, 'gneJ143': -0.3705357, 'gneJ207': -1.6339285, 'cluster_306484187_cluster_1200363791_1200363826_1200363834_1200363898_1200363927_1200363938_1200363947_1200364074_1200364103_1507566554_1507566556_255882157_306484190': -0.29910713, '32564122': -0.008928572, 'gneJ260': -0.026785715, 'gneJ210': -0.24553572}, {'cluster_1757124350_1757124352': 0, 'gneJ143': 2, 'gneJ207': 10, 'cluster_306484187_cluster_1200363791_1200363826_1200363834_1200363898_1200363927_1200363938_1200363947_1200364074_1200364103_1507566554_1507566556_255882157_306484190': 2, '32564122': 1, 'gneJ260': 2, 'gneJ210': 2}, {'cluster_1757124350_1757124352': 0, 'gneJ143': 3, 'gneJ207': 13, 'cluster_306484187_cluster_1200363791_1200363826_1200363834_1200363898_1200363927_1200363938_1200363947_1200364074_1200364103_1507566554_1507566556_255882157_306484190': 4, '32564122': 1, 'gneJ260': 2, 'gneJ210': 4}, 
57770.0, {'cluster_1757124350_1757124352': 0.0, 'gneJ143': -0.04464286, 'gneJ207': -1.6830357, 'cluster_306484187_cluster_1200363791_1200363826_1200363834_1200363898_1200363927_1200363938_1200363947_1200364074_1200364103_1507566554_1507566556_255882157_306484190': -0.12053572, '32564122': -0.05357143, 'gneJ260': -0.02232143, 'gneJ210': -0.4330357}, {'cluster_1757124350_1757124352': 0, 'gneJ143': 2, 'gneJ207': 9, 'cluster_306484187_cluster_1200363791_1200363826_1200363834_1200363898_1200363927_1200363938_1200363947_1200364074_1200364103_1507566554_1507566556_255882157_306484190': 1, '32564122': 1, 'gneJ260': 1, 'gneJ210': 2}, {'cluster_1757124350_1757124352': 0, 'gneJ143': 2, 'gneJ207': 14, 'cluster_306484187_cluster_1200363791_1200363826_1200363834_1200363898_1200363927_1200363938_1200363947_1200364074_1200364103_1507566554_1507566556_255882157_306484190': 2, '32564122': 1, 'gneJ260': 1, 'gneJ210': 5}, 
57780.0, {'cluster_1757124350_1757124352': 0.0, 'gneJ143': -0.13392857, 'gneJ207': -1.1517857, 'cluster_306484187_cluster_1200363791_1200363826_1200363834_1200363898_1200363927_1200363938_1200363947_1200364074_1200364103_1507566554_1507566556_255882157_306484190': -0.20982143, '32564122': -0.09821428, 'gneJ260': -0.06696428, 'gneJ210': -0.7098214}, {'cluster_1757124350_1757124352': 0, 'gneJ143': 2, 'gneJ207': 7, 'cluster_306484187_cluster_1200363791_1200363826_1200363834_1200363898_1200363927_1200363938_1200363947_1200364074_1200364103_1507566554_1507566556_255882157_306484190': 1, '32564122': 1, 'gneJ260': 1, 'gneJ210': 3}, {'cluster_1757124350_1757124352': 0, 'gneJ143': 2, 'gneJ207': 8, 'cluster_306484187_cluster_1200363791_1200363826_1200363834_1200363898_1200363927_1200363938_1200363947_1200364074_1200364103_1507566554_1507566556_255882157_306484190': 2, '32564122': 1, 'gneJ260': 1, 'gneJ210': 8}, 
57790.0, {'cluster_1757124350_1757124352': 0.0, 'gneJ143': -0.10714286, 'gneJ207': -1.2589285, 'cluster_306484187_cluster_1200363791_1200363826_1200363834_1200363898_1200363927_1200363938_1200363947_1200364074_1200364103_1507566554_1507566556_255882157_306484190': 0.0, '32564122': -0.08928572, 'gneJ260': 0.0, 'gneJ210': 0.0}, {'cluster_1757124350_1757124352': 0, 'gneJ143': 1, 'gneJ207': 6, 'cluster_306484187_cluster_1200363791_1200363826_1200363834_1200363898_1200363927_1200363938_1200363947_1200364074_1200364103_1507566554_1507566556_255882157_306484190': 0, '32564122': 3, 'gneJ260': 0, 'gneJ210': 0}, {'cluster_1757124350_1757124352': 0, 'gneJ143': 1, 'gneJ207': 7, 'cluster_306484187_cluster_1200363791_1200363826_1200363834_1200363898_1200363927_1200363938_1200363947_1200364074_1200364103_1507566554_1507566556_255882157_306484190': 0, '32564122': 5, 'gneJ260': 0, 'gneJ210': 0}, 
57800.0, {'cluster_1757124350_1757124352': -0.004464286, 'gneJ143': -0.08928572, 'gneJ207': -0.5401786, 'cluster_306484187_cluster_1200363791_1200363826_1200363834_1200363898_1200363927_1200363938_1200363947_1200364074_1200364103_1507566554_1507566556_255882157_306484190': 0.0, '32564122': 0.0, 'gneJ260': -0.02232143, 'gneJ210': 0.0}, {'cluster_1757124350_1757124352': 1, 'gneJ143': 5, 'gneJ207': 2, 'cluster_306484187_cluster_1200363791_1200363826_1200363834_1200363898_1200363927_1200363938_1200363947_1200364074_1200364103_1507566554_1507566556_255882157_306484190': 0, '32564122': 0, 'gneJ260': 1, 'gneJ210': 0}, {'cluster_1757124350_1757124352': 1, 'gneJ143': 5, 'gneJ207': 3, 'cluster_306484187_cluster_1200363791_1200363826_1200363834_1200363898_1200363927_1200363938_1200363947_1200364074_1200364103_1507566554_1507566556_255882157_306484190': 0, '32564122': 0, 'gneJ260': 1, 'gneJ210': 0}, 
57810.0, {'cluster_1757124350_1757124352': -0.04910714, 'gneJ143': -0.14732143, 'gneJ207': -0.19196428, 'cluster_306484187_cluster_1200363791_1200363826_1200363834_1200363898_1200363927_1200363938_1200363947_1200364074_1200364103_1507566554_1507566556_255882157_306484190': 0.0, '32564122': -0.11160714, 'gneJ260': -0.14285715, 'gneJ210': 0.0}, {'cluster_1757124350_1757124352': 1, 'gneJ143': 4, 'gneJ207': 1, 'cluster_306484187_cluster_1200363791_1200363826_1200363834_1200363898_1200363927_1200363938_1200363947_1200364074_1200364103_1507566554_1507566556_255882157_306484190': 0, '32564122': 3, 'gneJ260': 2, 'gneJ210': 0}, {'cluster_1757124350_1757124352': 1, 'gneJ143': 4, 'gneJ207': 1, 'cluster_306484187_cluster_1200363791_1200363826_1200363834_1200363898_1200363927_1200363938_1200363947_1200364074_1200364103_1507566554_1507566556_255882157_306484190': 0, '32564122': 5, 'gneJ260': 4, 'gneJ210': 0}, 
57820.0, {'cluster_1757124350_1757124352': 0.0, 'gneJ143': -0.13392857, 'gneJ207': -0.3125, 'cluster_306484187_cluster_1200363791_1200363826_1200363834_1200363898_1200363927_1200363938_1200363947_1200364074_1200364103_1507566554_1507566556_255882157_306484190': -0.026785715, '32564122': -0.035714287, 'gneJ260': -0.008928572, 'gneJ210': 0.0}, {'cluster_1757124350_1757124352': 0, 'gneJ143': 2, 'gneJ207': 3, 'cluster_306484187_cluster_1200363791_1200363826_1200363834_1200363898_1200363927_1200363938_1200363947_1200364074_1200364103_1507566554_1507566556_255882157_306484190': 1, '32564122': 1, 'gneJ260': 1, 'gneJ210': 0}, {'cluster_1757124350_1757124352': 0, 'gneJ143': 2, 'gneJ207': 4, 'cluster_306484187_cluster_1200363791_1200363826_1200363834_1200363898_1200363927_1200363938_1200363947_1200364074_1200364103_1507566554_1507566556_255882157_306484190': 1, '32564122': 1, 'gneJ260': 1, 'gneJ210': 0}, 
57830.0, {'cluster_1757124350_1757124352': 0.0, 'gneJ143': -0.004464286, 'gneJ207': -0.13839285, 'cluster_306484187_cluster_1200363791_1200363826_1200363834_1200363898_1200363927_1200363938_1200363947_1200364074_1200364103_1507566554_1507566556_255882157_306484190': 0.0, '32564122': -0.03125, 'gneJ260': -0.04017857, 'gneJ210': 0.0}, {'cluster_1757124350_1757124352': 0, 'gneJ143': 1, 'gneJ207': 2, 'cluster_306484187_cluster_1200363791_1200363826_1200363834_1200363898_1200363927_1200363938_1200363947_1200364074_1200364103_1507566554_1507566556_255882157_306484190': 0, '32564122': 1, 'gneJ260': 1, 'gneJ210': 0}, {'cluster_1757124350_1757124352': 0, 'gneJ143': 1, 'gneJ207': 3, 'cluster_306484187_cluster_1200363791_1200363826_1200363834_1200363898_1200363927_1200363938_1200363947_1200364074_1200364103_1507566554_1507566556_255882157_306484190': 0, '32564122': 1, 'gneJ260': 1, 'gneJ210': 0}, 
57840.0, {'cluster_1757124350_1757124352': 0.0, 'gneJ143': -0.017857144, 'gneJ207': 0.0, 'cluster_306484187_cluster_1200363791_1200363826_1200363834_1200363898_1200363927_1200363938_1200363947_1200364074_1200364103_1507566554_1507566556_255882157_306484190': 0.0, '32564122': -0.008928572, 'gneJ260': -0.10714286, 'gneJ210': -0.09821428}, {'cluster_1757124350_1757124352': 0, 'gneJ143': 2, 'gneJ207': 0, 'cluster_306484187_cluster_1200363791_1200363826_1200363834_1200363898_1200363927_1200363938_1200363947_1200364074_1200364103_1507566554_1507566556_255882157_306484190': 0, '32564122': 1, 'gneJ260': 2, 'gneJ210': 2}, {'cluster_1757124350_1757124352': 0, 'gneJ143': 2, 'gneJ207': 0, 'cluster_306484187_cluster_1200363791_1200363826_1200363834_1200363898_1200363927_1200363938_1200363947_1200364074_1200364103_1507566554_1507566556_255882157_306484190': 0, '32564122': 1, 'gneJ260': 2, 'gneJ210': 4}, 
57850.0, {'cluster_1757124350_1757124352': 0.0, 'gneJ143': -0.02232143, 'gneJ207': -0.058035713, 'cluster_306484187_cluster_1200363791_1200363826_1200363834_1200363898_1200363927_1200363938_1200363947_1200364074_1200364103_1507566554_1507566556_255882157_306484190': 0.0, '32564122': -0.008928572, 'gneJ260': -0.19642857, 'gneJ210': -0.3125}, {'cluster_1757124350_1757124352': 0, 'gneJ143': 2, 'gneJ207': 2, 'cluster_306484187_cluster_1200363791_1200363826_1200363834_1200363898_1200363927_1200363938_1200363947_1200364074_1200364103_1507566554_1507566556_255882157_306484190': 0, '32564122': 1, 'gneJ260': 2, 'gneJ210': 2}, {'cluster_1757124350_1757124352': 0, 'gneJ143': 2, 'gneJ207': 2, 'cluster_306484187_cluster_1200363791_1200363826_1200363834_1200363898_1200363927_1200363938_1200363947_1200364074_1200364103_1507566554_1507566556_255882157_306484190': 0, '32564122': 1, 'gneJ260': 2, 'gneJ210': 5}, 
57860.0, {'cluster_1757124350_1757124352': 0.0, 'gneJ143': -0.02232143, 'gneJ207': 0.0, 'cluster_306484187_cluster_1200363791_1200363826_1200363834_1200363898_1200363927_1200363938_1200363947_1200364074_1200364103_1507566554_1507566556_255882157_306484190': 0.0, '32564122': -0.0625, 'gneJ260': 0.0, 'gneJ210': -0.4017857}, {'cluster_1757124350_1757124352': 0, 'gneJ143': 1, 'gneJ207': 0, 'cluster_306484187_cluster_1200363791_1200363826_1200363834_1200363898_1200363927_1200363938_1200363947_1200364074_1200364103_1507566554_1507566556_255882157_306484190': 0, '32564122': 2, 'gneJ260': 0, 'gneJ210': 2}, {'cluster_1757124350_1757124352': 0, 'gneJ143': 1, 'gneJ207': 0, 'cluster_306484187_cluster_1200363791_1200363826_1200363834_1200363898_1200363927_1200363938_1200363947_1200364074_1200364103_1507566554_1507566556_255882157_306484190': 0, '32564122': 3, 'gneJ260': 0, 'gneJ210': 4}, 
57870.0, {'cluster_1757124350_1757124352': -0.008928572, 'gneJ143': -0.09375, 'gneJ207': -0.05357143, 'cluster_306484187_cluster_1200363791_1200363826_1200363834_1200363898_1200363927_1200363938_1200363947_1200364074_1200364103_1507566554_1507566556_255882157_306484190': -0.04017857, '32564122': -0.017857144, 'gneJ260': 0.0, 'gneJ210': -0.6339286}, {'cluster_1757124350_1757124352': 1, 'gneJ143': 2, 'gneJ207': 1, 'cluster_306484187_cluster_1200363791_1200363826_1200363834_1200363898_1200363927_1200363938_1200363947_1200364074_1200364103_1507566554_1507566556_255882157_306484190': 1, '32564122': 1, 'gneJ260': 0, 'gneJ210': 2}, {'cluster_1757124350_1757124352': 2, 'gneJ143': 2, 'gneJ207': 2, 'cluster_306484187_cluster_1200363791_1200363826_1200363834_1200363898_1200363927_1200363938_1200363947_1200364074_1200364103_1507566554_1507566556_255882157_306484190': 1, '32564122': 1, 'gneJ260': 0, 'gneJ210': 6}, 
57880.0, {'cluster_1757124350_1757124352': -0.13392857, 'gneJ143': 0.0, 'gneJ207': -0.14285715, 'cluster_306484187_cluster_1200363791_1200363826_1200363834_1200363898_1200363927_1200363938_1200363947_1200364074_1200364103_1507566554_1507566556_255882157_306484190': -0.084821425, '32564122': 0.0, 'gneJ260': -0.04017857, 'gneJ210': -0.7589286}, {'cluster_1757124350_1757124352': 2, 'gneJ143': 0, 'gneJ207': 1, 'cluster_306484187_cluster_1200363791_1200363826_1200363834_1200363898_1200363927_1200363938_1200363947_1200364074_1200364103_1507566554_1507566556_255882157_306484190': 1, '32564122': 0, 'gneJ260': 2, 'gneJ210': 2}, {'cluster_1757124350_1757124352': 3, 'gneJ143': 0, 'gneJ207': 2, 'cluster_306484187_cluster_1200363791_1200363826_1200363834_1200363898_1200363927_1200363938_1200363947_1200364074_1200364103_1507566554_1507566556_255882157_306484190': 1, '32564122': 0, 'gneJ260': 2, 'gneJ210': 4}, 
57890.0, {'cluster_1757124350_1757124352': -0.26785713, 'gneJ143': -0.013392857, 'gneJ207': -0.02232143, 'cluster_306484187_cluster_1200363791_1200363826_1200363834_1200363898_1200363927_1200363938_1200363947_1200364074_1200364103_1507566554_1507566556_255882157_306484190': 0.0, '32564122': 0.0, 'gneJ260': -0.026785715, 'gneJ210': -0.9375}, {'cluster_1757124350_1757124352': 2, 'gneJ143': 1, 'gneJ207': 1, 'cluster_306484187_cluster_1200363791_1200363826_1200363834_1200363898_1200363927_1200363938_1200363947_1200364074_1200364103_1507566554_1507566556_255882157_306484190': 0, '32564122': 0, 'gneJ260': 1, 'gneJ210': 2}, {'cluster_1757124350_1757124352': 3, 'gneJ143': 1, 'gneJ207': 1, 'cluster_306484187_cluster_1200363791_1200363826_1200363834_1200363898_1200363927_1200363938_1200363947_1200364074_1200364103_1507566554_1507566556_255882157_306484190': 0, '32564122': 0, 'gneJ260': 1, 'gneJ210': 4}, 
57900.0, {'cluster_1757124350_1757124352': -0.4017857, 'gneJ143': -0.084821425, 'gneJ207': -0.013392857, 'cluster_306484187_cluster_1200363791_1200363826_1200363834_1200363898_1200363927_1200363938_1200363947_1200364074_1200364103_1507566554_1507566556_255882157_306484190': 0.0, '32564122': -0.02232143, 'gneJ260': -0.11160714, 'gneJ210': 0.0}, {'cluster_1757124350_1757124352': 2, 'gneJ143': 1, 'gneJ207': 1, 'cluster_306484187_cluster_1200363791_1200363826_1200363834_1200363898_1200363927_1200363938_1200363947_1200364074_1200364103_1507566554_1507566556_255882157_306484190': 0, '32564122': 1, 'gneJ260': 2, 'gneJ210': 0}, {'cluster_1757124350_1757124352': 3, 'gneJ143': 2, 'gneJ207': 1, 'cluster_306484187_cluster_1200363791_1200363826_1200363834_1200363898_1200363927_1200363938_1200363947_1200364074_1200364103_1507566554_1507566556_255882157_306484190': 0, '32564122': 1, 'gneJ260': 4, 'gneJ210': 0}, 
57910.0, {'cluster_1757124350_1757124352': 0.0, 'gneJ143': -0.17410715, 'gneJ207': -0.026785715, 'cluster_306484187_cluster_1200363791_1200363826_1200363834_1200363898_1200363927_1200363938_1200363947_1200364074_1200364103_1507566554_1507566556_255882157_306484190': -0.102678575, '32564122': -0.116071425, 'gneJ260': -0.29017857, 'gneJ210': -0.09375}, {'cluster_1757124350_1757124352': 0, 'gneJ143': 1, 'gneJ207': 1, 'cluster_306484187_cluster_1200363791_1200363826_1200363834_1200363898_1200363927_1200363938_1200363947_1200364074_1200364103_1507566554_1507566556_255882157_306484190': 2, '32564122': 2, 'gneJ260': 2, 'gneJ210': 2}, {'cluster_1757124350_1757124352': 0, 'gneJ143': 2, 'gneJ207': 1, 'cluster_306484187_cluster_1200363791_1200363826_1200363834_1200363898_1200363927_1200363938_1200363947_1200364074_1200364103_1507566554_1507566556_255882157_306484190': 3, '32564122': 3, 'gneJ260': 4, 'gneJ210': 4}, 
57920.0, {'cluster_1757124350_1757124352': 0.0, 'gneJ143': 0.0, 'gneJ207': -0.05357143, 'cluster_306484187_cluster_1200363791_1200363826_1200363834_1200363898_1200363927_1200363938_1200363947_1200364074_1200364103_1507566554_1507566556_255882157_306484190': -0.23660715, '32564122': -0.08928572, 'gneJ260': -0.46875, 'gneJ210': -0.03125}, {'cluster_1757124350_1757124352': 0, 'gneJ143': 0, 'gneJ207': 2, 'cluster_306484187_cluster_1200363791_1200363826_1200363834_1200363898_1200363927_1200363938_1200363947_1200364074_1200364103_1507566554_1507566556_255882157_306484190': 2, '32564122': 1, 'gneJ260': 2, 'gneJ210': 1}, {'cluster_1757124350_1757124352': 0, 'gneJ143': 0, 'gneJ207': 2, 'cluster_306484187_cluster_1200363791_1200363826_1200363834_1200363898_1200363927_1200363938_1200363947_1200364074_1200364103_1507566554_1507566556_255882157_306484190': 3, '32564122': 1, 'gneJ260': 4, 'gneJ210': 2}, 
57930.0, {'cluster_1757124350_1757124352': -0.004464286, 'gneJ143': 0.0, 'gneJ207': 0.0, 'cluster_306484187_cluster_1200363791_1200363826_1200363834_1200363898_1200363927_1200363938_1200363947_1200364074_1200364103_1507566554_1507566556_255882157_306484190': -0.116071425, '32564122': -0.13392857, 'gneJ260': -0.6473214, 'gneJ210': -0.026785715}, {'cluster_1757124350_1757124352': 1, 'gneJ143': 0, 'gneJ207': 0, 'cluster_306484187_cluster_1200363791_1200363826_1200363834_1200363898_1200363927_1200363938_1200363947_1200364074_1200364103_1507566554_1507566556_255882157_306484190': 1, '32564122': 1, 'gneJ260': 2, 'gneJ210': 1}, {'cluster_1757124350_1757124352': 1, 'gneJ143': 0, 'gneJ207': 0, 'cluster_306484187_cluster_1200363791_1200363826_1200363834_1200363898_1200363927_1200363938_1200363947_1200364074_1200364103_1507566554_1507566556_255882157_306484190': 1, '32564122': 1, 'gneJ260': 4, 'gneJ210': 1}, 
57940.0, {'cluster_1757124350_1757124352': -0.0625, 'gneJ143': 0.0, 'gneJ207': 0.0, 'cluster_306484187_cluster_1200363791_1200363826_1200363834_1200363898_1200363927_1200363938_1200363947_1200364074_1200364103_1507566554_1507566556_255882157_306484190': -0.1875, '32564122': 0.0, 'gneJ260': 0.0, 'gneJ210': -0.071428575}, {'cluster_1757124350_1757124352': 2, 'gneJ143': 0, 'gneJ207': 0, 'cluster_306484187_cluster_1200363791_1200363826_1200363834_1200363898_1200363927_1200363938_1200363947_1200364074_1200364103_1507566554_1507566556_255882157_306484190': 1, '32564122': 0, 'gneJ260': 0, 'gneJ210': 1}, {'cluster_1757124350_1757124352': 2, 'gneJ143': 0, 'gneJ207': 0, 'cluster_306484187_cluster_1200363791_1200363826_1200363834_1200363898_1200363927_1200363938_1200363947_1200364074_1200364103_1507566554_1507566556_255882157_306484190': 2, '32564122': 0, 'gneJ260': 0, 'gneJ210': 1}, 
57950.0, {'cluster_1757124350_1757124352': -0.15178572, 'gneJ143': -0.004464286, 'gneJ207': 0.0, 'cluster_306484187_cluster_1200363791_1200363826_1200363834_1200363898_1200363927_1200363938_1200363947_1200364074_1200364103_1507566554_1507566556_255882157_306484190': -0.20535715, '32564122': 0.0, 'gneJ260': 0.0, 'gneJ210': -0.05357143}, {'cluster_1757124350_1757124352': 2, 'gneJ143': 1, 'gneJ207': 0, 'cluster_306484187_cluster_1200363791_1200363826_1200363834_1200363898_1200363927_1200363938_1200363947_1200364074_1200364103_1507566554_1507566556_255882157_306484190': 1, '32564122': 0, 'gneJ260': 0, 'gneJ210': 1}, {'cluster_1757124350_1757124352': 2, 'gneJ143': 1, 'gneJ207': 0, 'cluster_306484187_cluster_1200363791_1200363826_1200363834_1200363898_1200363927_1200363938_1200363947_1200364074_1200364103_1507566554_1507566556_255882157_306484190': 1, '32564122': 0, 'gneJ260': 0, 'gneJ210': 2}, 
57960.0, {'cluster_1757124350_1757124352': 0.0, 'gneJ143': -0.125, 'gneJ207': 0.0, 'cluster_306484187_cluster_1200363791_1200363826_1200363834_1200363898_1200363927_1200363938_1200363947_1200364074_1200364103_1507566554_1507566556_255882157_306484190': 0.0, '32564122': -0.004464286, 'gneJ260': 0.0, 'gneJ210': -0.24107143}, {'cluster_1757124350_1757124352': 0, 'gneJ143': 4, 'gneJ207': 0, 'cluster_306484187_cluster_1200363791_1200363826_1200363834_1200363898_1200363927_1200363938_1200363947_1200364074_1200364103_1507566554_1507566556_255882157_306484190': 0, '32564122': 1, 'gneJ260': 0, 'gneJ210': 3}, {'cluster_1757124350_1757124352': 0, 'gneJ143': 4, 'gneJ207': 0, 'cluster_306484187_cluster_1200363791_1200363826_1200363834_1200363898_1200363927_1200363938_1200363947_1200364074_1200364103_1507566554_1507566556_255882157_306484190': 0, '32564122': 1, 'gneJ260': 0, 'gneJ210': 6}, 
57970.0, {'cluster_1757124350_1757124352': -0.035714287, 'gneJ143': -0.32142857, 'gneJ207': 0.0, 'cluster_306484187_cluster_1200363791_1200363826_1200363834_1200363898_1200363927_1200363938_1200363947_1200364074_1200364103_1507566554_1507566556_255882157_306484190': 0.0, '32564122': 0.0, 'gneJ260': 0.0, 'gneJ210': -0.2767857}, {'cluster_1757124350_1757124352': 1, 'gneJ143': 5, 'gneJ207': 0, 'cluster_306484187_cluster_1200363791_1200363826_1200363834_1200363898_1200363927_1200363938_1200363947_1200364074_1200364103_1507566554_1507566556_255882157_306484190': 0, '32564122': 0, 'gneJ260': 0, 'gneJ210': 2}, {'cluster_1757124350_1757124352': 1, 'gneJ143': 5, 'gneJ207': 0, 'cluster_306484187_cluster_1200363791_1200363826_1200363834_1200363898_1200363927_1200363938_1200363947_1200364074_1200364103_1507566554_1507566556_255882157_306484190': 0, '32564122': 0, 'gneJ260': 0, 'gneJ210': 4}, 
57980.0, {'cluster_1757124350_1757124352': 0.0, 'gneJ143': -0.54464287, 'gneJ207': -0.004464286, 'cluster_306484187_cluster_1200363791_1200363826_1200363834_1200363898_1200363927_1200363938_1200363947_1200364074_1200364103_1507566554_1507566556_255882157_306484190': 0.0, '32564122': 0.0, 'gneJ260': -0.026785715, 'gneJ210': -0.24107143}, {'cluster_1757124350_1757124352': 0, 'gneJ143': 5, 'gneJ207': 1, 'cluster_306484187_cluster_1200363791_1200363826_1200363834_1200363898_1200363927_1200363938_1200363947_1200364074_1200364103_1507566554_1507566556_255882157_306484190': 0, '32564122': 0, 'gneJ260': 1, 'gneJ210': 2}, {'cluster_1757124350_1757124352': 0, 'gneJ143': 5, 'gneJ207': 1, 'cluster_306484187_cluster_1200363791_1200363826_1200363834_1200363898_1200363927_1200363938_1200363947_1200364074_1200364103_1507566554_1507566556_255882157_306484190': 0, '32564122': 0, 'gneJ260': 1, 'gneJ210': 4}, 
57990.0, {'cluster_1757124350_1757124352': 0.0, 'gneJ143': -0.20535715, 'gneJ207': -0.04910714, 'cluster_306484187_cluster_1200363791_1200363826_1200363834_1200363898_1200363927_1200363938_1200363947_1200364074_1200364103_1507566554_1507566556_255882157_306484190': 0.0, '32564122': 0.0, 'gneJ260': 0.0, 'gneJ210': -0.12946428}, {'cluster_1757124350_1757124352': 0, 'gneJ143': 2, 'gneJ207': 1, 'cluster_306484187_cluster_1200363791_1200363826_1200363834_1200363898_1200363927_1200363938_1200363947_1200364074_1200364103_1507566554_1507566556_255882157_306484190': 0, '32564122': 0, 'gneJ260': 0, 'gneJ210': 1}, {'cluster_1757124350_1757124352': 0, 'gneJ143': 5, 'gneJ207': 1, 'cluster_306484187_cluster_1200363791_1200363826_1200363834_1200363898_1200363927_1200363938_1200363947_1200364074_1200364103_1507566554_1507566556_255882157_306484190': 0, '32564122': 0, 'gneJ260': 0, 'gneJ210': 2}, 
58000.0, {'cluster_1757124350_1757124352': 0.0, 'gneJ143': -0.38392857, 'gneJ207': -0.09375, 'cluster_306484187_cluster_1200363791_1200363826_1200363834_1200363898_1200363927_1200363938_1200363947_1200364074_1200364103_1507566554_1507566556_255882157_306484190': -0.02232143, '32564122': 0.0, 'gneJ260': 0.0, 'gneJ210': 0.0}, {'cluster_1757124350_1757124352': 0, 'gneJ143': 3, 'gneJ207': 1, 'cluster_306484187_cluster_1200363791_1200363826_1200363834_1200363898_1200363927_1200363938_1200363947_1200364074_1200364103_1507566554_1507566556_255882157_306484190': 1, '32564122': 0, 'gneJ260': 0, 'gneJ210': 0}, {'cluster_1757124350_1757124352': 0, 'gneJ143': 8, 'gneJ207': 1, 'cluster_306484187_cluster_1200363791_1200363826_1200363834_1200363898_1200363927_1200363938_1200363947_1200364074_1200364103_1507566554_1507566556_255882157_306484190': 1, '32564122': 0, 'gneJ260': 0, 'gneJ210': 0}, 
58010.0, {'cluster_1757124350_1757124352': 0.0, 'gneJ143': -0.04017857, 'gneJ207': -0.13839285, 'cluster_306484187_cluster_1200363791_1200363826_1200363834_1200363898_1200363927_1200363938_1200363947_1200364074_1200364103_1507566554_1507566556_255882157_306484190': 0.0, '32564122': 0.0, 'gneJ260': -0.04017857, 'gneJ210': 0.0}, {'cluster_1757124350_1757124352': 0, 'gneJ143': 3, 'gneJ207': 1, 'cluster_306484187_cluster_1200363791_1200363826_1200363834_1200363898_1200363927_1200363938_1200363947_1200364074_1200364103_1507566554_1507566556_255882157_306484190': 0, '32564122': 0, 'gneJ260': 1, 'gneJ210': 0}, {'cluster_1757124350_1757124352': 0, 'gneJ143': 3, 'gneJ207': 1, 'cluster_306484187_cluster_1200363791_1200363826_1200363834_1200363898_1200363927_1200363938_1200363947_1200364074_1200364103_1507566554_1507566556_255882157_306484190': 0, '32564122': 0, 'gneJ260': 1, 'gneJ210': 0}, 
58020.0, {'cluster_1757124350_1757124352': -0.013392857, 'gneJ143': -0.17410715, 'gneJ207': -0.017857144, 'cluster_306484187_cluster_1200363791_1200363826_1200363834_1200363898_1200363927_1200363938_1200363947_1200364074_1200364103_1507566554_1507566556_255882157_306484190': 0.0, '32564122': -0.02232143, 'gneJ260': 0.0, 'gneJ210': 0.0}, {'cluster_1757124350_1757124352': 2, 'gneJ143': 3, 'gneJ207': 1, 'cluster_306484187_cluster_1200363791_1200363826_1200363834_1200363898_1200363927_1200363938_1200363947_1200364074_1200364103_1507566554_1507566556_255882157_306484190': 0, '32564122': 1, 'gneJ260': 0, 'gneJ210': 0}, {'cluster_1757124350_1757124352': 3, 'gneJ143': 3, 'gneJ207': 1, 'cluster_306484187_cluster_1200363791_1200363826_1200363834_1200363898_1200363927_1200363938_1200363947_1200364074_1200364103_1507566554_1507566556_255882157_306484190': 0, '32564122': 1, 'gneJ260': 0, 'gneJ210': 0}, 
58030.0, {'cluster_1757124350_1757124352': -0.35267857, 'gneJ143': -0.09375, 'gneJ207': -0.10714286, 'cluster_306484187_cluster_1200363791_1200363826_1200363834_1200363898_1200363927_1200363938_1200363947_1200364074_1200364103_1507566554_1507566556_255882157_306484190': -0.08035714, '32564122': 0.0, 'gneJ260': -0.03125, 'gneJ210': 0.0}, {'cluster_1757124350_1757124352': 5, 'gneJ143': 1, 'gneJ207': 2, 'cluster_306484187_cluster_1200363791_1200363826_1200363834_1200363898_1200363927_1200363938_1200363947_1200364074_1200364103_1507566554_1507566556_255882157_306484190': 1, '32564122': 0, 'gneJ260': 1, 'gneJ210': 0}, {'cluster_1757124350_1757124352': 9, 'gneJ143': 1, 'gneJ207': 3, 'cluster_306484187_cluster_1200363791_1200363826_1200363834_1200363898_1200363927_1200363938_1200363947_1200364074_1200364103_1507566554_1507566556_255882157_306484190': 2, '32564122': 0, 'gneJ260': 2, 'gneJ210': 0}, 
58040.0, {'cluster_1757124350_1757124352': -0.21875, 'gneJ143': 0.0, 'gneJ207': -0.071428575, 'cluster_306484187_cluster_1200363791_1200363826_1200363834_1200363898_1200363927_1200363938_1200363947_1200364074_1200364103_1507566554_1507566556_255882157_306484190': -0.026785715, '32564122': 0.0, 'gneJ260': -0.14732143, 'gneJ210': -0.008928572}, {'cluster_1757124350_1757124352': 2, 'gneJ143': 0, 'gneJ207': 2, 'cluster_306484187_cluster_1200363791_1200363826_1200363834_1200363898_1200363927_1200363938_1200363947_1200364074_1200364103_1507566554_1507566556_255882157_306484190': 1, '32564122': 0, 'gneJ260': 2, 'gneJ210': 1}, {'cluster_1757124350_1757124352': 3, 'gneJ143': 0, 'gneJ207': 2, 'cluster_306484187_cluster_1200363791_1200363826_1200363834_1200363898_1200363927_1200363938_1200363947_1200364074_1200364103_1507566554_1507566556_255882157_306484190': 1, '32564122': 0, 'gneJ260': 3, 'gneJ210': 1}, 
58050.0, {'cluster_1757124350_1757124352': -0.3705357, 'gneJ143': 0.0, 'gneJ207': -0.20089285, 'cluster_306484187_cluster_1200363791_1200363826_1200363834_1200363898_1200363927_1200363938_1200363947_1200364074_1200364103_1507566554_1507566556_255882157_306484190': -0.102678575, '32564122': 0.0, 'gneJ260': -0.3125, 'gneJ210': -0.06696428}, {'cluster_1757124350_1757124352': 2, 'gneJ143': 0, 'gneJ207': 2, 'cluster_306484187_cluster_1200363791_1200363826_1200363834_1200363898_1200363927_1200363938_1200363947_1200364074_1200364103_1507566554_1507566556_255882157_306484190': 1, '32564122': 0, 'gneJ260': 2, 'gneJ210': 2}, {'cluster_1757124350_1757124352': 4, 'gneJ143': 0, 'gneJ207': 4, 'cluster_306484187_cluster_1200363791_1200363826_1200363834_1200363898_1200363927_1200363938_1200363947_1200364074_1200364103_1507566554_1507566556_255882157_306484190': 2, '32564122': 0, 'gneJ260': 4, 'gneJ210': 3}, 
58060.0, {'cluster_1757124350_1757124352': -0.5714286, 'gneJ143': -0.03125, 'gneJ207': -0.3169643, 'cluster_306484187_cluster_1200363791_1200363826_1200363834_1200363898_1200363927_1200363938_1200363947_1200364074_1200364103_1507566554_1507566556_255882157_306484190': 0.0, '32564122': 0.0, 'gneJ260': -0.49107143, 'gneJ210': 0.0}, {'cluster_1757124350_1757124352': 3, 'gneJ143': 1, 'gneJ207': 6, 'cluster_306484187_cluster_1200363791_1200363826_1200363834_1200363898_1200363927_1200363938_1200363947_1200364074_1200364103_1507566554_1507566556_255882157_306484190': 0, '32564122': 0, 'gneJ260': 2, 'gneJ210': 0}, {'cluster_1757124350_1757124352': 5, 'gneJ143': 2, 'gneJ207': 8, 'cluster_306484187_cluster_1200363791_1200363826_1200363834_1200363898_1200363927_1200363938_1200363947_1200364074_1200364103_1507566554_1507566556_255882157_306484190': 0, '32564122': 0, 'gneJ260': 4, 'gneJ210': 0}, 
58070.0, {'cluster_1757124350_1757124352': -0.82589287, 'gneJ143': -0.09375, 'gneJ207': -0.20535715, 'cluster_306484187_cluster_1200363791_1200363826_1200363834_1200363898_1200363927_1200363938_1200363947_1200364074_1200364103_1507566554_1507566556_255882157_306484190': 0.0, '32564122': 0.0, 'gneJ260': -0.66964287, 'gneJ210': 0.0}, {'cluster_1757124350_1757124352': 3, 'gneJ143': 2, 'gneJ207': 3, 'cluster_306484187_cluster_1200363791_1200363826_1200363834_1200363898_1200363927_1200363938_1200363947_1200364074_1200364103_1507566554_1507566556_255882157_306484190': 0, '32564122': 0, 'gneJ260': 2, 'gneJ210': 0}, {'cluster_1757124350_1757124352': 6, 'gneJ143': 3, 'gneJ207': 3, 'cluster_306484187_cluster_1200363791_1200363826_1200363834_1200363898_1200363927_1200363938_1200363947_1200364074_1200364103_1507566554_1507566556_255882157_306484190': 0, '32564122': 0, 'gneJ260': 4, 'gneJ210': 0}, 
58080.0, {'cluster_1757124350_1757124352': -1.09375, 'gneJ143': -0.0625, 'gneJ207': -0.375, 'cluster_306484187_cluster_1200363791_1200363826_1200363834_1200363898_1200363927_1200363938_1200363947_1200364074_1200364103_1507566554_1507566556_255882157_306484190': 0.0, '32564122': 0.0, 'gneJ260': -0.87946427, 'gneJ210': 0.0}, {'cluster_1757124350_1757124352': 3, 'gneJ143': 2, 'gneJ207': 4, 'cluster_306484187_cluster_1200363791_1200363826_1200363834_1200363898_1200363927_1200363938_1200363947_1200364074_1200364103_1507566554_1507566556_255882157_306484190': 0, '32564122': 0, 'gneJ260': 2, 'gneJ210': 0}, {'cluster_1757124350_1757124352': 6, 'gneJ143': 2, 'gneJ207': 5, 'cluster_306484187_cluster_1200363791_1200363826_1200363834_1200363898_1200363927_1200363938_1200363947_1200364074_1200364103_1507566554_1507566556_255882157_306484190': 0, '32564122': 0, 'gneJ260': 5, 'gneJ210': 0}, 
58090.0, {'cluster_1757124350_1757124352': 0.0, 'gneJ143': -0.017857144, 'gneJ207': -0.54464287, 'cluster_306484187_cluster_1200363791_1200363826_1200363834_1200363898_1200363927_1200363938_1200363947_1200364074_1200364103_1507566554_1507566556_255882157_306484190': -0.06696428, '32564122': 0.0, 'gneJ260': -1.1026785, 'gneJ210': -0.04017857}, {'cluster_1757124350_1757124352': 0, 'gneJ143': 1, 'gneJ207': 4, 'cluster_306484187_cluster_1200363791_1200363826_1200363834_1200363898_1200363927_1200363938_1200363947_1200364074_1200364103_1507566554_1507566556_255882157_306484190': 2, '32564122': 0, 'gneJ260': 2, 'gneJ210': 1}, {'cluster_1757124350_1757124352': 0, 'gneJ143': 1, 'gneJ207': 5, 'cluster_306484187_cluster_1200363791_1200363826_1200363834_1200363898_1200363927_1200363938_1200363947_1200364074_1200364103_1507566554_1507566556_255882157_306484190': 2, '32564122': 0, 'gneJ260': 5, 'gneJ210': 2}, 
58100.0, {'cluster_1757124350_1757124352': -0.10714286, 'gneJ143': 0.0, 'gneJ207': -0.16071428, 'cluster_306484187_cluster_1200363791_1200363826_1200363834_1200363898_1200363927_1200363938_1200363947_1200364074_1200364103_1507566554_1507566556_255882157_306484190': -0.15625, '32564122': 0.0, 'gneJ260': -0.026785715, 'gneJ210': 0.0}, {'cluster_1757124350_1757124352': 2, 'gneJ143': 0, 'gneJ207': 1, 'cluster_306484187_cluster_1200363791_1200363826_1200363834_1200363898_1200363927_1200363938_1200363947_1200364074_1200364103_1507566554_1507566556_255882157_306484190': 2, '32564122': 0, 'gneJ260': 1, 'gneJ210': 0}, {'cluster_1757124350_1757124352': 4, 'gneJ143': 0, 'gneJ207': 2, 'cluster_306484187_cluster_1200363791_1200363826_1200363834_1200363898_1200363927_1200363938_1200363947_1200364074_1200364103_1507566554_1507566556_255882157_306484190': 2, '32564122': 0, 'gneJ260': 2, 'gneJ210': 0}, 
58110.0, {'cluster_1757124350_1757124352': -0.3392857, 'gneJ143': -0.04017857, 'gneJ207': -0.12053572, 'cluster_306484187_cluster_1200363791_1200363826_1200363834_1200363898_1200363927_1200363938_1200363947_1200364074_1200364103_1507566554_1507566556_255882157_306484190': -0.2767857, '32564122': -0.013392857, 'gneJ260': -0.09821428, 'gneJ210': -0.026785715}, {'cluster_1757124350_1757124352': 3, 'gneJ143': 2, 'gneJ207': 1, 'cluster_306484187_cluster_1200363791_1200363826_1200363834_1200363898_1200363927_1200363938_1200363947_1200364074_1200364103_1507566554_1507566556_255882157_306484190': 3, '32564122': 1, 'gneJ260': 2, 'gneJ210': 1}, {'cluster_1757124350_1757124352': 6, 'gneJ143': 3, 'gneJ207': 2, 'cluster_306484187_cluster_1200363791_1200363826_1200363834_1200363898_1200363927_1200363938_1200363947_1200364074_1200364103_1507566554_1507566556_255882157_306484190': 3, '32564122': 1, 'gneJ260': 4, 'gneJ210': 1}, 
58120.0, {'cluster_1757124350_1757124352': 0.0, 'gneJ143': -0.04910714, 'gneJ207': -0.20089285, 'cluster_306484187_cluster_1200363791_1200363826_1200363834_1200363898_1200363927_1200363938_1200363947_1200364074_1200364103_1507566554_1507566556_255882157_306484190': -0.4107143, '32564122': -0.013392857, 'gneJ260': -0.3125, 'gneJ210': 0.0}, {'cluster_1757124350_1757124352': 0, 'gneJ143': 3, 'gneJ207': 3, 'cluster_306484187_cluster_1200363791_1200363826_1200363834_1200363898_1200363927_1200363938_1200363947_1200364074_1200364103_1507566554_1507566556_255882157_306484190': 3, '32564122': 1, 'gneJ260': 2, 'gneJ210': 0}, {'cluster_1757124350_1757124352': 0, 'gneJ143': 3, 'gneJ207': 4, 'cluster_306484187_cluster_1200363791_1200363826_1200363834_1200363898_1200363927_1200363938_1200363947_1200364074_1200364103_1507566554_1507566556_255882157_306484190': 3, '32564122': 2, 'gneJ260': 7, 'gneJ210': 0}, 
58130.0, {'cluster_1757124350_1757124352': 0.0, 'gneJ143': -0.15178572, 'gneJ207': -0.32142857, 'cluster_306484187_cluster_1200363791_1200363826_1200363834_1200363898_1200363927_1200363938_1200363947_1200364074_1200364103_1507566554_1507566556_255882157_306484190': 0.0, '32564122': -0.004464286, 'gneJ260': -0.116071425, 'gneJ210': 0.0}, {'cluster_1757124350_1757124352': 0, 'gneJ143': 2, 'gneJ207': 4, 'cluster_306484187_cluster_1200363791_1200363826_1200363834_1200363898_1200363927_1200363938_1200363947_1200364074_1200364103_1507566554_1507566556_255882157_306484190': 0, '32564122': 1, 'gneJ260': 2, 'gneJ210': 0}, {'cluster_1757124350_1757124352': 0, 'gneJ143': 7, 'gneJ207': 9, 'cluster_306484187_cluster_1200363791_1200363826_1200363834_1200363898_1200363927_1200363938_1200363947_1200364074_1200364103_1507566554_1507566556_255882157_306484190': 0, '32564122': 1, 'gneJ260': 2, 'gneJ210': 0}, 
58140.0, {'cluster_1757124350_1757124352': 0.0, 'gneJ143': 0.0, 'gneJ207': -0.87946427, 'cluster_306484187_cluster_1200363791_1200363826_1200363834_1200363898_1200363927_1200363938_1200363947_1200364074_1200364103_1507566554_1507566556_255882157_306484190': -0.08035714, '32564122': -0.102678575, 'gneJ260': -0.20535715, 'gneJ210': -0.013392857}, {'cluster_1757124350_1757124352': 0, 'gneJ143': 0, 'gneJ207': 9, 'cluster_306484187_cluster_1200363791_1200363826_1200363834_1200363898_1200363927_1200363938_1200363947_1200364074_1200364103_1507566554_1507566556_255882157_306484190': 2, '32564122': 2, 'gneJ260': 2, 'gneJ210': 1}, {'cluster_1757124350_1757124352': 0, 'gneJ143': 0, 'gneJ207': 14, 'cluster_306484187_cluster_1200363791_1200363826_1200363834_1200363898_1200363927_1200363938_1200363947_1200364074_1200364103_1507566554_1507566556_255882157_306484190': 4, '32564122': 3, 'gneJ260': 2, 'gneJ210': 1}, 
58150.0, {'cluster_1757124350_1757124352': 0.0, 'gneJ143': -0.09375, 'gneJ207': -0.82589287, 'cluster_306484187_cluster_1200363791_1200363826_1200363834_1200363898_1200363927_1200363938_1200363947_1200364074_1200364103_1507566554_1507566556_255882157_306484190': 0.0, '32564122': -0.23660715, 'gneJ260': -0.026785715, 'gneJ210': -0.0625}, {'cluster_1757124350_1757124352': 0, 'gneJ143': 2, 'gneJ207': 12, 'cluster_306484187_cluster_1200363791_1200363826_1200363834_1200363898_1200363927_1200363938_1200363947_1200364074_1200364103_1507566554_1507566556_255882157_306484190': 0, '32564122': 2, 'gneJ260': 1, 'gneJ210': 1}, {'cluster_1757124350_1757124352': 0, 'gneJ143': 4, 'gneJ207': 13, 'cluster_306484187_cluster_1200363791_1200363826_1200363834_1200363898_1200363927_1200363938_1200363947_1200364074_1200364103_1507566554_1507566556_255882157_306484190': 0, '32564122': 3, 'gneJ260': 2, 'gneJ210': 2}, 
58160.0, {'cluster_1757124350_1757124352': 0.0, 'gneJ143': 0.0, 'gneJ207': -1.1294643, 'cluster_306484187_cluster_1200363791_1200363826_1200363834_1200363898_1200363927_1200363938_1200363947_1200364074_1200364103_1507566554_1507566556_255882157_306484190': 0.0, '32564122': -0.38839287, 'gneJ260': 0.0, 'gneJ210': -0.017857144}, {'cluster_1757124350_1757124352': 0, 'gneJ143': 0, 'gneJ207': 10, 'cluster_306484187_cluster_1200363791_1200363826_1200363834_1200363898_1200363927_1200363938_1200363947_1200364074_1200364103_1507566554_1507566556_255882157_306484190': 0, '32564122': 3, 'gneJ260': 0, 'gneJ210': 1}, {'cluster_1757124350_1757124352': 0, 'gneJ143': 0, 'gneJ207': 12, 'cluster_306484187_cluster_1200363791_1200363826_1200363834_1200363898_1200363927_1200363938_1200363947_1200364074_1200364103_1507566554_1507566556_255882157_306484190': 0, '32564122': 4, 'gneJ260': 0, 'gneJ210': 1}, 
58170.0, {'cluster_1757124350_1757124352': 0.0, 'gneJ143': -0.08035714, 'gneJ207': -1.0401785, 'cluster_306484187_cluster_1200363791_1200363826_1200363834_1200363898_1200363927_1200363938_1200363947_1200364074_1200364103_1507566554_1507566556_255882157_306484190': -0.07589286, '32564122': -0.46875, 'gneJ260': 0.0, 'gneJ210': -0.05357143}, {'cluster_1757124350_1757124352': 0, 'gneJ143': 1, 'gneJ207': 8, 'cluster_306484187_cluster_1200363791_1200363826_1200363834_1200363898_1200363927_1200363938_1200363947_1200364074_1200364103_1507566554_1507566556_255882157_306484190': 1, '32564122': 4, 'gneJ260': 0, 'gneJ210': 1}, {'cluster_1757124350_1757124352': 0, 'gneJ143': 3, 'gneJ207': 8, 'cluster_306484187_cluster_1200363791_1200363826_1200363834_1200363898_1200363927_1200363938_1200363947_1200364074_1200364103_1507566554_1507566556_255882157_306484190': 3, '32564122': 4, 'gneJ260': 0, 'gneJ210': 2}, 
58180.0, {'cluster_1757124350_1757124352': -0.017857144, 'gneJ143': 0.0, 'gneJ207': -1.4598215, 'cluster_306484187_cluster_1200363791_1200363826_1200363834_1200363898_1200363927_1200363938_1200363947_1200364074_1200364103_1507566554_1507566556_255882157_306484190': -0.17857143, '32564122': -0.6473214, 'gneJ260': -0.013392857, 'gneJ210': -0.17410715}, {'cluster_1757124350_1757124352': 1, 'gneJ143': 0, 'gneJ207': 8, 'cluster_306484187_cluster_1200363791_1200363826_1200363834_1200363898_1200363927_1200363938_1200363947_1200364074_1200364103_1507566554_1507566556_255882157_306484190': 2, '32564122': 4, 'gneJ260': 1, 'gneJ210': 2}, {'cluster_1757124350_1757124352': 1, 'gneJ143': 0, 'gneJ207': 13, 'cluster_306484187_cluster_1200363791_1200363826_1200363834_1200363898_1200363927_1200363938_1200363947_1200364074_1200364103_1507566554_1507566556_255882157_306484190': 4, '32564122': 4, 'gneJ260': 1, 'gneJ210': 3}, 
58190.0, {'cluster_1757124350_1757124352': -0.008928572, 'gneJ143': -0.116071425, 'gneJ207': -1.5133928, 'cluster_306484187_cluster_1200363791_1200363826_1200363834_1200363898_1200363927_1200363938_1200363947_1200364074_1200364103_1507566554_1507566556_255882157_306484190': -0.013392857, '32564122': -0.5535714, 'gneJ260': -0.035714287, 'gneJ210': -0.026785715}, {'cluster_1757124350_1757124352': 1, 'gneJ143': 3, 'gneJ207': 9, 'cluster_306484187_cluster_1200363791_1200363826_1200363834_1200363898_1200363927_1200363938_1200363947_1200364074_1200364103_1507566554_1507566556_255882157_306484190': 1, '32564122': 3, 'gneJ260': 1, 'gneJ210': 1}, {'cluster_1757124350_1757124352': 1, 'gneJ143': 7, 'gneJ207': 14, 'cluster_306484187_cluster_1200363791_1200363826_1200363834_1200363898_1200363927_1200363938_1200363947_1200364074_1200364103_1507566554_1507566556_255882157_306484190': 1, '32564122': 3, 'gneJ260': 2, 'gneJ210': 1}, 
58200.0, {'cluster_1757124350_1757124352': 0.0, 'gneJ143': -0.44642857, 'gneJ207': -1.3705357, 'cluster_306484187_cluster_1200363791_1200363826_1200363834_1200363898_1200363927_1200363938_1200363947_1200364074_1200364103_1507566554_1507566556_255882157_306484190': -0.04464286, '32564122': -0.75446427, 'gneJ260': 0.0, 'gneJ210': -0.008928572}, {'cluster_1757124350_1757124352': 0, 'gneJ143': 3, 'gneJ207': 6, 'cluster_306484187_cluster_1200363791_1200363826_1200363834_1200363898_1200363927_1200363938_1200363947_1200364074_1200364103_1507566554_1507566556_255882157_306484190': 2, '32564122': 7, 'gneJ260': 0, 'gneJ210': 1}, {'cluster_1757124350_1757124352': 0, 'gneJ143': 9, 'gneJ207': 12, 'cluster_306484187_cluster_1200363791_1200363826_1200363834_1200363898_1200363927_1200363938_1200363947_1200364074_1200364103_1507566554_1507566556_255882157_306484190': 4, '32564122': 7, 'gneJ260': 0, 'gneJ210': 1}, 
58210.0, {'cluster_1757124350_1757124352': 0.0, 'gneJ143': 0.0, 'gneJ207': -0.82589287, 'cluster_306484187_cluster_1200363791_1200363826_1200363834_1200363898_1200363927_1200363938_1200363947_1200364074_1200364103_1507566554_1507566556_255882157_306484190': -0.2857143, '32564122': -1.0714285, 'gneJ260': 0.0, 'gneJ210': -0.026785715}, {'cluster_1757124350_1757124352': 0, 'gneJ143': 0, 'gneJ207': 4, 'cluster_306484187_cluster_1200363791_1200363826_1200363834_1200363898_1200363927_1200363938_1200363947_1200364074_1200364103_1507566554_1507566556_255882157_306484190': 3, '32564122': 7, 'gneJ260': 0, 'gneJ210': 1}, {'cluster_1757124350_1757124352': 0, 'gneJ143': 0, 'gneJ207': 6, 'cluster_306484187_cluster_1200363791_1200363826_1200363834_1200363898_1200363927_1200363938_1200363947_1200364074_1200364103_1507566554_1507566556_255882157_306484190': 8, '32564122': 8, 'gneJ260': 0, 'gneJ210': 1}, 
58220.0, {'cluster_1757124350_1757124352': -0.004464286, 'gneJ143': -0.071428575, 'gneJ207': -0.64285713, 'cluster_306484187_cluster_1200363791_1200363826_1200363834_1200363898_1200363927_1200363938_1200363947_1200364074_1200364103_1507566554_1507566556_255882157_306484190': -0.71875, '32564122': -1.0089285, 'gneJ260': -0.026785715, 'gneJ210': 0.0}, {'cluster_1757124350_1757124352': 1, 'gneJ143': 2, 'gneJ207': 4, 'cluster_306484187_cluster_1200363791_1200363826_1200363834_1200363898_1200363927_1200363938_1200363947_1200364074_1200364103_1507566554_1507566556_255882157_306484190': 3, '32564122': 7, 'gneJ260': 1, 'gneJ210': 0}, {'cluster_1757124350_1757124352': 1, 'gneJ143': 3, 'gneJ207': 6, 'cluster_306484187_cluster_1200363791_1200363826_1200363834_1200363898_1200363927_1200363938_1200363947_1200364074_1200364103_1507566554_1507566556_255882157_306484190': 10, '32564122': 7, 'gneJ260': 1, 'gneJ210': 0}, 
58230.0, {'cluster_1757124350_1757124352': 0.0, 'gneJ143': -0.35267857, 'gneJ207': -1.1071428, 'cluster_306484187_cluster_1200363791_1200363826_1200363834_1200363898_1200363927_1200363938_1200363947_1200364074_1200364103_1507566554_1507566556_255882157_306484190': -0.09821428, '32564122': -1.3348215, 'gneJ260': 0.0, 'gneJ210': 0.0}, {'cluster_1757124350_1757124352': 0, 'gneJ143': 3, 'gneJ207': 6, 'cluster_306484187_cluster_1200363791_1200363826_1200363834_1200363898_1200363927_1200363938_1200363947_1200364074_1200364103_1507566554_1507566556_255882157_306484190': 1, '32564122': 7, 'gneJ260': 0, 'gneJ210': 0}, {'cluster_1757124350_1757124352': 0, 'gneJ143': 9, 'gneJ207': 14, 'cluster_306484187_cluster_1200363791_1200363826_1200363834_1200363898_1200363927_1200363938_1200363947_1200364074_1200364103_1507566554_1507566556_255882157_306484190': 1, '32564122': 8, 'gneJ260': 0, 'gneJ210': 0}, 
58240.0, {'cluster_1757124350_1757124352': 0.0, 'gneJ143': -0.6785714, 'gneJ207': -1.7366072, 'cluster_306484187_cluster_1200363791_1200363826_1200363834_1200363898_1200363927_1200363938_1200363947_1200364074_1200364103_1507566554_1507566556_255882157_306484190': -0.026785715, '32564122': -0.7723214, 'gneJ260': -0.026785715, 'gneJ210': 0.0}, {'cluster_1757124350_1757124352': 0, 'gneJ143': 4, 'gneJ207': 7, 'cluster_306484187_cluster_1200363791_1200363826_1200363834_1200363898_1200363927_1200363938_1200363947_1200364074_1200364103_1507566554_1507566556_255882157_306484190': 1, '32564122': 5, 'gneJ260': 1, 'gneJ210': 0}, {'cluster_1757124350_1757124352': 0, 'gneJ143': 10, 'gneJ207': 15, 'cluster_306484187_cluster_1200363791_1200363826_1200363834_1200363898_1200363927_1200363938_1200363947_1200364074_1200364103_1507566554_1507566556_255882157_306484190': 1, '32564122': 6, 'gneJ260': 2, 'gneJ210': 0}, 
58250.0, {'cluster_1757124350_1757124352': 0.0, 'gneJ143': -1.125, 'gneJ207': -2.40625, 'cluster_306484187_cluster_1200363791_1200363826_1200363834_1200363898_1200363927_1200363938_1200363947_1200364074_1200364103_1507566554_1507566556_255882157_306484190': -0.16517857, '32564122': -0.55803573, 'gneJ260': -0.12053572, 'gneJ210': 0.0}, {'cluster_1757124350_1757124352': 0, 'gneJ143': 4, 'gneJ207': 7, 'cluster_306484187_cluster_1200363791_1200363826_1200363834_1200363898_1200363927_1200363938_1200363947_1200364074_1200364103_1507566554_1507566556_255882157_306484190': 1, '32564122': 3, 'gneJ260': 2, 'gneJ210': 0}, {'cluster_1757124350_1757124352': 0, 'gneJ143': 10, 'gneJ207': 15, 'cluster_306484187_cluster_1200363791_1200363826_1200363834_1200363898_1200363927_1200363938_1200363947_1200364074_1200364103_1507566554_1507566556_255882157_306484190': 4, '32564122': 4, 'gneJ260': 3, 'gneJ210': 0}, 
58260.0, {'cluster_1757124350_1757124352': 0.0, 'gneJ143': -0.09375, 'gneJ207': -0.9151786, 'cluster_306484187_cluster_1200363791_1200363826_1200363834_1200363898_1200363927_1200363938_1200363947_1200364074_1200364103_1507566554_1507566556_255882157_306484190': 0.0, '32564122': -0.2544643, 'gneJ260': 0.0, 'gneJ210': 0.0}, {'cluster_1757124350_1757124352': 0, 'gneJ143': 1, 'gneJ207': 4, 'cluster_306484187_cluster_1200363791_1200363826_1200363834_1200363898_1200363927_1200363938_1200363947_1200364074_1200364103_1507566554_1507566556_255882157_306484190': 0, '32564122': 1, 'gneJ260': 0, 'gneJ210': 0}, {'cluster_1757124350_1757124352': 0, 'gneJ143': 1, 'gneJ207': 6, 'cluster_306484187_cluster_1200363791_1200363826_1200363834_1200363898_1200363927_1200363938_1200363947_1200364074_1200364103_1507566554_1507566556_255882157_306484190': 0, '32564122': 2, 'gneJ260': 0, 'gneJ210': 0}, 
58270.0, {'cluster_1757124350_1757124352': -0.013392857, 'gneJ143': 0.0, 'gneJ207': -0.80803573, 'cluster_306484187_cluster_1200363791_1200363826_1200363834_1200363898_1200363927_1200363938_1200363947_1200364074_1200364103_1507566554_1507566556_255882157_306484190': -0.084821425, '32564122': -0.16517857, 'gneJ260': 0.0, 'gneJ210': -0.058035713}, {'cluster_1757124350_1757124352': 1, 'gneJ143': 0, 'gneJ207': 4, 'cluster_306484187_cluster_1200363791_1200363826_1200363834_1200363898_1200363927_1200363938_1200363947_1200364074_1200364103_1507566554_1507566556_255882157_306484190': 3, '32564122': 1, 'gneJ260': 0, 'gneJ210': 1}, {'cluster_1757124350_1757124352': 2, 'gneJ143': 0, 'gneJ207': 4, 'cluster_306484187_cluster_1200363791_1200363826_1200363834_1200363898_1200363927_1200363938_1200363947_1200364074_1200364103_1507566554_1507566556_255882157_306484190': 5, '32564122': 1, 'gneJ260': 0, 'gneJ210': 2}, 
58280.0, {'cluster_1757124350_1757124352': 0.0, 'gneJ143': -0.026785715, 'gneJ207': -0.19196428, 'cluster_306484187_cluster_1200363791_1200363826_1200363834_1200363898_1200363927_1200363938_1200363947_1200364074_1200364103_1507566554_1507566556_255882157_306484190': -0.4107143, '32564122': -0.20982143, 'gneJ260': 0.0, 'gneJ210': 0.0}, {'cluster_1757124350_1757124352': 0, 'gneJ143': 1, 'gneJ207': 1, 'cluster_306484187_cluster_1200363791_1200363826_1200363834_1200363898_1200363927_1200363938_1200363947_1200364074_1200364103_1507566554_1507566556_255882157_306484190': 3, '32564122': 1, 'gneJ260': 0, 'gneJ210': 0}, {'cluster_1757124350_1757124352': 0, 'gneJ143': 1, 'gneJ207': 2, 'cluster_306484187_cluster_1200363791_1200363826_1200363834_1200363898_1200363927_1200363938_1200363947_1200364074_1200364103_1507566554_1507566556_255882157_306484190': 8, '32564122': 1, 'gneJ260': 0, 'gneJ210': 0}, 
58290.0, {'cluster_1757124350_1757124352': -0.026785715, 'gneJ143': 0.0, 'gneJ207': -0.32142857, 'cluster_306484187_cluster_1200363791_1200363826_1200363834_1200363898_1200363927_1200363938_1200363947_1200364074_1200364103_1507566554_1507566556_255882157_306484190': -0.46875, '32564122': -0.2544643, 'gneJ260': 0.0, 'gneJ210': -0.02232143}, {'cluster_1757124350_1757124352': 1, 'gneJ143': 0, 'gneJ207': 4, 'cluster_306484187_cluster_1200363791_1200363826_1200363834_1200363898_1200363927_1200363938_1200363947_1200364074_1200364103_1507566554_1507566556_255882157_306484190': 5, '32564122': 1, 'gneJ260': 0, 'gneJ210': 1}, {'cluster_1757124350_1757124352': 1, 'gneJ143': 0, 'gneJ207': 5, 'cluster_306484187_cluster_1200363791_1200363826_1200363834_1200363898_1200363927_1200363938_1200363947_1200364074_1200364103_1507566554_1507566556_255882157_306484190': 9, '32564122': 1, 'gneJ260': 0, 'gneJ210': 2}, 
58300.0, {'cluster_1757124350_1757124352': -0.08928572, 'gneJ143': -0.11160714, 'gneJ207': -0.13839285, 'cluster_306484187_cluster_1200363791_1200363826_1200363834_1200363898_1200363927_1200363938_1200363947_1200364074_1200364103_1507566554_1507566556_255882157_306484190': -0.25892857, '32564122': -0.013392857, 'gneJ260': -0.017857144, 'gneJ210': 0.0}, {'cluster_1757124350_1757124352': 2, 'gneJ143': 2, 'gneJ207': 1, 'cluster_306484187_cluster_1200363791_1200363826_1200363834_1200363898_1200363927_1200363938_1200363947_1200364074_1200364103_1507566554_1507566556_255882157_306484190': 3, '32564122': 1, 'gneJ260': 1, 'gneJ210': 0}, {'cluster_1757124350_1757124352': 2, 'gneJ143': 6, 'gneJ207': 2, 'cluster_306484187_cluster_1200363791_1200363826_1200363834_1200363898_1200363927_1200363938_1200363947_1200364074_1200364103_1507566554_1507566556_255882157_306484190': 4, '32564122': 1, 'gneJ260': 1, 'gneJ210': 0}, 
58310.0, {'cluster_1757124350_1757124352': -0.24553572, 'gneJ143': -0.4375, 'gneJ207': -0.20089285, 'cluster_306484187_cluster_1200363791_1200363826_1200363834_1200363898_1200363927_1200363938_1200363947_1200364074_1200364103_1507566554_1507566556_255882157_306484190': -0.09821428, '32564122': 0.0, 'gneJ260': 0.0, 'gneJ210': 0.0}, {'cluster_1757124350_1757124352': 2, 'gneJ143': 4, 'gneJ207': 4, 'cluster_306484187_cluster_1200363791_1200363826_1200363834_1200363898_1200363927_1200363938_1200363947_1200364074_1200364103_1507566554_1507566556_255882157_306484190': 1, '32564122': 0, 'gneJ260': 0, 'gneJ210': 0}, {'cluster_1757124350_1757124352': 4, 'gneJ143': 11, 'gneJ207': 8, 'cluster_306484187_cluster_1200363791_1200363826_1200363834_1200363898_1200363927_1200363938_1200363947_1200364074_1200364103_1507566554_1507566556_255882157_306484190': 2, '32564122': 0, 'gneJ260': 0, 'gneJ210': 0}, 
58320.0, {'cluster_1757124350_1757124352': -0.33482143, 'gneJ143': -1.0, 'gneJ207': -0.09821428, 'cluster_306484187_cluster_1200363791_1200363826_1200363834_1200363898_1200363927_1200363938_1200363947_1200364074_1200364103_1507566554_1507566556_255882157_306484190': -0.05357143, '32564122': -0.013392857, 'gneJ260': -0.017857144, 'gneJ210': -0.004464286}, {'cluster_1757124350_1757124352': 2, 'gneJ143': 4, 'gneJ207': 1, 'cluster_306484187_cluster_1200363791_1200363826_1200363834_1200363898_1200363927_1200363938_1200363947_1200364074_1200364103_1507566554_1507566556_255882157_306484190': 2, '32564122': 1, 'gneJ260': 1, 'gneJ210': 1}, {'cluster_1757124350_1757124352': 3, 'gneJ143': 13, 'gneJ207': 2, 'cluster_306484187_cluster_1200363791_1200363826_1200363834_1200363898_1200363927_1200363938_1200363947_1200364074_1200364103_1507566554_1507566556_255882157_306484190': 2, '32564122': 1, 'gneJ260': 1, 'gneJ210': 1}, 
58330.0, {'cluster_1757124350_1757124352': -0.46875, 'gneJ143': -0.30357143, 'gneJ207': -0.23214285, 'cluster_306484187_cluster_1200363791_1200363826_1200363834_1200363898_1200363927_1200363938_1200363947_1200364074_1200364103_1507566554_1507566556_255882157_306484190': -0.09821428, '32564122': -0.102678575, 'gneJ260': -0.013392857, 'gneJ210': -0.04910714}, {'cluster_1757124350_1757124352': 2, 'gneJ143': 2, 'gneJ207': 4, 'cluster_306484187_cluster_1200363791_1200363826_1200363834_1200363898_1200363927_1200363938_1200363947_1200364074_1200364103_1507566554_1507566556_255882157_306484190': 3, '32564122': 1, 'gneJ260': 1, 'gneJ210': 1}, {'cluster_1757124350_1757124352': 3, 'gneJ143': 3, 'gneJ207': 5, 'cluster_306484187_cluster_1200363791_1200363826_1200363834_1200363898_1200363927_1200363938_1200363947_1200364074_1200364103_1507566554_1507566556_255882157_306484190': 5, '32564122': 2, 'gneJ260': 1, 'gneJ210': 1}, 
58340.0, {'cluster_1757124350_1757124352': 0.0, 'gneJ143': 0.0, 'gneJ207': -0.04910714, 'cluster_306484187_cluster_1200363791_1200363826_1200363834_1200363898_1200363927_1200363938_1200363947_1200364074_1200364103_1507566554_1507566556_255882157_306484190': -0.04910714, '32564122': -0.035714287, 'gneJ260': -0.058035713, 'gneJ210': -0.09375}, {'cluster_1757124350_1757124352': 0, 'gneJ143': 0, 'gneJ207': 1, 'cluster_306484187_cluster_1200363791_1200363826_1200363834_1200363898_1200363927_1200363938_1200363947_1200364074_1200364103_1507566554_1507566556_255882157_306484190': 1, '32564122': 2, 'gneJ260': 1, 'gneJ210': 1}, {'cluster_1757124350_1757124352': 0, 'gneJ143': 0, 'gneJ207': 1, 'cluster_306484187_cluster_1200363791_1200363826_1200363834_1200363898_1200363927_1200363938_1200363947_1200364074_1200364103_1507566554_1507566556_255882157_306484190': 1, '32564122': 2, 'gneJ260': 1, 'gneJ210': 1}, 
58350.0, {'cluster_1757124350_1757124352': -0.12946428, 'gneJ143': -0.058035713, 'gneJ207': -0.20982143, 'cluster_306484187_cluster_1200363791_1200363826_1200363834_1200363898_1200363927_1200363938_1200363947_1200364074_1200364103_1507566554_1507566556_255882157_306484190': -0.008928572, '32564122': -0.084821425, 'gneJ260': -0.102678575, 'gneJ210': 0.0}, {'cluster_1757124350_1757124352': 5, 'gneJ143': 2, 'gneJ207': 4, 'cluster_306484187_cluster_1200363791_1200363826_1200363834_1200363898_1200363927_1200363938_1200363947_1200364074_1200364103_1507566554_1507566556_255882157_306484190': 1, '32564122': 1, 'gneJ260': 1, 'gneJ210': 0}, {'cluster_1757124350_1757124352': 9, 'gneJ143': 4, 'gneJ207': 9, 'cluster_306484187_cluster_1200363791_1200363826_1200363834_1200363898_1200363927_1200363938_1200363947_1200364074_1200364103_1507566554_1507566556_255882157_306484190': 1, '32564122': 2, 'gneJ260': 1, 'gneJ210': 0}, 
58360.0, {'cluster_1757124350_1757124352': -0.14732143, 'gneJ143': -0.017857144, 'gneJ207': -0.3705357, 'cluster_306484187_cluster_1200363791_1200363826_1200363834_1200363898_1200363927_1200363938_1200363947_1200364074_1200364103_1507566554_1507566556_255882157_306484190': -0.10714286, '32564122': -0.102678575, 'gneJ260': 0.0, 'gneJ210': 0.0}, {'cluster_1757124350_1757124352': 2, 'gneJ143': 2, 'gneJ207': 4, 'cluster_306484187_cluster_1200363791_1200363826_1200363834_1200363898_1200363927_1200363938_1200363947_1200364074_1200364103_1507566554_1507566556_255882157_306484190': 1, '32564122': 1, 'gneJ260': 0, 'gneJ210': 0}, {'cluster_1757124350_1757124352': 3, 'gneJ143': 2, 'gneJ207': 6, 'cluster_306484187_cluster_1200363791_1200363826_1200363834_1200363898_1200363927_1200363938_1200363947_1200364074_1200364103_1507566554_1507566556_255882157_306484190': 3, '32564122': 1, 'gneJ260': 0, 'gneJ210': 0}, 
58370.0, {'cluster_1757124350_1757124352': -0.3169643, 'gneJ143': -0.10714286, 'gneJ207': -0.72321427, 'cluster_306484187_cluster_1200363791_1200363826_1200363834_1200363898_1200363927_1200363938_1200363947_1200364074_1200364103_1507566554_1507566556_255882157_306484190': -0.36607143, '32564122': -0.026785715, 'gneJ260': -0.084821425, 'gneJ210': -0.013392857}, {'cluster_1757124350_1757124352': 3, 'gneJ143': 2, 'gneJ207': 5, 'cluster_306484187_cluster_1200363791_1200363826_1200363834_1200363898_1200363927_1200363938_1200363947_1200364074_1200364103_1507566554_1507566556_255882157_306484190': 3, '32564122': 1, 'gneJ260': 2, 'gneJ210': 1}, {'cluster_1757124350_1757124352': 6, 'gneJ143': 4, 'gneJ207': 11, 'cluster_306484187_cluster_1200363791_1200363826_1200363834_1200363898_1200363927_1200363938_1200363947_1200364074_1200364103_1507566554_1507566556_255882157_306484190': 8, '32564122': 1, 'gneJ260': 3, 'gneJ210': 1}, 
58380.0, {'cluster_1757124350_1757124352': 0.0, 'gneJ143': 0.0, 'gneJ207': -0.24553572, 'cluster_306484187_cluster_1200363791_1200363826_1200363834_1200363898_1200363927_1200363938_1200363947_1200364074_1200364103_1507566554_1507566556_255882157_306484190': -0.59375, '32564122': 0.0, 'gneJ260': -0.004464286, 'gneJ210': -0.09821428}, {'cluster_1757124350_1757124352': 0, 'gneJ143': 0, 'gneJ207': 2, 'cluster_306484187_cluster_1200363791_1200363826_1200363834_1200363898_1200363927_1200363938_1200363947_1200364074_1200364103_1507566554_1507566556_255882157_306484190': 3, '32564122': 0, 'gneJ260': 1, 'gneJ210': 1}, {'cluster_1757124350_1757124352': 0, 'gneJ143': 0, 'gneJ207': 3, 'cluster_306484187_cluster_1200363791_1200363826_1200363834_1200363898_1200363927_1200363938_1200363947_1200364074_1200364103_1507566554_1507566556_255882157_306484190': 7, '32564122': 0, 'gneJ260': 1, 'gneJ210': 2}, 
58390.0, {'cluster_1757124350_1757124352': 0.0, 'gneJ143': -0.017857144, 'gneJ207': -0.45535713, 'cluster_306484187_cluster_1200363791_1200363826_1200363834_1200363898_1200363927_1200363938_1200363947_1200364074_1200364103_1507566554_1507566556_255882157_306484190': -0.99553573, '32564122': 0.0, 'gneJ260': -0.004464286, 'gneJ210': -0.026785715}, {'cluster_1757124350_1757124352': 0, 'gneJ143': 1, 'gneJ207': 4, 'cluster_306484187_cluster_1200363791_1200363826_1200363834_1200363898_1200363927_1200363938_1200363947_1200364074_1200364103_1507566554_1507566556_255882157_306484190': 5, '32564122': 0, 'gneJ260': 1, 'gneJ210': 1}, {'cluster_1757124350_1757124352': 0, 'gneJ143': 1, 'gneJ207': 9, 'cluster_306484187_cluster_1200363791_1200363826_1200363834_1200363898_1200363927_1200363938_1200363947_1200364074_1200364103_1507566554_1507566556_255882157_306484190': 13, '32564122': 0, 'gneJ260': 1, 'gneJ210': 2}, 
58400.0, {'cluster_1757124350_1757124352': 0.0, 'gneJ143': -0.026785715, 'gneJ207': -0.16517857, 'cluster_306484187_cluster_1200363791_1200363826_1200363834_1200363898_1200363927_1200363938_1200363947_1200364074_1200364103_1507566554_1507566556_255882157_306484190': -1.5758928, '32564122': 0.0, 'gneJ260': -0.04910714, 'gneJ210': -0.04464286}, {'cluster_1757124350_1757124352': 0, 'gneJ143': 2, 'gneJ207': 5, 'cluster_306484187_cluster_1200363791_1200363826_1200363834_1200363898_1200363927_1200363938_1200363947_1200364074_1200364103_1507566554_1507566556_255882157_306484190': 5, '32564122': 0, 'gneJ260': 1, 'gneJ210': 1}, {'cluster_1757124350_1757124352': 0, 'gneJ143': 2, 'gneJ207': 6, 'cluster_306484187_cluster_1200363791_1200363826_1200363834_1200363898_1200363927_1200363938_1200363947_1200364074_1200364103_1507566554_1507566556_255882157_306484190': 13, '32564122': 0, 'gneJ260': 1, 'gneJ210': 1}, 
58410.0, {'cluster_1757124350_1757124352': -0.004464286, 'gneJ143': 0.0, 'gneJ207': -0.11160714, 'cluster_306484187_cluster_1200363791_1200363826_1200363834_1200363898_1200363927_1200363938_1200363947_1200364074_1200364103_1507566554_1507566556_255882157_306484190': -0.35267857, '32564122': -0.013392857, 'gneJ260': -0.09375, 'gneJ210': -0.08928572}, {'cluster_1757124350_1757124352': 1, 'gneJ143': 0, 'gneJ207': 2, 'cluster_306484187_cluster_1200363791_1200363826_1200363834_1200363898_1200363927_1200363938_1200363947_1200364074_1200364103_1507566554_1507566556_255882157_306484190': 2, '32564122': 1, 'gneJ260': 1, 'gneJ210': 1}, {'cluster_1757124350_1757124352': 1, 'gneJ143': 0, 'gneJ207': 2, 'cluster_306484187_cluster_1200363791_1200363826_1200363834_1200363898_1200363927_1200363938_1200363947_1200364074_1200364103_1507566554_1507566556_255882157_306484190': 4, '32564122': 1, 'gneJ260': 1, 'gneJ210': 1}, 
58420.0, {'cluster_1757124350_1757124352': -0.017857144, 'gneJ143': -0.02232143, 'gneJ207': 0.0, 'cluster_306484187_cluster_1200363791_1200363826_1200363834_1200363898_1200363927_1200363938_1200363947_1200364074_1200364103_1507566554_1507566556_255882157_306484190': -0.67410713, '32564122': -0.16517857, 'gneJ260': 0.0, 'gneJ210': -0.017857144}, {'cluster_1757124350_1757124352': 1, 'gneJ143': 1, 'gneJ207': 0, 'cluster_306484187_cluster_1200363791_1200363826_1200363834_1200363898_1200363927_1200363938_1200363947_1200364074_1200364103_1507566554_1507566556_255882157_306484190': 5, '32564122': 1, 'gneJ260': 0, 'gneJ210': 1}, {'cluster_1757124350_1757124352': 1, 'gneJ143': 1, 'gneJ207': 0, 'cluster_306484187_cluster_1200363791_1200363826_1200363834_1200363898_1200363927_1200363938_1200363947_1200364074_1200364103_1507566554_1507566556_255882157_306484190': 13, '32564122': 4, 'gneJ260': 0, 'gneJ210': 1}, 
58430.0, {'cluster_1757124350_1757124352': -0.04017857, 'gneJ143': -0.17857143, 'gneJ207': -0.03125, 'cluster_306484187_cluster_1200363791_1200363826_1200363834_1200363898_1200363927_1200363938_1200363947_1200364074_1200364103_1507566554_1507566556_255882157_306484190': -0.16071428, '32564122': 0.0, 'gneJ260': 0.0, 'gneJ210': -0.084821425}, {'cluster_1757124350_1757124352': 2, 'gneJ143': 5, 'gneJ207': 2, 'cluster_306484187_cluster_1200363791_1200363826_1200363834_1200363898_1200363927_1200363938_1200363947_1200364074_1200364103_1507566554_1507566556_255882157_306484190': 2, '32564122': 0, 'gneJ260': 0, 'gneJ210': 1}, {'cluster_1757124350_1757124352': 3, 'gneJ143': 7, 'gneJ207': 2, 'cluster_306484187_cluster_1200363791_1200363826_1200363834_1200363898_1200363927_1200363938_1200363947_1200364074_1200364103_1507566554_1507566556_255882157_306484190': 3, '32564122': 0, 'gneJ260': 0, 'gneJ210': 2}, 
58440.0, {'cluster_1757124350_1757124352': 0.0, 'gneJ143': -0.25892857, 'gneJ207': -0.026785715, 'cluster_306484187_cluster_1200363791_1200363826_1200363834_1200363898_1200363927_1200363938_1200363947_1200364074_1200364103_1507566554_1507566556_255882157_306484190': 0.0, '32564122': -0.035714287, 'gneJ260': -0.004464286, 'gneJ210': -0.24553572}, {'cluster_1757124350_1757124352': 0, 'gneJ143': 4, 'gneJ207': 1, 'cluster_306484187_cluster_1200363791_1200363826_1200363834_1200363898_1200363927_1200363938_1200363947_1200364074_1200364103_1507566554_1507566556_255882157_306484190': 0, '32564122': 1, 'gneJ260': 1, 'gneJ210': 2}, {'cluster_1757124350_1757124352': 0, 'gneJ143': 4, 'gneJ207': 1, 'cluster_306484187_cluster_1200363791_1200363826_1200363834_1200363898_1200363927_1200363938_1200363947_1200364074_1200364103_1507566554_1507566556_255882157_306484190': 0, '32564122': 1, 'gneJ260': 1, 'gneJ210': 4}, 
58450.0, {'cluster_1757124350_1757124352': -0.008928572, 'gneJ143': -0.20535715, 'gneJ207': -0.071428575, 'cluster_306484187_cluster_1200363791_1200363826_1200363834_1200363898_1200363927_1200363938_1200363947_1200364074_1200364103_1507566554_1507566556_255882157_306484190': -0.004464286, '32564122': -0.08035714, 'gneJ260': -0.04910714, 'gneJ210': 0.0}, {'cluster_1757124350_1757124352': 1, 'gneJ143': 2, 'gneJ207': 1, 'cluster_306484187_cluster_1200363791_1200363826_1200363834_1200363898_1200363927_1200363938_1200363947_1200364074_1200364103_1507566554_1507566556_255882157_306484190': 1, '32564122': 1, 'gneJ260': 1, 'gneJ210': 0}, {'cluster_1757124350_1757124352': 1, 'gneJ143': 3, 'gneJ207': 1, 'cluster_306484187_cluster_1200363791_1200363826_1200363834_1200363898_1200363927_1200363938_1200363947_1200364074_1200364103_1507566554_1507566556_255882157_306484190': 1, '32564122': 1, 'gneJ260': 1, 'gneJ210': 0}, 
58460.0, {'cluster_1757124350_1757124352': 0.0, 'gneJ143': -0.16517857, 'gneJ207': -0.004464286, 'cluster_306484187_cluster_1200363791_1200363826_1200363834_1200363898_1200363927_1200363938_1200363947_1200364074_1200364103_1507566554_1507566556_255882157_306484190': -0.15178572, '32564122': -0.125, 'gneJ260': -0.14732143, 'gneJ210': 0.0}, {'cluster_1757124350_1757124352': 0, 'gneJ143': 3, 'gneJ207': 1, 'cluster_306484187_cluster_1200363791_1200363826_1200363834_1200363898_1200363927_1200363938_1200363947_1200364074_1200364103_1507566554_1507566556_255882157_306484190': 4, '32564122': 1, 'gneJ260': 3, 'gneJ210': 0}, {'cluster_1757124350_1757124352': 0, 'gneJ143': 3, 'gneJ207': 1, 'cluster_306484187_cluster_1200363791_1200363826_1200363834_1200363898_1200363927_1200363938_1200363947_1200364074_1200364103_1507566554_1507566556_255882157_306484190': 4, '32564122': 1, 'gneJ260': 3, 'gneJ210': 0}, 
58470.0, {'cluster_1757124350_1757124352': 0.0, 'gneJ143': -0.05357143, 'gneJ207': -0.11160714, 'cluster_306484187_cluster_1200363791_1200363826_1200363834_1200363898_1200363927_1200363938_1200363947_1200364074_1200364103_1507566554_1507566556_255882157_306484190': -0.08035714, '32564122': -0.16964285, 'gneJ260': -0.035714287, 'gneJ210': 0.0}, {'cluster_1757124350_1757124352': 0, 'gneJ143': 1, 'gneJ207': 3, 'cluster_306484187_cluster_1200363791_1200363826_1200363834_1200363898_1200363927_1200363938_1200363947_1200364074_1200364103_1507566554_1507566556_255882157_306484190': 1, '32564122': 1, 'gneJ260': 1, 'gneJ210': 0}, {'cluster_1757124350_1757124352': 0, 'gneJ143': 1, 'gneJ207': 4, 'cluster_306484187_cluster_1200363791_1200363826_1200363834_1200363898_1200363927_1200363938_1200363947_1200364074_1200364103_1507566554_1507566556_255882157_306484190': 2, '32564122': 1, 'gneJ260': 2, 'gneJ210': 0}, 
58480.0, {'cluster_1757124350_1757124352': 0.0, 'gneJ143': -0.04017857, 'gneJ207': -0.29464287, 'cluster_306484187_cluster_1200363791_1200363826_1200363834_1200363898_1200363927_1200363938_1200363947_1200364074_1200364103_1507566554_1507566556_255882157_306484190': -0.0625, '32564122': -0.22767857, 'gneJ260': 0.0, 'gneJ210': 0.0}, {'cluster_1757124350_1757124352': 0, 'gneJ143': 3, 'gneJ207': 4, 'cluster_306484187_cluster_1200363791_1200363826_1200363834_1200363898_1200363927_1200363938_1200363947_1200364074_1200364103_1507566554_1507566556_255882157_306484190': 1, '32564122': 1, 'gneJ260': 0, 'gneJ210': 0}, {'cluster_1757124350_1757124352': 0, 'gneJ143': 3, 'gneJ207': 5, 'cluster_306484187_cluster_1200363791_1200363826_1200363834_1200363898_1200363927_1200363938_1200363947_1200364074_1200364103_1507566554_1507566556_255882157_306484190': 1, '32564122': 2, 'gneJ260': 0, 'gneJ210': 0}, 
58490.0, {'cluster_1757124350_1757124352': -0.013392857, 'gneJ143': -0.2544643, 'gneJ207': -0.27232143, 'cluster_306484187_cluster_1200363791_1200363826_1200363834_1200363898_1200363927_1200363938_1200363947_1200364074_1200364103_1507566554_1507566556_255882157_306484190': -0.035714287, '32564122': 0.0, 'gneJ260': 0.0, 'gneJ210': 0.0}, {'cluster_1757124350_1757124352': 1, 'gneJ143': 5, 'gneJ207': 2, 'cluster_306484187_cluster_1200363791_1200363826_1200363834_1200363898_1200363927_1200363938_1200363947_1200364074_1200364103_1507566554_1507566556_255882157_306484190': 1, '32564122': 0, 'gneJ260': 0, 'gneJ210': 0}, {'cluster_1757124350_1757124352': 1, 'gneJ143': 5, 'gneJ207': 4, 'cluster_306484187_cluster_1200363791_1200363826_1200363834_1200363898_1200363927_1200363938_1200363947_1200364074_1200364103_1507566554_1507566556_255882157_306484190': 2, '32564122': 0, 'gneJ260': 0, 'gneJ210': 0}, 
58500.0, {'cluster_1757124350_1757124352': 0.0, 'gneJ143': -0.47767857, 'gneJ207': -0.49107143, 'cluster_306484187_cluster_1200363791_1200363826_1200363834_1200363898_1200363927_1200363938_1200363947_1200364074_1200364103_1507566554_1507566556_255882157_306484190': -0.058035713, '32564122': 0.0, 'gneJ260': -0.017857144, 'gneJ210': 0.0}, {'cluster_1757124350_1757124352': 0, 'gneJ143': 5, 'gneJ207': 4, 'cluster_306484187_cluster_1200363791_1200363826_1200363834_1200363898_1200363927_1200363938_1200363947_1200364074_1200364103_1507566554_1507566556_255882157_306484190': 1, '32564122': 0, 'gneJ260': 1, 'gneJ210': 0}, {'cluster_1757124350_1757124352': 0, 'gneJ143': 5, 'gneJ207': 6, 'cluster_306484187_cluster_1200363791_1200363826_1200363834_1200363898_1200363927_1200363938_1200363947_1200364074_1200364103_1507566554_1507566556_255882157_306484190': 1, '32564122': 0, 'gneJ260': 2, 'gneJ210': 0}, 
58510.0, {'cluster_1757124350_1757124352': 0.0, 'gneJ143': -0.39732143, 'gneJ207': -0.12946428, 'cluster_306484187_cluster_1200363791_1200363826_1200363834_1200363898_1200363927_1200363938_1200363947_1200364074_1200364103_1507566554_1507566556_255882157_306484190': -0.102678575, '32564122': -0.004464286, 'gneJ260': -0.12053572, 'gneJ210': 0.0}, {'cluster_1757124350_1757124352': 0, 'gneJ143': 3, 'gneJ207': 2, 'cluster_306484187_cluster_1200363791_1200363826_1200363834_1200363898_1200363927_1200363938_1200363947_1200364074_1200364103_1507566554_1507566556_255882157_306484190': 1, '32564122': 1, 'gneJ260': 2, 'gneJ210': 0}, {'cluster_1757124350_1757124352': 0, 'gneJ143': 3, 'gneJ207': 2, 'cluster_306484187_cluster_1200363791_1200363826_1200363834_1200363898_1200363927_1200363938_1200363947_1200364074_1200364103_1507566554_1507566556_255882157_306484190': 1, '32564122': 1, 'gneJ260': 4, 'gneJ210': 0}, 
58520.0, {'cluster_1757124350_1757124352': -0.004464286, 'gneJ143': -0.004464286, 'gneJ207': -0.2544643, 'cluster_306484187_cluster_1200363791_1200363826_1200363834_1200363898_1200363927_1200363938_1200363947_1200364074_1200364103_1507566554_1507566556_255882157_306484190': -0.14732143, '32564122': 0.0, 'gneJ260': 0.0, 'gneJ210': 0.0}, {'cluster_1757124350_1757124352': 1, 'gneJ143': 1, 'gneJ207': 3, 'cluster_306484187_cluster_1200363791_1200363826_1200363834_1200363898_1200363927_1200363938_1200363947_1200364074_1200364103_1507566554_1507566556_255882157_306484190': 1, '32564122': 0, 'gneJ260': 0, 'gneJ210': 0}, {'cluster_1757124350_1757124352': 1, 'gneJ143': 1, 'gneJ207': 4, 'cluster_306484187_cluster_1200363791_1200363826_1200363834_1200363898_1200363927_1200363938_1200363947_1200364074_1200364103_1507566554_1507566556_255882157_306484190': 1, '32564122': 0, 'gneJ260': 0, 'gneJ210': 0}, 
58530.0, {'cluster_1757124350_1757124352': -0.04910714, 'gneJ143': -0.004464286, 'gneJ207': 0.0, 'cluster_306484187_cluster_1200363791_1200363826_1200363834_1200363898_1200363927_1200363938_1200363947_1200364074_1200364103_1507566554_1507566556_255882157_306484190': -0.19196428, '32564122': 0.0, 'gneJ260': -0.058035713, 'gneJ210': 0.0}, {'cluster_1757124350_1757124352': 1, 'gneJ143': 1, 'gneJ207': 0, 'cluster_306484187_cluster_1200363791_1200363826_1200363834_1200363898_1200363927_1200363938_1200363947_1200364074_1200364103_1507566554_1507566556_255882157_306484190': 1, '32564122': 0, 'gneJ260': 1, 'gneJ210': 0}, {'cluster_1757124350_1757124352': 1, 'gneJ143': 1, 'gneJ207': 0, 'cluster_306484187_cluster_1200363791_1200363826_1200363834_1200363898_1200363927_1200363938_1200363947_1200364074_1200364103_1507566554_1507566556_255882157_306484190': 1, '32564122': 0, 'gneJ260': 2, 'gneJ210': 0}, 
58540.0, {'cluster_1757124350_1757124352': -0.09375, 'gneJ143': -0.22767857, 'gneJ207': -0.013392857, 'cluster_306484187_cluster_1200363791_1200363826_1200363834_1200363898_1200363927_1200363938_1200363947_1200364074_1200364103_1507566554_1507566556_255882157_306484190': 0.0, '32564122': 0.0, 'gneJ260': 0.0, 'gneJ210': -0.04017857}, {'cluster_1757124350_1757124352': 1, 'gneJ143': 5, 'gneJ207': 1, 'cluster_306484187_cluster_1200363791_1200363826_1200363834_1200363898_1200363927_1200363938_1200363947_1200364074_1200364103_1507566554_1507566556_255882157_306484190': 0, '32564122': 0, 'gneJ260': 0, 'gneJ210': 1}, {'cluster_1757124350_1757124352': 1, 'gneJ143': 8, 'gneJ207': 1, 'cluster_306484187_cluster_1200363791_1200363826_1200363834_1200363898_1200363927_1200363938_1200363947_1200364074_1200364103_1507566554_1507566556_255882157_306484190': 0, '32564122': 0, 'gneJ260': 0, 'gneJ210': 2}, 
58550.0, {'cluster_1757124350_1757124352': -0.084821425, 'gneJ143': -0.49107143, 'gneJ207': -0.09821428, 'cluster_306484187_cluster_1200363791_1200363826_1200363834_1200363898_1200363927_1200363938_1200363947_1200364074_1200364103_1507566554_1507566556_255882157_306484190': 0.0, '32564122': 0.0, 'gneJ260': -0.02232143, 'gneJ210': -0.008928572}, {'cluster_1757124350_1757124352': 1, 'gneJ143': 4, 'gneJ207': 3, 'cluster_306484187_cluster_1200363791_1200363826_1200363834_1200363898_1200363927_1200363938_1200363947_1200364074_1200364103_1507566554_1507566556_255882157_306484190': 0, '32564122': 0, 'gneJ260': 2, 'gneJ210': 1}, {'cluster_1757124350_1757124352': 3, 'gneJ143': 7, 'gneJ207': 4, 'cluster_306484187_cluster_1200363791_1200363826_1200363834_1200363898_1200363927_1200363938_1200363947_1200364074_1200364103_1507566554_1507566556_255882157_306484190': 0, '32564122': 0, 'gneJ260': 2, 'gneJ210': 1}, 
58560.0, {'cluster_1757124350_1757124352': -0.071428575, 'gneJ143': -0.35714287, 'gneJ207': -0.04464286, 'cluster_306484187_cluster_1200363791_1200363826_1200363834_1200363898_1200363927_1200363938_1200363947_1200364074_1200364103_1507566554_1507566556_255882157_306484190': -0.071428575, '32564122': 0.0, 'gneJ260': 0.0, 'gneJ210': -0.09375}, {'cluster_1757124350_1757124352': 1, 'gneJ143': 3, 'gneJ207': 1, 'cluster_306484187_cluster_1200363791_1200363826_1200363834_1200363898_1200363927_1200363938_1200363947_1200364074_1200364103_1507566554_1507566556_255882157_306484190': 2, '32564122': 0, 'gneJ260': 0, 'gneJ210': 1}, {'cluster_1757124350_1757124352': 1, 'gneJ143': 3, 'gneJ207': 1, 'cluster_306484187_cluster_1200363791_1200363826_1200363834_1200363898_1200363927_1200363938_1200363947_1200364074_1200364103_1507566554_1507566556_255882157_306484190': 2, '32564122': 0, 'gneJ260': 0, 'gneJ210': 2}, 
58570.0, {'cluster_1757124350_1757124352': -0.017857144, 'gneJ143': -0.20982143, 'gneJ207': -0.05357143, 'cluster_306484187_cluster_1200363791_1200363826_1200363834_1200363898_1200363927_1200363938_1200363947_1200364074_1200364103_1507566554_1507566556_255882157_306484190': 0.0, '32564122': -0.026785715, 'gneJ260': 0.0, 'gneJ210': -0.18303572}, {'cluster_1757124350_1757124352': 1, 'gneJ143': 2, 'gneJ207': 2, 'cluster_306484187_cluster_1200363791_1200363826_1200363834_1200363898_1200363927_1200363938_1200363947_1200364074_1200364103_1507566554_1507566556_255882157_306484190': 0, '32564122': 1, 'gneJ260': 0, 'gneJ210': 1}, {'cluster_1757124350_1757124352': 2, 'gneJ143': 4, 'gneJ207': 3, 'cluster_306484187_cluster_1200363791_1200363826_1200363834_1200363898_1200363927_1200363938_1200363947_1200364074_1200364103_1507566554_1507566556_255882157_306484190': 0, '32564122': 1, 'gneJ260': 0, 'gneJ210': 2}, 
58580.0, {'cluster_1757124350_1757124352': 0.0, 'gneJ143': -0.22321428, 'gneJ207': -0.017857144, 'cluster_306484187_cluster_1200363791_1200363826_1200363834_1200363898_1200363927_1200363938_1200363947_1200364074_1200364103_1507566554_1507566556_255882157_306484190': 0.0, '32564122': -0.071428575, 'gneJ260': -0.04464286, 'gneJ210': -0.32142857}, {'cluster_1757124350_1757124352': 0, 'gneJ143': 3, 'gneJ207': 1, 'cluster_306484187_cluster_1200363791_1200363826_1200363834_1200363898_1200363927_1200363938_1200363947_1200364074_1200364103_1507566554_1507566556_255882157_306484190': 0, '32564122': 1, 'gneJ260': 1, 'gneJ210': 2}, {'cluster_1757124350_1757124352': 0, 'gneJ143': 8, 'gneJ207': 1, 'cluster_306484187_cluster_1200363791_1200363826_1200363834_1200363898_1200363927_1200363938_1200363947_1200364074_1200364103_1507566554_1507566556_255882157_306484190': 0, '32564122': 1, 'gneJ260': 2, 'gneJ210': 4}, 
58590.0, {'cluster_1757124350_1757124352': 0.0, 'gneJ143': -0.58928573, 'gneJ207': -0.09375, 'cluster_306484187_cluster_1200363791_1200363826_1200363834_1200363898_1200363927_1200363938_1200363947_1200364074_1200364103_1507566554_1507566556_255882157_306484190': 0.0, '32564122': -0.125, 'gneJ260': -0.13392857, 'gneJ210': -0.5}, {'cluster_1757124350_1757124352': 0, 'gneJ143': 3, 'gneJ207': 1, 'cluster_306484187_cluster_1200363791_1200363826_1200363834_1200363898_1200363927_1200363938_1200363947_1200364074_1200364103_1507566554_1507566556_255882157_306484190': 0, '32564122': 1, 'gneJ260': 1, 'gneJ210': 2}, {'cluster_1757124350_1757124352': 0, 'gneJ143': 10, 'gneJ207': 2, 'cluster_306484187_cluster_1200363791_1200363826_1200363834_1200363898_1200363927_1200363938_1200363947_1200364074_1200364103_1507566554_1507566556_255882157_306484190': 0, '32564122': 2, 'gneJ260': 2, 'gneJ210': 4}, 
58600.0, {'cluster_1757124350_1757124352': 0.0, 'gneJ143': -0.9464286, 'gneJ207': -0.07589286, 'cluster_306484187_cluster_1200363791_1200363826_1200363834_1200363898_1200363927_1200363938_1200363947_1200364074_1200364103_1507566554_1507566556_255882157_306484190': 0.0, '32564122': -0.21428572, 'gneJ260': 0.0, 'gneJ210': 0.0}, {'cluster_1757124350_1757124352': 0, 'gneJ143': 5, 'gneJ207': 1, 'cluster_306484187_cluster_1200363791_1200363826_1200363834_1200363898_1200363927_1200363938_1200363947_1200364074_1200364103_1507566554_1507566556_255882157_306484190': 0, '32564122': 1, 'gneJ260': 0, 'gneJ210': 0}, {'cluster_1757124350_1757124352': 0, 'gneJ143': 14, 'gneJ207': 1, 'cluster_306484187_cluster_1200363791_1200363826_1200363834_1200363898_1200363927_1200363938_1200363947_1200364074_1200364103_1507566554_1507566556_255882157_306484190': 0, '32564122': 2, 'gneJ260': 0, 'gneJ210': 0}, 
58610.0, {'cluster_1757124350_1757124352': 0.0, 'gneJ143': -1.4955357, 'gneJ207': -0.20089285, 'cluster_306484187_cluster_1200363791_1200363826_1200363834_1200363898_1200363927_1200363938_1200363947_1200364074_1200364103_1507566554_1507566556_255882157_306484190': 0.0, '32564122': 0.0, 'gneJ260': 0.0, 'gneJ210': -0.08928572}, {'cluster_1757124350_1757124352': 0, 'gneJ143': 4, 'gneJ207': 3, 'cluster_306484187_cluster_1200363791_1200363826_1200363834_1200363898_1200363927_1200363938_1200363947_1200364074_1200364103_1507566554_1507566556_255882157_306484190': 0, '32564122': 0, 'gneJ260': 0, 'gneJ210': 2}, {'cluster_1757124350_1757124352': 0, 'gneJ143': 16, 'gneJ207': 5, 'cluster_306484187_cluster_1200363791_1200363826_1200363834_1200363898_1200363927_1200363938_1200363947_1200364074_1200364103_1507566554_1507566556_255882157_306484190': 0, '32564122': 0, 'gneJ260': 0, 'gneJ210': 4}, 
58620.0, {'cluster_1757124350_1757124352': 0.0, 'gneJ143': -1.9553572, 'gneJ207': -0.51339287, 'cluster_306484187_cluster_1200363791_1200363826_1200363834_1200363898_1200363927_1200363938_1200363947_1200364074_1200364103_1507566554_1507566556_255882157_306484190': -0.004464286, '32564122': -0.017857144, 'gneJ260': 0.0, 'gneJ210': -0.017857144}, {'cluster_1757124350_1757124352': 0, 'gneJ143': 4, 'gneJ207': 5, 'cluster_306484187_cluster_1200363791_1200363826_1200363834_1200363898_1200363927_1200363938_1200363947_1200364074_1200364103_1507566554_1507566556_255882157_306484190': 1, '32564122': 1, 'gneJ260': 0, 'gneJ210': 1}, {'cluster_1757124350_1757124352': 0, 'gneJ143': 16, 'gneJ207': 8, 'cluster_306484187_cluster_1200363791_1200363826_1200363834_1200363898_1200363927_1200363938_1200363947_1200364074_1200364103_1507566554_1507566556_255882157_306484190': 1, '32564122': 2, 'gneJ260': 0, 'gneJ210': 1}, 
58630.0, {'cluster_1757124350_1757124352': 0.0, 'gneJ143': -0.40625, 'gneJ207': -0.22321428, 'cluster_306484187_cluster_1200363791_1200363826_1200363834_1200363898_1200363927_1200363938_1200363947_1200364074_1200364103_1507566554_1507566556_255882157_306484190': -0.0625, '32564122': 0.0, 'gneJ260': 0.0, 'gneJ210': -0.03125}, {'cluster_1757124350_1757124352': 0, 'gneJ143': 2, 'gneJ207': 3, 'cluster_306484187_cluster_1200363791_1200363826_1200363834_1200363898_1200363927_1200363938_1200363947_1200364074_1200364103_1507566554_1507566556_255882157_306484190': 2, '32564122': 0, 'gneJ260': 0, 'gneJ210': 1}, {'cluster_1757124350_1757124352': 0, 'gneJ143': 5, 'gneJ207': 3, 'cluster_306484187_cluster_1200363791_1200363826_1200363834_1200363898_1200363927_1200363938_1200363947_1200364074_1200364103_1507566554_1507566556_255882157_306484190': 2, '32564122': 0, 'gneJ260': 0, 'gneJ210': 1}, 
58640.0, {'cluster_1757124350_1757124352': -0.004464286, 'gneJ143': -0.5848214, 'gneJ207': -0.017857144, 'cluster_306484187_cluster_1200363791_1200363826_1200363834_1200363898_1200363927_1200363938_1200363947_1200364074_1200364103_1507566554_1507566556_255882157_306484190': -0.15178572, '32564122': 0.0, 'gneJ260': -0.04464286, 'gneJ210': 0.0}, {'cluster_1757124350_1757124352': 1, 'gneJ143': 3, 'gneJ207': 1, 'cluster_306484187_cluster_1200363791_1200363826_1200363834_1200363898_1200363927_1200363938_1200363947_1200364074_1200364103_1507566554_1507566556_255882157_306484190': 2, '32564122': 0, 'gneJ260': 1, 'gneJ210': 0}, {'cluster_1757124350_1757124352': 1, 'gneJ143': 8, 'gneJ207': 2, 'cluster_306484187_cluster_1200363791_1200363826_1200363834_1200363898_1200363927_1200363938_1200363947_1200364074_1200364103_1507566554_1507566556_255882157_306484190': 2, '32564122': 0, 'gneJ260': 1, 'gneJ210': 0}, 
58650.0, {'cluster_1757124350_1757124352': 0.0, 'gneJ143': -0.026785715, 'gneJ207': -0.10714286, 'cluster_306484187_cluster_1200363791_1200363826_1200363834_1200363898_1200363927_1200363938_1200363947_1200364074_1200364103_1507566554_1507566556_255882157_306484190': 0.0, '32564122': 0.0, 'gneJ260': -0.08928572, 'gneJ210': 0.0}, {'cluster_1757124350_1757124352': 0, 'gneJ143': 2, 'gneJ207': 3, 'cluster_306484187_cluster_1200363791_1200363826_1200363834_1200363898_1200363927_1200363938_1200363947_1200364074_1200364103_1507566554_1507566556_255882157_306484190': 0, '32564122': 0, 'gneJ260': 1, 'gneJ210': 0}, {'cluster_1757124350_1757124352': 0, 'gneJ143': 2, 'gneJ207': 3, 'cluster_306484187_cluster_1200363791_1200363826_1200363834_1200363898_1200363927_1200363938_1200363947_1200364074_1200364103_1507566554_1507566556_255882157_306484190': 0, '32564122': 0, 'gneJ260': 1, 'gneJ210': 0}, 
58660.0, {'cluster_1757124350_1757124352': -0.02232143, 'gneJ143': -0.05357143, 'gneJ207': 0.0, 'cluster_306484187_cluster_1200363791_1200363826_1200363834_1200363898_1200363927_1200363938_1200363947_1200364074_1200364103_1507566554_1507566556_255882157_306484190': -0.19196428, '32564122': -0.04910714, 'gneJ260': -0.16964285, 'gneJ210': -0.08035714}, {'cluster_1757124350_1757124352': 1, 'gneJ143': 3, 'gneJ207': 0, 'cluster_306484187_cluster_1200363791_1200363826_1200363834_1200363898_1200363927_1200363938_1200363947_1200364074_1200364103_1507566554_1507566556_255882157_306484190': 2, '32564122': 1, 'gneJ260': 1, 'gneJ210': 2}, {'cluster_1757124350_1757124352': 1, 'gneJ143': 4, 'gneJ207': 0, 'cluster_306484187_cluster_1200363791_1200363826_1200363834_1200363898_1200363927_1200363938_1200363947_1200364074_1200364103_1507566554_1507566556_255882157_306484190': 7, '32564122': 2, 'gneJ260': 2, 'gneJ210': 4}, 
58670.0, {'cluster_1757124350_1757124352': -0.06696428, 'gneJ143': -0.084821425, 'gneJ207': -0.0625, 'cluster_306484187_cluster_1200363791_1200363826_1200363834_1200363898_1200363927_1200363938_1200363947_1200364074_1200364103_1507566554_1507566556_255882157_306484190': -0.14285715, '32564122': 0.0, 'gneJ260': -0.035714287, 'gneJ210': 0.0}, {'cluster_1757124350_1757124352': 1, 'gneJ143': 3, 'gneJ207': 4, 'cluster_306484187_cluster_1200363791_1200363826_1200363834_1200363898_1200363927_1200363938_1200363947_1200364074_1200364103_1507566554_1507566556_255882157_306484190': 1, '32564122': 0, 'gneJ260': 2, 'gneJ210': 0}, {'cluster_1757124350_1757124352': 1, 'gneJ143': 4, 'gneJ207': 4, 'cluster_306484187_cluster_1200363791_1200363826_1200363834_1200363898_1200363927_1200363938_1200363947_1200364074_1200364103_1507566554_1507566556_255882157_306484190': 2, '32564122': 0, 'gneJ260': 2, 'gneJ210': 0}, 
58680.0, {'cluster_1757124350_1757124352': 0.0, 'gneJ143': -0.2544643, 'gneJ207': -0.32589287, 'cluster_306484187_cluster_1200363791_1200363826_1200363834_1200363898_1200363927_1200363938_1200363947_1200364074_1200364103_1507566554_1507566556_255882157_306484190': -0.04464286, '32564122': 0.0, 'gneJ260': -0.017857144, 'gneJ210': 0.0}, {'cluster_1757124350_1757124352': 0, 'gneJ143': 4, 'gneJ207': 6, 'cluster_306484187_cluster_1200363791_1200363826_1200363834_1200363898_1200363927_1200363938_1200363947_1200364074_1200364103_1507566554_1507566556_255882157_306484190': 1, '32564122': 0, 'gneJ260': 1, 'gneJ210': 0}, {'cluster_1757124350_1757124352': 0, 'gneJ143': 9, 'gneJ207': 7, 'cluster_306484187_cluster_1200363791_1200363826_1200363834_1200363898_1200363927_1200363938_1200363947_1200364074_1200364103_1507566554_1507566556_255882157_306484190': 2, '32564122': 0, 'gneJ260': 1, 'gneJ210': 0}, 
58690.0, {'cluster_1757124350_1757124352': 0.0, 'gneJ143': -0.67410713, 'gneJ207': -0.70089287, 'cluster_306484187_cluster_1200363791_1200363826_1200363834_1200363898_1200363927_1200363938_1200363947_1200364074_1200364103_1507566554_1507566556_255882157_306484190': -0.017857144, '32564122': 0.0, 'gneJ260': -0.07589286, 'gneJ210': -0.06696428}, {'cluster_1757124350_1757124352': 0, 'gneJ143': 4, 'gneJ207': 7, 'cluster_306484187_cluster_1200363791_1200363826_1200363834_1200363898_1200363927_1200363938_1200363947_1200364074_1200364103_1507566554_1507566556_255882157_306484190': 1, '32564122': 0, 'gneJ260': 1, 'gneJ210': 2}, {'cluster_1757124350_1757124352': 0, 'gneJ143': 14, 'gneJ207': 9, 'cluster_306484187_cluster_1200363791_1200363826_1200363834_1200363898_1200363927_1200363938_1200363947_1200364074_1200364103_1507566554_1507566556_255882157_306484190': 1, '32564122': 0, 'gneJ260': 2, 'gneJ210': 3}, 
58700.0, {'cluster_1757124350_1757124352': 0.0, 'gneJ143': -1.28125, 'gneJ207': -1.1026785, 'cluster_306484187_cluster_1200363791_1200363826_1200363834_1200363898_1200363927_1200363938_1200363947_1200364074_1200364103_1507566554_1507566556_255882157_306484190': -0.12053572, '32564122': 0.0, 'gneJ260': -0.16517857, 'gneJ210': -0.22321428}, {'cluster_1757124350_1757124352': 0, 'gneJ143': 4, 'gneJ207': 7, 'cluster_306484187_cluster_1200363791_1200363826_1200363834_1200363898_1200363927_1200363938_1200363947_1200364074_1200364103_1507566554_1507566556_255882157_306484190': 1, '32564122': 0, 'gneJ260': 1, 'gneJ210': 2}, {'cluster_1757124350_1757124352': 0, 'gneJ143': 15, 'gneJ207': 9, 'cluster_306484187_cluster_1200363791_1200363826_1200363834_1200363898_1200363927_1200363938_1200363947_1200364074_1200364103_1507566554_1507566556_255882157_306484190': 3, '32564122': 0, 'gneJ260': 2, 'gneJ210': 4}, 
58710.0, {'cluster_1757124350_1757124352': 0.0, 'gneJ143': -1.6830357, 'gneJ207': -0.6964286, 'cluster_306484187_cluster_1200363791_1200363826_1200363834_1200363898_1200363927_1200363938_1200363947_1200364074_1200364103_1507566554_1507566556_255882157_306484190': 0.0, '32564122': 0.0, 'gneJ260': 0.0, 'gneJ210': -0.4017857}, {'cluster_1757124350_1757124352': 0, 'gneJ143': 4, 'gneJ207': 4, 'cluster_306484187_cluster_1200363791_1200363826_1200363834_1200363898_1200363927_1200363938_1200363947_1200364074_1200364103_1507566554_1507566556_255882157_306484190': 0, '32564122': 0, 'gneJ260': 0, 'gneJ210': 2}, {'cluster_1757124350_1757124352': 0, 'gneJ143': 13, 'gneJ207': 5, 'cluster_306484187_cluster_1200363791_1200363826_1200363834_1200363898_1200363927_1200363938_1200363947_1200364074_1200364103_1507566554_1507566556_255882157_306484190': 0, '32564122': 0, 'gneJ260': 0, 'gneJ210': 4}, 
58720.0, {'cluster_1757124350_1757124352': 0.0, 'gneJ143': -2.232143, 'gneJ207': -0.93303573, 'cluster_306484187_cluster_1200363791_1200363826_1200363834_1200363898_1200363927_1200363938_1200363947_1200364074_1200364103_1507566554_1507566556_255882157_306484190': 0.0, '32564122': 0.0, 'gneJ260': -0.004464286, 'gneJ210': 0.0}, {'cluster_1757124350_1757124352': 0, 'gneJ143': 4, 'gneJ207': 4, 'cluster_306484187_cluster_1200363791_1200363826_1200363834_1200363898_1200363927_1200363938_1200363947_1200364074_1200364103_1507566554_1507566556_255882157_306484190': 0, '32564122': 0, 'gneJ260': 1, 'gneJ210': 0}, {'cluster_1757124350_1757124352': 0, 'gneJ143': 15, 'gneJ207': 7, 'cluster_306484187_cluster_1200363791_1200363826_1200363834_1200363898_1200363927_1200363938_1200363947_1200364074_1200364103_1507566554_1507566556_255882157_306484190': 0, '32564122': 0, 'gneJ260': 1, 'gneJ210': 0}, 
58730.0, {'cluster_1757124350_1757124352': 0.0, 'gneJ143': -2.875, 'gneJ207': -0.45089287, 'cluster_306484187_cluster_1200363791_1200363826_1200363834_1200363898_1200363927_1200363938_1200363947_1200364074_1200364103_1507566554_1507566556_255882157_306484190': 0.0, '32564122': -0.08928572, 'gneJ260': -0.02232143, 'gneJ210': -0.0625}, {'cluster_1757124350_1757124352': 0, 'gneJ143': 4, 'gneJ207': 2, 'cluster_306484187_cluster_1200363791_1200363826_1200363834_1200363898_1200363927_1200363938_1200363947_1200364074_1200364103_1507566554_1507566556_255882157_306484190': 0, '32564122': 1, 'gneJ260': 1, 'gneJ210': 1}, {'cluster_1757124350_1757124352': 0, 'gneJ143': 17, 'gneJ207': 4, 'cluster_306484187_cluster_1200363791_1200363826_1200363834_1200363898_1200363927_1200363938_1200363947_1200364074_1200364103_1507566554_1507566556_255882157_306484190': 0, '32564122': 2, 'gneJ260': 1, 'gneJ210': 2}, 
58740.0, {'cluster_1757124350_1757124352': -0.008928572, 'gneJ143': -0.4955357, 'gneJ207': -0.44642857, 'cluster_306484187_cluster_1200363791_1200363826_1200363834_1200363898_1200363927_1200363938_1200363947_1200364074_1200364103_1507566554_1507566556_255882157_306484190': 0.0, '32564122': -0.19642857, 'gneJ260': -0.06696428, 'gneJ210': 0.0}, {'cluster_1757124350_1757124352': 1, 'gneJ143': 2, 'gneJ207': 5, 'cluster_306484187_cluster_1200363791_1200363826_1200363834_1200363898_1200363927_1200363938_1200363947_1200364074_1200364103_1507566554_1507566556_255882157_306484190': 0, '32564122': 2, 'gneJ260': 1, 'gneJ210': 0}, {'cluster_1757124350_1757124352': 2, 'gneJ143': 4, 'gneJ207': 8, 'cluster_306484187_cluster_1200363791_1200363826_1200363834_1200363898_1200363927_1200363938_1200363947_1200364074_1200364103_1507566554_1507566556_255882157_306484190': 0, '32564122': 3, 'gneJ260': 1, 'gneJ210': 0}, 
58750.0, {'cluster_1757124350_1757124352': 0.0, 'gneJ143': -0.76339287, 'gneJ207': -0.95089287, 'cluster_306484187_cluster_1200363791_1200363826_1200363834_1200363898_1200363927_1200363938_1200363947_1200364074_1200364103_1507566554_1507566556_255882157_306484190': 0.0, '32564122': 0.0, 'gneJ260': -0.0625, 'gneJ210': -0.04017857}, {'cluster_1757124350_1757124352': 0, 'gneJ143': 4, 'gneJ207': 11, 'cluster_306484187_cluster_1200363791_1200363826_1200363834_1200363898_1200363927_1200363938_1200363947_1200364074_1200364103_1507566554_1507566556_255882157_306484190': 0, '32564122': 0, 'gneJ260': 3, 'gneJ210': 1}, {'cluster_1757124350_1757124352': 0, 'gneJ143': 12, 'gneJ207': 21, 'cluster_306484187_cluster_1200363791_1200363826_1200363834_1200363898_1200363927_1200363938_1200363947_1200364074_1200364103_1507566554_1507566556_255882157_306484190': 0, '32564122': 0, 'gneJ260': 3, 'gneJ210': 1}, 
58760.0, {'cluster_1757124350_1757124352': -0.058035713, 'gneJ143': -1.1517857, 'gneJ207': -1.3080357, 'cluster_306484187_cluster_1200363791_1200363826_1200363834_1200363898_1200363927_1200363938_1200363947_1200364074_1200364103_1507566554_1507566556_255882157_306484190': 0.0, '32564122': -0.026785715, 'gneJ260': -0.13839285, 'gneJ210': -0.09375}, {'cluster_1757124350_1757124352': 1, 'gneJ143': 4, 'gneJ207': 15, 'cluster_306484187_cluster_1200363791_1200363826_1200363834_1200363898_1200363927_1200363938_1200363947_1200364074_1200364103_1507566554_1507566556_255882157_306484190': 0, '32564122': 1, 'gneJ260': 3, 'gneJ210': 1}, {'cluster_1757124350_1757124352': 2, 'gneJ143': 15, 'gneJ207': 22, 'cluster_306484187_cluster_1200363791_1200363826_1200363834_1200363898_1200363927_1200363938_1200363947_1200364074_1200364103_1507566554_1507566556_255882157_306484190': 0, '32564122': 1, 'gneJ260': 3, 'gneJ210': 2}, 
58770.0, {'cluster_1757124350_1757124352': 0.0, 'gneJ143': -0.20089285, 'gneJ207': -1.875, 'cluster_306484187_cluster_1200363791_1200363826_1200363834_1200363898_1200363927_1200363938_1200363947_1200364074_1200364103_1507566554_1507566556_255882157_306484190': -0.035714287, '32564122': -0.102678575, 'gneJ260': -0.27232143, 'gneJ210': -0.02232143}, {'cluster_1757124350_1757124352': 0, 'gneJ143': 3, 'gneJ207': 15, 'cluster_306484187_cluster_1200363791_1200363826_1200363834_1200363898_1200363927_1200363938_1200363947_1200364074_1200364103_1507566554_1507566556_255882157_306484190': 1, '32564122': 1, 'gneJ260': 3, 'gneJ210': 1}, {'cluster_1757124350_1757124352': 0, 'gneJ143': 4, 'gneJ207': 18, 'cluster_306484187_cluster_1200363791_1200363826_1200363834_1200363898_1200363927_1200363938_1200363947_1200364074_1200364103_1507566554_1507566556_255882157_306484190': 1, '32564122': 2, 'gneJ260': 3, 'gneJ210': 2}, 
58780.0, {'cluster_1757124350_1757124352': -0.013392857, 'gneJ143': -0.5401786, 'gneJ207': -2.28125, 'cluster_306484187_cluster_1200363791_1200363826_1200363834_1200363898_1200363927_1200363938_1200363947_1200364074_1200364103_1507566554_1507566556_255882157_306484190': -0.08035714, '32564122': -0.04017857, 'gneJ260': -0.04017857, 'gneJ210': -0.0625}, {'cluster_1757124350_1757124352': 1, 'gneJ143': 5, 'gneJ207': 16, 'cluster_306484187_cluster_1200363791_1200363826_1200363834_1200363898_1200363927_1200363938_1200363947_1200364074_1200364103_1507566554_1507566556_255882157_306484190': 1, '32564122': 2, 'gneJ260': 1, 'gneJ210': 1}, {'cluster_1757124350_1757124352': 2, 'gneJ143': 12, 'gneJ207': 21, 'cluster_306484187_cluster_1200363791_1200363826_1200363834_1200363898_1200363927_1200363938_1200363947_1200364074_1200364103_1507566554_1507566556_255882157_306484190': 1, '32564122': 2, 'gneJ260': 1, 'gneJ210': 1}, 
58790.0, {'cluster_1757124350_1757124352': -0.15625, 'gneJ143': -1.1517857, 'gneJ207': -2.7544644, 'cluster_306484187_cluster_1200363791_1200363826_1200363834_1200363898_1200363927_1200363938_1200363947_1200364074_1200364103_1507566554_1507566556_255882157_306484190': -0.026785715, '32564122': -0.12946428, 'gneJ260': -0.017857144, 'gneJ210': 0.0}, {'cluster_1757124350_1757124352': 2, 'gneJ143': 4, 'gneJ207': 15, 'cluster_306484187_cluster_1200363791_1200363826_1200363834_1200363898_1200363927_1200363938_1200363947_1200364074_1200364103_1507566554_1507566556_255882157_306484190': 1, '32564122': 2, 'gneJ260': 1, 'gneJ210': 0}, {'cluster_1757124350_1757124352': 4, 'gneJ143': 17, 'gneJ207': 19, 'cluster_306484187_cluster_1200363791_1200363826_1200363834_1200363898_1200363927_1200363938_1200363947_1200364074_1200364103_1507566554_1507566556_255882157_306484190': 1, '32564122': 2, 'gneJ260': 1, 'gneJ210': 0}, 
58800.0, {'cluster_1757124350_1757124352': 0.0, 'gneJ143': -1.7678572, 'gneJ207': -3.0089285, 'cluster_306484187_cluster_1200363791_1200363826_1200363834_1200363898_1200363927_1200363938_1200363947_1200364074_1200364103_1507566554_1507566556_255882157_306484190': -0.09821428, '32564122': 0.0, 'gneJ260': -0.02232143, 'gneJ210': -0.03125}, {'cluster_1757124350_1757124352': 0, 'gneJ143': 4, 'gneJ207': 15, 'cluster_306484187_cluster_1200363791_1200363826_1200363834_1200363898_1200363927_1200363938_1200363947_1200364074_1200364103_1507566554_1507566556_255882157_306484190': 1, '32564122': 0, 'gneJ260': 1, 'gneJ210': 1}, {'cluster_1757124350_1757124352': 0, 'gneJ143': 16, 'gneJ207': 20, 'cluster_306484187_cluster_1200363791_1200363826_1200363834_1200363898_1200363927_1200363938_1200363947_1200364074_1200364103_1507566554_1507566556_255882157_306484190': 3, '32564122': 0, 'gneJ260': 1, 'gneJ210': 2}, 
58810.0, {'cluster_1757124350_1757124352': 0.0, 'gneJ143': -1.9553572, 'gneJ207': -3.09375, 'cluster_306484187_cluster_1200363791_1200363826_1200363834_1200363898_1200363927_1200363938_1200363947_1200364074_1200364103_1507566554_1507566556_255882157_306484190': 0.0, '32564122': -0.026785715, 'gneJ260': -0.013392857, 'gneJ210': 0.0}, {'cluster_1757124350_1757124352': 0, 'gneJ143': 4, 'gneJ207': 12, 'cluster_306484187_cluster_1200363791_1200363826_1200363834_1200363898_1200363927_1200363938_1200363947_1200364074_1200364103_1507566554_1507566556_255882157_306484190': 0, '32564122': 1, 'gneJ260': 1, 'gneJ210': 0}, {'cluster_1757124350_1757124352': 0, 'gneJ143': 18, 'gneJ207': 16, 'cluster_306484187_cluster_1200363791_1200363826_1200363834_1200363898_1200363927_1200363938_1200363947_1200364074_1200364103_1507566554_1507566556_255882157_306484190': 0, '32564122': 1, 'gneJ260': 1, 'gneJ210': 0}, 
58820.0, {'cluster_1757124350_1757124352': 0.0, 'gneJ143': -2.7232144, 'gneJ207': -2.982143, 'cluster_306484187_cluster_1200363791_1200363826_1200363834_1200363898_1200363927_1200363938_1200363947_1200364074_1200364103_1507566554_1507566556_255882157_306484190': -0.04017857, '32564122': 0.0, 'gneJ260': -0.013392857, 'gneJ210': 0.0}, {'cluster_1757124350_1757124352': 0, 'gneJ143': 4, 'gneJ207': 13, 'cluster_306484187_cluster_1200363791_1200363826_1200363834_1200363898_1200363927_1200363938_1200363947_1200364074_1200364103_1507566554_1507566556_255882157_306484190': 1, '32564122': 0, 'gneJ260': 1, 'gneJ210': 0}, {'cluster_1757124350_1757124352': 0, 'gneJ143': 19, 'gneJ207': 15, 'cluster_306484187_cluster_1200363791_1200363826_1200363834_1200363898_1200363927_1200363938_1200363947_1200364074_1200364103_1507566554_1507566556_255882157_306484190': 2, '32564122': 0, 'gneJ260': 1, 'gneJ210': 0}, 
58830.0, {'cluster_1757124350_1757124352': 0.0, 'gneJ143': -3.580357, 'gneJ207': -2.9330356, 'cluster_306484187_cluster_1200363791_1200363826_1200363834_1200363898_1200363927_1200363938_1200363947_1200364074_1200364103_1507566554_1507566556_255882157_306484190': -0.03125, '32564122': 0.0, 'gneJ260': -0.04017857, 'gneJ210': 0.0}, {'cluster_1757124350_1757124352': 0, 'gneJ143': 4, 'gneJ207': 12, 'cluster_306484187_cluster_1200363791_1200363826_1200363834_1200363898_1200363927_1200363938_1200363947_1200364074_1200364103_1507566554_1507566556_255882157_306484190': 1, '32564122': 0, 'gneJ260': 1, 'gneJ210': 0}, {'cluster_1757124350_1757124352': 0, 'gneJ143': 22, 'gneJ207': 15, 'cluster_306484187_cluster_1200363791_1200363826_1200363834_1200363898_1200363927_1200363938_1200363947_1200364074_1200364103_1507566554_1507566556_255882157_306484190': 2, '32564122': 0, 'gneJ260': 1, 'gneJ210': 0}, 
58840.0, {'cluster_1757124350_1757124352': 0.0, 'gneJ143': -0.8214286, 'gneJ207': -2.9598215, 'cluster_306484187_cluster_1200363791_1200363826_1200363834_1200363898_1200363927_1200363938_1200363947_1200364074_1200364103_1507566554_1507566556_255882157_306484190': 0.0, '32564122': -0.035714287, 'gneJ260': 0.0, 'gneJ210': -0.06696428}, {'cluster_1757124350_1757124352': 0, 'gneJ143': 2, 'gneJ207': 12, 'cluster_306484187_cluster_1200363791_1200363826_1200363834_1200363898_1200363927_1200363938_1200363947_1200364074_1200364103_1507566554_1507566556_255882157_306484190': 0, '32564122': 1, 'gneJ260': 0, 'gneJ210': 1}, {'cluster_1757124350_1757124352': 0, 'gneJ143': 9, 'gneJ207': 12, 'cluster_306484187_cluster_1200363791_1200363826_1200363834_1200363898_1200363927_1200363938_1200363947_1200364074_1200364103_1507566554_1507566556_255882157_306484190': 0, '32564122': 1, 'gneJ260': 0, 'gneJ210': 2}, 
58850.0, {'cluster_1757124350_1757124352': 0.0, 'gneJ143': -1.2991072, 'gneJ207': -3.6294644, 'cluster_306484187_cluster_1200363791_1200363826_1200363834_1200363898_1200363927_1200363938_1200363947_1200364074_1200364103_1507566554_1507566556_255882157_306484190': 0.0, '32564122': -0.08035714, 'gneJ260': -0.04017857, 'gneJ210': -0.19196428}, {'cluster_1757124350_1757124352': 0, 'gneJ143': 4, 'gneJ207': 13, 'cluster_306484187_cluster_1200363791_1200363826_1200363834_1200363898_1200363927_1200363938_1200363947_1200364074_1200364103_1507566554_1507566556_255882157_306484190': 0, '32564122': 1, 'gneJ260': 1, 'gneJ210': 2}, {'cluster_1757124350_1757124352': 0, 'gneJ143': 14, 'gneJ207': 19, 'cluster_306484187_cluster_1200363791_1200363826_1200363834_1200363898_1200363927_1200363938_1200363947_1200364074_1200364103_1507566554_1507566556_255882157_306484190': 0, '32564122': 1, 'gneJ260': 2, 'gneJ210': 3}, 
58860.0, {'cluster_1757124350_1757124352': -0.084821425, 'gneJ143': -1.5714285, 'gneJ207': -4.0, 'cluster_306484187_cluster_1200363791_1200363826_1200363834_1200363898_1200363927_1200363938_1200363947_1200364074_1200364103_1507566554_1507566556_255882157_306484190': -0.035714287, '32564122': -0.035714287, 'gneJ260': -0.035714287, 'gneJ210': -0.36160713}, {'cluster_1757124350_1757124352': 2, 'gneJ143': 4, 'gneJ207': 11, 'cluster_306484187_cluster_1200363791_1200363826_1200363834_1200363898_1200363927_1200363938_1200363947_1200364074_1200364103_1507566554_1507566556_255882157_306484190': 1, '32564122': 1, 'gneJ260': 1, 'gneJ210': 2}, {'cluster_1757124350_1757124352': 4, 'gneJ143': 17, 'gneJ207': 22, 'cluster_306484187_cluster_1200363791_1200363826_1200363834_1200363898_1200363927_1200363938_1200363947_1200364074_1200364103_1507566554_1507566556_255882157_306484190': 1, '32564122': 2, 'gneJ260': 1, 'gneJ210': 4}, 
58870.0, {'cluster_1757124350_1757124352': -0.12053572, 'gneJ143': -0.22767857, 'gneJ207': -4.0, 'cluster_306484187_cluster_1200363791_1200363826_1200363834_1200363898_1200363927_1200363938_1200363947_1200364074_1200364103_1507566554_1507566556_255882157_306484190': -0.12946428, '32564122': -0.18303572, 'gneJ260': -0.08035714, 'gneJ210': 0.0}, {'cluster_1757124350_1757124352': 2, 'gneJ143': 1, 'gneJ207': 10, 'cluster_306484187_cluster_1200363791_1200363826_1200363834_1200363898_1200363927_1200363938_1200363947_1200364074_1200364103_1507566554_1507566556_255882157_306484190': 2, '32564122': 2, 'gneJ260': 1, 'gneJ210': 0}, {'cluster_1757124350_1757124352': 2, 'gneJ143': 3, 'gneJ207': 14, 'cluster_306484187_cluster_1200363791_1200363826_1200363834_1200363898_1200363927_1200363938_1200363947_1200364074_1200364103_1507566554_1507566556_255882157_306484190': 3, '32564122': 5, 'gneJ260': 1, 'gneJ210': 0}, 
58880.0, {'cluster_1757124350_1757124352': -0.20982143, 'gneJ143': 0.0, 'gneJ207': -4.0, 'cluster_306484187_cluster_1200363791_1200363826_1200363834_1200363898_1200363927_1200363938_1200363947_1200364074_1200364103_1507566554_1507566556_255882157_306484190': -0.035714287, '32564122': -0.035714287, 'gneJ260': -0.125, 'gneJ210': -0.08928572}, {'cluster_1757124350_1757124352': 2, 'gneJ143': 0, 'gneJ207': 10, 'cluster_306484187_cluster_1200363791_1200363826_1200363834_1200363898_1200363927_1200363938_1200363947_1200364074_1200364103_1507566554_1507566556_255882157_306484190': 1, '32564122': 1, 'gneJ260': 1, 'gneJ210': 2}, {'cluster_1757124350_1757124352': 2, 'gneJ143': 0, 'gneJ207': 18, 'cluster_306484187_cluster_1200363791_1200363826_1200363834_1200363898_1200363927_1200363938_1200363947_1200364074_1200364103_1507566554_1507566556_255882157_306484190': 2, '32564122': 1, 'gneJ260': 1, 'gneJ210': 4}, 
58890.0, {'cluster_1757124350_1757124352': -0.08928572, 'gneJ143': -0.16517857, 'gneJ207': -4.0, 'cluster_306484187_cluster_1200363791_1200363826_1200363834_1200363898_1200363927_1200363938_1200363947_1200364074_1200364103_1507566554_1507566556_255882157_306484190': -0.17857143, '32564122': -0.08035714, 'gneJ260': 0.0, 'gneJ210': 0.0}, {'cluster_1757124350_1757124352': 3, 'gneJ143': 3, 'gneJ207': 9, 'cluster_306484187_cluster_1200363791_1200363826_1200363834_1200363898_1200363927_1200363938_1200363947_1200364074_1200364103_1507566554_1507566556_255882157_306484190': 2, '32564122': 1, 'gneJ260': 0, 'gneJ210': 0}, {'cluster_1757124350_1757124352': 5, 'gneJ143': 7, 'gneJ207': 17, 'cluster_306484187_cluster_1200363791_1200363826_1200363834_1200363898_1200363927_1200363938_1200363947_1200364074_1200364103_1507566554_1507566556_255882157_306484190': 4, '32564122': 1, 'gneJ260': 0, 'gneJ210': 0}, 
58900.0, {'cluster_1757124350_1757124352': 0.0, 'gneJ143': -0.55803573, 'gneJ207': -3.25, 'cluster_306484187_cluster_1200363791_1200363826_1200363834_1200363898_1200363927_1200363938_1200363947_1200364074_1200364103_1507566554_1507566556_255882157_306484190': -0.05357143, '32564122': -0.125, 'gneJ260': 0.0, 'gneJ210': 0.0}, {'cluster_1757124350_1757124352': 0, 'gneJ143': 4, 'gneJ207': 9, 'cluster_306484187_cluster_1200363791_1200363826_1200363834_1200363898_1200363927_1200363938_1200363947_1200364074_1200364103_1507566554_1507566556_255882157_306484190': 1, '32564122': 1, 'gneJ260': 0, 'gneJ210': 0}, {'cluster_1757124350_1757124352': 0, 'gneJ143': 10, 'gneJ207': 12, 'cluster_306484187_cluster_1200363791_1200363826_1200363834_1200363898_1200363927_1200363938_1200363947_1200364074_1200364103_1507566554_1507566556_255882157_306484190': 1, '32564122': 1, 'gneJ260': 0, 'gneJ210': 0}, 
58910.0, {'cluster_1757124350_1757124352': 0.0, 'gneJ143': -0.058035713, 'gneJ207': -3.8169644, 'cluster_306484187_cluster_1200363791_1200363826_1200363834_1200363898_1200363927_1200363938_1200363947_1200364074_1200364103_1507566554_1507566556_255882157_306484190': -0.004464286, '32564122': 0.0, 'gneJ260': -0.05357143, 'gneJ210': -0.02232143}, {'cluster_1757124350_1757124352': 0, 'gneJ143': 1, 'gneJ207': 9, 'cluster_306484187_cluster_1200363791_1200363826_1200363834_1200363898_1200363927_1200363938_1200363947_1200364074_1200364103_1507566554_1507566556_255882157_306484190': 1, '32564122': 0, 'gneJ260': 2, 'gneJ210': 1}, {'cluster_1757124350_1757124352': 0, 'gneJ143': 1, 'gneJ207': 15, 'cluster_306484187_cluster_1200363791_1200363826_1200363834_1200363898_1200363927_1200363938_1200363947_1200364074_1200364103_1507566554_1507566556_255882157_306484190': 1, '32564122': 0, 'gneJ260': 3, 'gneJ210': 1}, 
58920.0, {'cluster_1757124350_1757124352': -0.004464286, 'gneJ143': -0.09821428, 'gneJ207': -2.96875, 'cluster_306484187_cluster_1200363791_1200363826_1200363834_1200363898_1200363927_1200363938_1200363947_1200364074_1200364103_1507566554_1507566556_255882157_306484190': -0.03125, '32564122': 0.0, 'gneJ260': 0.0, 'gneJ210': -0.058035713}, {'cluster_1757124350_1757124352': 1, 'gneJ143': 3, 'gneJ207': 12, 'cluster_306484187_cluster_1200363791_1200363826_1200363834_1200363898_1200363927_1200363938_1200363947_1200364074_1200364103_1507566554_1507566556_255882157_306484190': 1, '32564122': 0, 'gneJ260': 0, 'gneJ210': 1}, {'cluster_1757124350_1757124352': 1, 'gneJ143': 6, 'gneJ207': 15, 'cluster_306484187_cluster_1200363791_1200363826_1200363834_1200363898_1200363927_1200363938_1200363947_1200364074_1200364103_1507566554_1507566556_255882157_306484190': 2, '32564122': 0, 'gneJ260': 0, 'gneJ210': 2}, 
58930.0, {'cluster_1757124350_1757124352': -0.21428572, 'gneJ143': -0.42857143, 'gneJ207': -0.8973214, 'cluster_306484187_cluster_1200363791_1200363826_1200363834_1200363898_1200363927_1200363938_1200363947_1200364074_1200364103_1507566554_1507566556_255882157_306484190': -0.15178572, '32564122': 0.0, 'gneJ260': -0.017857144, 'gneJ210': -0.17857143}, {'cluster_1757124350_1757124352': 3, 'gneJ143': 3, 'gneJ207': 8, 'cluster_306484187_cluster_1200363791_1200363826_1200363834_1200363898_1200363927_1200363938_1200363947_1200364074_1200364103_1507566554_1507566556_255882157_306484190': 2, '32564122': 0, 'gneJ260': 1, 'gneJ210': 2}, {'cluster_1757124350_1757124352': 6, 'gneJ143': 10, 'gneJ207': 12, 'cluster_306484187_cluster_1200363791_1200363826_1200363834_1200363898_1200363927_1200363938_1200363947_1200364074_1200364103_1507566554_1507566556_255882157_306484190': 5, '32564122': 0, 'gneJ260': 1, 'gneJ210': 3}, 
58940.0, {'cluster_1757124350_1757124352': -0.48214287, 'gneJ143': -1.09375, 'gneJ207': -1.5, 'cluster_306484187_cluster_1200363791_1200363826_1200363834_1200363898_1200363927_1200363938_1200363947_1200364074_1200364103_1507566554_1507566556_255882157_306484190': -0.2767857, '32564122': 0.0, 'gneJ260': 0.0, 'gneJ210': 0.0}, {'cluster_1757124350_1757124352': 3, 'gneJ143': 4, 'gneJ207': 8, 'cluster_306484187_cluster_1200363791_1200363826_1200363834_1200363898_1200363927_1200363938_1200363947_1200364074_1200364103_1507566554_1507566556_255882157_306484190': 4, '32564122': 0, 'gneJ260': 0, 'gneJ210': 0}, {'cluster_1757124350_1757124352': 6, 'gneJ143': 17, 'gneJ207': 15, 'cluster_306484187_cluster_1200363791_1200363826_1200363834_1200363898_1200363927_1200363938_1200363947_1200364074_1200364103_1507566554_1507566556_255882157_306484190': 7, '32564122': 0, 'gneJ260': 0, 'gneJ210': 0}, 
58950.0, {'cluster_1757124350_1757124352': 0.0, 'gneJ143': -0.33482143, 'gneJ207': -1.1919643, 'cluster_306484187_cluster_1200363791_1200363826_1200363834_1200363898_1200363927_1200363938_1200363947_1200364074_1200364103_1507566554_1507566556_255882157_306484190': -0.12946428, '32564122': -0.04910714, 'gneJ260': 0.0, 'gneJ210': 0.0}, {'cluster_1757124350_1757124352': 0, 'gneJ143': 2, 'gneJ207': 6, 'cluster_306484187_cluster_1200363791_1200363826_1200363834_1200363898_1200363927_1200363938_1200363947_1200364074_1200364103_1507566554_1507566556_255882157_306484190': 1, '32564122': 2, 'gneJ260': 0, 'gneJ210': 0}, {'cluster_1757124350_1757124352': 0, 'gneJ143': 4, 'gneJ207': 7, 'cluster_306484187_cluster_1200363791_1200363826_1200363834_1200363898_1200363927_1200363938_1200363947_1200364074_1200364103_1507566554_1507566556_255882157_306484190': 4, '32564122': 3, 'gneJ260': 0, 'gneJ210': 0}, 
58960.0, {'cluster_1757124350_1757124352': -0.004464286, 'gneJ143': -0.24553572, 'gneJ207': -0.9598214, 'cluster_306484187_cluster_1200363791_1200363826_1200363834_1200363898_1200363927_1200363938_1200363947_1200364074_1200364103_1507566554_1507566556_255882157_306484190': -0.15178572, '32564122': 0.0, 'gneJ260': 0.0, 'gneJ210': -0.058035713}, {'cluster_1757124350_1757124352': 1, 'gneJ143': 3, 'gneJ207': 4, 'cluster_306484187_cluster_1200363791_1200363826_1200363834_1200363898_1200363927_1200363938_1200363947_1200364074_1200364103_1507566554_1507566556_255882157_306484190': 1, '32564122': 0, 'gneJ260': 0, 'gneJ210': 2}, {'cluster_1757124350_1757124352': 1, 'gneJ143': 3, 'gneJ207': 5, 'cluster_306484187_cluster_1200363791_1200363826_1200363834_1200363898_1200363927_1200363938_1200363947_1200364074_1200364103_1507566554_1507566556_255882157_306484190': 2, '32564122': 0, 'gneJ260': 0, 'gneJ210': 3}, 
58970.0, {'cluster_1757124350_1757124352': -0.27232143, 'gneJ143': -0.084821425, 'gneJ207': -0.7410714, 'cluster_306484187_cluster_1200363791_1200363826_1200363834_1200363898_1200363927_1200363938_1200363947_1200364074_1200364103_1507566554_1507566556_255882157_306484190': -0.3794643, '32564122': 0.0, 'gneJ260': 0.0, 'gneJ210': -0.21875}, {'cluster_1757124350_1757124352': 4, 'gneJ143': 1, 'gneJ207': 2, 'cluster_306484187_cluster_1200363791_1200363826_1200363834_1200363898_1200363927_1200363938_1200363947_1200364074_1200364103_1507566554_1507566556_255882157_306484190': 3, '32564122': 0, 'gneJ260': 0, 'gneJ210': 2}, {'cluster_1757124350_1757124352': 7, 'gneJ143': 2, 'gneJ207': 4, 'cluster_306484187_cluster_1200363791_1200363826_1200363834_1200363898_1200363927_1200363938_1200363947_1200364074_1200364103_1507566554_1507566556_255882157_306484190': 7, '32564122': 0, 'gneJ260': 0, 'gneJ210': 4}, 
58980.0, {'cluster_1757124350_1757124352': -0.071428575, 'gneJ143': 0.0, 'gneJ207': -0.09375, 'cluster_306484187_cluster_1200363791_1200363826_1200363834_1200363898_1200363927_1200363938_1200363947_1200364074_1200364103_1507566554_1507566556_255882157_306484190': -0.38839287, '32564122': -0.02232143, 'gneJ260': -0.026785715, 'gneJ210': -0.39732143}, {'cluster_1757124350_1757124352': 1, 'gneJ143': 0, 'gneJ207': 1, 'cluster_306484187_cluster_1200363791_1200363826_1200363834_1200363898_1200363927_1200363938_1200363947_1200364074_1200364103_1507566554_1507566556_255882157_306484190': 1, '32564122': 1, 'gneJ260': 1, 'gneJ210': 2}, {'cluster_1757124350_1757124352': 1, 'gneJ143': 0, 'gneJ207': 2, 'cluster_306484187_cluster_1200363791_1200363826_1200363834_1200363898_1200363927_1200363938_1200363947_1200364074_1200364103_1507566554_1507566556_255882157_306484190': 3, '32564122': 1, 'gneJ260': 1, 'gneJ210': 4}, 
58990.0, {'cluster_1757124350_1757124352': 0.0, 'gneJ143': -0.035714287, 'gneJ207': -0.084821425, 'cluster_306484187_cluster_1200363791_1200363826_1200363834_1200363898_1200363927_1200363938_1200363947_1200364074_1200364103_1507566554_1507566556_255882157_306484190': -0.4732143, '32564122': -0.017857144, 'gneJ260': -0.017857144, 'gneJ210': -0.013392857}, {'cluster_1757124350_1757124352': 0, 'gneJ143': 3, 'gneJ207': 1, 'cluster_306484187_cluster_1200363791_1200363826_1200363834_1200363898_1200363927_1200363938_1200363947_1200364074_1200364103_1507566554_1507566556_255882157_306484190': 2, '32564122': 1, 'gneJ260': 1, 'gneJ210': 1}, {'cluster_1757124350_1757124352': 0, 'gneJ143': 3, 'gneJ207': 3, 'cluster_306484187_cluster_1200363791_1200363826_1200363834_1200363898_1200363927_1200363938_1200363947_1200364074_1200364103_1507566554_1507566556_255882157_306484190': 5, '32564122': 1, 'gneJ260': 1, 'gneJ210': 1}, 
59000.0, {'cluster_1757124350_1757124352': 0.0, 'gneJ143': 0.0, 'gneJ207': -0.13839285, 'cluster_306484187_cluster_1200363791_1200363826_1200363834_1200363898_1200363927_1200363938_1200363947_1200364074_1200364103_1507566554_1507566556_255882157_306484190': -0.29017857, '32564122': -0.0625, 'gneJ260': -0.04464286, 'gneJ210': -0.116071425}, {'cluster_1757124350_1757124352': 0, 'gneJ143': 0, 'gneJ207': 2, 'cluster_306484187_cluster_1200363791_1200363826_1200363834_1200363898_1200363927_1200363938_1200363947_1200364074_1200364103_1507566554_1507566556_255882157_306484190': 4, '32564122': 1, 'gneJ260': 1, 'gneJ210': 2}, {'cluster_1757124350_1757124352': 0, 'gneJ143': 0, 'gneJ207': 4, 'cluster_306484187_cluster_1200363791_1200363826_1200363834_1200363898_1200363927_1200363938_1200363947_1200364074_1200364103_1507566554_1507566556_255882157_306484190': 10, '32564122': 1, 'gneJ260': 2, 'gneJ210': 3}, 
59010.0, {'cluster_1757124350_1757124352': 0.0, 'gneJ143': 0.0, 'gneJ207': -0.19196428, 'cluster_306484187_cluster_1200363791_1200363826_1200363834_1200363898_1200363927_1200363938_1200363947_1200364074_1200364103_1507566554_1507566556_255882157_306484190': -0.16071428, '32564122': -0.035714287, 'gneJ260': -0.026785715, 'gneJ210': -0.03125}, {'cluster_1757124350_1757124352': 0, 'gneJ143': 0, 'gneJ207': 2, 'cluster_306484187_cluster_1200363791_1200363826_1200363834_1200363898_1200363927_1200363938_1200363947_1200364074_1200364103_1507566554_1507566556_255882157_306484190': 2, '32564122': 1, 'gneJ260': 2, 'gneJ210': 2}, {'cluster_1757124350_1757124352': 0, 'gneJ143': 0, 'gneJ207': 2, 'cluster_306484187_cluster_1200363791_1200363826_1200363834_1200363898_1200363927_1200363938_1200363947_1200364074_1200364103_1507566554_1507566556_255882157_306484190': 3, '32564122': 2, 'gneJ260': 2, 'gneJ210': 2}, 
59020.0, {'cluster_1757124350_1757124352': -0.017857144, 'gneJ143': 0.0, 'gneJ207': 0.0, 'cluster_306484187_cluster_1200363791_1200363826_1200363834_1200363898_1200363927_1200363938_1200363947_1200364074_1200364103_1507566554_1507566556_255882157_306484190': -0.39732143, '32564122': -0.017857144, 'gneJ260': 0.0, 'gneJ210': -0.05357143}, {'cluster_1757124350_1757124352': 1, 'gneJ143': 0, 'gneJ207': 0, 'cluster_306484187_cluster_1200363791_1200363826_1200363834_1200363898_1200363927_1200363938_1200363947_1200364074_1200364103_1507566554_1507566556_255882157_306484190': 2, '32564122': 2, 'gneJ260': 0, 'gneJ210': 1}, {'cluster_1757124350_1757124352': 1, 'gneJ143': 0, 'gneJ207': 0, 'cluster_306484187_cluster_1200363791_1200363826_1200363834_1200363898_1200363927_1200363938_1200363947_1200364074_1200364103_1507566554_1507566556_255882157_306484190': 7, '32564122': 2, 'gneJ260': 0, 'gneJ210': 1}, 
59030.0, {'cluster_1757124350_1757124352': 0.0, 'gneJ143': 0.0, 'gneJ207': -0.008928572, 'cluster_306484187_cluster_1200363791_1200363826_1200363834_1200363898_1200363927_1200363938_1200363947_1200364074_1200364103_1507566554_1507566556_255882157_306484190': 0.0, '32564122': 0.0, 'gneJ260': -0.02232143, 'gneJ210': -0.071428575}, {'cluster_1757124350_1757124352': 0, 'gneJ143': 0, 'gneJ207': 1, 'cluster_306484187_cluster_1200363791_1200363826_1200363834_1200363898_1200363927_1200363938_1200363947_1200364074_1200364103_1507566554_1507566556_255882157_306484190': 0, '32564122': 0, 'gneJ260': 1, 'gneJ210': 1}, {'cluster_1757124350_1757124352': 0, 'gneJ143': 0, 'gneJ207': 1, 'cluster_306484187_cluster_1200363791_1200363826_1200363834_1200363898_1200363927_1200363938_1200363947_1200364074_1200364103_1507566554_1507566556_255882157_306484190': 0, '32564122': 0, 'gneJ260': 1, 'gneJ210': 2}, 
59040.0, {'cluster_1757124350_1757124352': 0.0, 'gneJ143': 0.0, 'gneJ207': -0.08928572, 'cluster_306484187_cluster_1200363791_1200363826_1200363834_1200363898_1200363927_1200363938_1200363947_1200364074_1200364103_1507566554_1507566556_255882157_306484190': 0.0, '32564122': -0.004464286, 'gneJ260': 0.0, 'gneJ210': -0.035714287}, {'cluster_1757124350_1757124352': 0, 'gneJ143': 0, 'gneJ207': 2, 'cluster_306484187_cluster_1200363791_1200363826_1200363834_1200363898_1200363927_1200363938_1200363947_1200364074_1200364103_1507566554_1507566556_255882157_306484190': 0, '32564122': 1, 'gneJ260': 0, 'gneJ210': 1}, {'cluster_1757124350_1757124352': 0, 'gneJ143': 0, 'gneJ207': 2, 'cluster_306484187_cluster_1200363791_1200363826_1200363834_1200363898_1200363927_1200363938_1200363947_1200364074_1200364103_1507566554_1507566556_255882157_306484190': 0, '32564122': 1, 'gneJ260': 0, 'gneJ210': 2}, 
59050.0, {'cluster_1757124350_1757124352': 0.0, 'gneJ143': -0.013392857, 'gneJ207': -0.19642857, 'cluster_306484187_cluster_1200363791_1200363826_1200363834_1200363898_1200363927_1200363938_1200363947_1200364074_1200364103_1507566554_1507566556_255882157_306484190': 0.0, '32564122': -0.04910714, 'gneJ260': -0.017857144, 'gneJ210': -0.20089285}, {'cluster_1757124350_1757124352': 0, 'gneJ143': 1, 'gneJ207': 2, 'cluster_306484187_cluster_1200363791_1200363826_1200363834_1200363898_1200363927_1200363938_1200363947_1200364074_1200364103_1507566554_1507566556_255882157_306484190': 0, '32564122': 1, 'gneJ260': 1, 'gneJ210': 2}, {'cluster_1757124350_1757124352': 0, 'gneJ143': 1, 'gneJ207': 3, 'cluster_306484187_cluster_1200363791_1200363826_1200363834_1200363898_1200363927_1200363938_1200363947_1200364074_1200364103_1507566554_1507566556_255882157_306484190': 0, '32564122': 1, 'gneJ260': 1, 'gneJ210': 4}, 
59060.0, {'cluster_1757124350_1757124352': -0.004464286, 'gneJ143': -0.15178572, 'gneJ207': 0.0, 'cluster_306484187_cluster_1200363791_1200363826_1200363834_1200363898_1200363927_1200363938_1200363947_1200364074_1200364103_1507566554_1507566556_255882157_306484190': -0.02232143, '32564122': -0.09821428, 'gneJ260': 0.0, 'gneJ210': -0.3794643}, {'cluster_1757124350_1757124352': 1, 'gneJ143': 3, 'gneJ207': 0, 'cluster_306484187_cluster_1200363791_1200363826_1200363834_1200363898_1200363927_1200363938_1200363947_1200364074_1200364103_1507566554_1507566556_255882157_306484190': 1, '32564122': 1, 'gneJ260': 0, 'gneJ210': 2}, {'cluster_1757124350_1757124352': 1, 'gneJ143': 6, 'gneJ207': 0, 'cluster_306484187_cluster_1200363791_1200363826_1200363834_1200363898_1200363927_1200363938_1200363947_1200364074_1200364103_1507566554_1507566556_255882157_306484190': 1, '32564122': 2, 'gneJ260': 0, 'gneJ210': 4}, 
59070.0, {'cluster_1757124350_1757124352': -0.12053572, 'gneJ143': -0.33482143, 'gneJ207': -0.04464286, 'cluster_306484187_cluster_1200363791_1200363826_1200363834_1200363898_1200363927_1200363938_1200363947_1200364074_1200364103_1507566554_1507566556_255882157_306484190': 0.0, '32564122': 0.0, 'gneJ260': -0.058035713, 'gneJ210': -0.55803573}, {'cluster_1757124350_1757124352': 2, 'gneJ143': 2, 'gneJ207': 1, 'cluster_306484187_cluster_1200363791_1200363826_1200363834_1200363898_1200363927_1200363938_1200363947_1200364074_1200364103_1507566554_1507566556_255882157_306484190': 0, '32564122': 0, 'gneJ260': 1, 'gneJ210': 2}, {'cluster_1757124350_1757124352': 3, 'gneJ143': 6, 'gneJ207': 2, 'cluster_306484187_cluster_1200363791_1200363826_1200363834_1200363898_1200363927_1200363938_1200363947_1200364074_1200364103_1507566554_1507566556_255882157_306484190': 0, '32564122': 0, 'gneJ260': 2, 'gneJ210': 4}, 
59080.0, {'cluster_1757124350_1757124352': -0.29017857, 'gneJ143': -0.5, 'gneJ207': -0.13839285, 'cluster_306484187_cluster_1200363791_1200363826_1200363834_1200363898_1200363927_1200363938_1200363947_1200364074_1200364103_1507566554_1507566556_255882157_306484190': 0.0, '32564122': -0.004464286, 'gneJ260': -0.09821428, 'gneJ210': -0.4107143}, {'cluster_1757124350_1757124352': 3, 'gneJ143': 4, 'gneJ207': 1, 'cluster_306484187_cluster_1200363791_1200363826_1200363834_1200363898_1200363927_1200363938_1200363947_1200364074_1200364103_1507566554_1507566556_255882157_306484190': 0, '32564122': 1, 'gneJ260': 1, 'gneJ210': 2}, {'cluster_1757124350_1757124352': 4, 'gneJ143': 9, 'gneJ207': 3, 'cluster_306484187_cluster_1200363791_1200363826_1200363834_1200363898_1200363927_1200363938_1200363947_1200364074_1200364103_1507566554_1507566556_255882157_306484190': 0, '32564122': 1, 'gneJ260': 2, 'gneJ210': 4}, 
59090.0, {'cluster_1757124350_1757124352': 0.0, 'gneJ143': -0.08035714, 'gneJ207': -0.2544643, 'cluster_306484187_cluster_1200363791_1200363826_1200363834_1200363898_1200363927_1200363938_1200363947_1200364074_1200364103_1507566554_1507566556_255882157_306484190': -0.035714287, '32564122': -0.04910714, 'gneJ260': -0.04017857, 'gneJ210': -0.15625}, {'cluster_1757124350_1757124352': 0, 'gneJ143': 1, 'gneJ207': 2, 'cluster_306484187_cluster_1200363791_1200363826_1200363834_1200363898_1200363927_1200363938_1200363947_1200364074_1200364103_1507566554_1507566556_255882157_306484190': 1, '32564122': 1, 'gneJ260': 2, 'gneJ210': 1}, {'cluster_1757124350_1757124352': 0, 'gneJ143': 2, 'gneJ207': 5, 'cluster_306484187_cluster_1200363791_1200363826_1200363834_1200363898_1200363927_1200363938_1200363947_1200364074_1200364103_1507566554_1507566556_255882157_306484190': 1, '32564122': 1, 'gneJ260': 3, 'gneJ210': 2}, 
59100.0, {'cluster_1757124350_1757124352': -0.008928572, 'gneJ143': -0.21428572, 'gneJ207': -0.5223214, 'cluster_306484187_cluster_1200363791_1200363826_1200363834_1200363898_1200363927_1200363938_1200363947_1200364074_1200364103_1507566554_1507566556_255882157_306484190': -0.08035714, '32564122': 0.0, 'gneJ260': -0.21428572, 'gneJ210': -0.24553572}, {'cluster_1757124350_1757124352': 1, 'gneJ143': 2, 'gneJ207': 3, 'cluster_306484187_cluster_1200363791_1200363826_1200363834_1200363898_1200363927_1200363938_1200363947_1200364074_1200364103_1507566554_1507566556_255882157_306484190': 1, '32564122': 0, 'gneJ260': 3, 'gneJ210': 1}, {'cluster_1757124350_1757124352': 1, 'gneJ143': 4, 'gneJ207': 7, 'cluster_306484187_cluster_1200363791_1200363826_1200363834_1200363898_1200363927_1200363938_1200363947_1200364074_1200364103_1507566554_1507566556_255882157_306484190': 1, '32564122': 0, 'gneJ260': 4, 'gneJ210': 2}, 
59110.0, {'cluster_1757124350_1757124352': 0.0, 'gneJ143': -0.32142857, 'gneJ207': 0.0, 'cluster_306484187_cluster_1200363791_1200363826_1200363834_1200363898_1200363927_1200363938_1200363947_1200364074_1200364103_1507566554_1507566556_255882157_306484190': -0.125, '32564122': 0.0, 'gneJ260': -0.02232143, 'gneJ210': -0.06696428}, {'cluster_1757124350_1757124352': 0, 'gneJ143': 2, 'gneJ207': 0, 'cluster_306484187_cluster_1200363791_1200363826_1200363834_1200363898_1200363927_1200363938_1200363947_1200364074_1200364103_1507566554_1507566556_255882157_306484190': 1, '32564122': 0, 'gneJ260': 1, 'gneJ210': 3}, {'cluster_1757124350_1757124352': 0, 'gneJ143': 5, 'gneJ207': 0, 'cluster_306484187_cluster_1200363791_1200363826_1200363834_1200363898_1200363927_1200363938_1200363947_1200364074_1200364103_1507566554_1507566556_255882157_306484190': 1, '32564122': 0, 'gneJ260': 1, 'gneJ210': 4}, 
59120.0, {'cluster_1757124350_1757124352': 0.0, 'gneJ143': -0.41964287, 'gneJ207': 0.0, 'cluster_306484187_cluster_1200363791_1200363826_1200363834_1200363898_1200363927_1200363938_1200363947_1200364074_1200364103_1507566554_1507566556_255882157_306484190': 0.0, '32564122': 0.0, 'gneJ260': 0.0, 'gneJ210': -0.017857144}, {'cluster_1757124350_1757124352': 0, 'gneJ143': 2, 'gneJ207': 0, 'cluster_306484187_cluster_1200363791_1200363826_1200363834_1200363898_1200363927_1200363938_1200363947_1200364074_1200364103_1507566554_1507566556_255882157_306484190': 0, '32564122': 0, 'gneJ260': 0, 'gneJ210': 1}, {'cluster_1757124350_1757124352': 0, 'gneJ143': 3, 'gneJ207': 0, 'cluster_306484187_cluster_1200363791_1200363826_1200363834_1200363898_1200363927_1200363938_1200363947_1200364074_1200364103_1507566554_1507566556_255882157_306484190': 0, '32564122': 0, 'gneJ260': 0, 'gneJ210': 2}, 
59130.0, {'cluster_1757124350_1757124352': 0.0, 'gneJ143': -0.62053573, 'gneJ207': -0.04464286, 'cluster_306484187_cluster_1200363791_1200363826_1200363834_1200363898_1200363927_1200363938_1200363947_1200364074_1200364103_1507566554_1507566556_255882157_306484190': 0.0, '32564122': 0.0, 'gneJ260': 0.0, 'gneJ210': -0.02232143}, {'cluster_1757124350_1757124352': 0, 'gneJ143': 3, 'gneJ207': 1, 'cluster_306484187_cluster_1200363791_1200363826_1200363834_1200363898_1200363927_1200363938_1200363947_1200364074_1200364103_1507566554_1507566556_255882157_306484190': 0, '32564122': 0, 'gneJ260': 0, 'gneJ210': 1}, {'cluster_1757124350_1757124352': 0, 'gneJ143': 6, 'gneJ207': 1, 'cluster_306484187_cluster_1200363791_1200363826_1200363834_1200363898_1200363927_1200363938_1200363947_1200364074_1200364103_1507566554_1507566556_255882157_306484190': 0, '32564122': 0, 'gneJ260': 0, 'gneJ210': 1}, 
59140.0, {'cluster_1757124350_1757124352': 0.0, 'gneJ143': -0.026785715, 'gneJ207': -0.04464286, 'cluster_306484187_cluster_1200363791_1200363826_1200363834_1200363898_1200363927_1200363938_1200363947_1200364074_1200364103_1507566554_1507566556_255882157_306484190': 0.0, '32564122': 0.0, 'gneJ260': -0.08035714, 'gneJ210': -0.06696428}, {'cluster_1757124350_1757124352': 0, 'gneJ143': 2, 'gneJ207': 1, 'cluster_306484187_cluster_1200363791_1200363826_1200363834_1200363898_1200363927_1200363938_1200363947_1200364074_1200364103_1507566554_1507566556_255882157_306484190': 0, '32564122': 0, 'gneJ260': 2, 'gneJ210': 1}, {'cluster_1757124350_1757124352': 0, 'gneJ143': 2, 'gneJ207': 2, 'cluster_306484187_cluster_1200363791_1200363826_1200363834_1200363898_1200363927_1200363938_1200363947_1200364074_1200364103_1507566554_1507566556_255882157_306484190': 0, '32564122': 0, 'gneJ260': 3, 'gneJ210': 2}, 
59150.0, {'cluster_1757124350_1757124352': 0.0, 'gneJ143': -0.16071428, 'gneJ207': -0.11160714, 'cluster_306484187_cluster_1200363791_1200363826_1200363834_1200363898_1200363927_1200363938_1200363947_1200364074_1200364103_1507566554_1507566556_255882157_306484190': 0.0, '32564122': 0.0, 'gneJ260': -0.26785713, 'gneJ210': 0.0}, {'cluster_1757124350_1757124352': 0, 'gneJ143': 3, 'gneJ207': 2, 'cluster_306484187_cluster_1200363791_1200363826_1200363834_1200363898_1200363927_1200363938_1200363947_1200364074_1200364103_1507566554_1507566556_255882157_306484190': 0, '32564122': 0, 'gneJ260': 2, 'gneJ210': 0}, {'cluster_1757124350_1757124352': 0, 'gneJ143': 3, 'gneJ207': 4, 'cluster_306484187_cluster_1200363791_1200363826_1200363834_1200363898_1200363927_1200363938_1200363947_1200364074_1200364103_1507566554_1507566556_255882157_306484190': 0, '32564122': 0, 'gneJ260': 6, 'gneJ210': 0}, 
59160.0, {'cluster_1757124350_1757124352': -0.21875, 'gneJ143': -0.3392857, 'gneJ207': -0.34375, 'cluster_306484187_cluster_1200363791_1200363826_1200363834_1200363898_1200363927_1200363938_1200363947_1200364074_1200364103_1507566554_1507566556_255882157_306484190': -0.09821428, '32564122': 0.0, 'gneJ260': -0.53571427, 'gneJ210': 0.0}, {'cluster_1757124350_1757124352': 4, 'gneJ143': 4, 'gneJ207': 4, 'cluster_306484187_cluster_1200363791_1200363826_1200363834_1200363898_1200363927_1200363938_1200363947_1200364074_1200364103_1507566554_1507566556_255882157_306484190': 2, '32564122': 0, 'gneJ260': 2, 'gneJ210': 0}, {'cluster_1757124350_1757124352': 7, 'gneJ143': 5, 'gneJ207': 7, 'cluster_306484187_cluster_1200363791_1200363826_1200363834_1200363898_1200363927_1200363938_1200363947_1200364074_1200364103_1507566554_1507566556_255882157_306484190': 4, '32564122': 0, 'gneJ260': 6, 'gneJ210': 0}, 
59170.0, {'cluster_1757124350_1757124352': -0.0625, 'gneJ143': -0.13839285, 'gneJ207': -0.64285713, 'cluster_306484187_cluster_1200363791_1200363826_1200363834_1200363898_1200363927_1200363938_1200363947_1200364074_1200364103_1507566554_1507566556_255882157_306484190': -0.125, '32564122': 0.0, 'gneJ260': -0.6026786, 'gneJ210': 0.0}, {'cluster_1757124350_1757124352': 1, 'gneJ143': 1, 'gneJ207': 5, 'cluster_306484187_cluster_1200363791_1200363826_1200363834_1200363898_1200363927_1200363938_1200363947_1200364074_1200364103_1507566554_1507566556_255882157_306484190': 2, '32564122': 0, 'gneJ260': 2, 'gneJ210': 0}, {'cluster_1757124350_1757124352': 1, 'gneJ143': 4, 'gneJ207': 9, 'cluster_306484187_cluster_1200363791_1200363826_1200363834_1200363898_1200363927_1200363938_1200363947_1200364074_1200364103_1507566554_1507566556_255882157_306484190': 2, '32564122': 0, 'gneJ260': 4, 'gneJ210': 0}, 
59180.0, {'cluster_1757124350_1757124352': -0.13839285, 'gneJ143': 0.0, 'gneJ207': -0.27232143, 'cluster_306484187_cluster_1200363791_1200363826_1200363834_1200363898_1200363927_1200363938_1200363947_1200364074_1200364103_1507566554_1507566556_255882157_306484190': -0.27232143, '32564122': 0.0, 'gneJ260': -0.0625, 'gneJ210': 0.0}, {'cluster_1757124350_1757124352': 3, 'gneJ143': 0, 'gneJ207': 2, 'cluster_306484187_cluster_1200363791_1200363826_1200363834_1200363898_1200363927_1200363938_1200363947_1200364074_1200364103_1507566554_1507566556_255882157_306484190': 2, '32564122': 0, 'gneJ260': 2, 'gneJ210': 0}, {'cluster_1757124350_1757124352': 3, 'gneJ143': 0, 'gneJ207': 4, 'cluster_306484187_cluster_1200363791_1200363826_1200363834_1200363898_1200363927_1200363938_1200363947_1200364074_1200364103_1507566554_1507566556_255882157_306484190': 4, '32564122': 0, 'gneJ260': 3, 'gneJ210': 0}, 
59190.0, {'cluster_1757124350_1757124352': -0.28125, 'gneJ143': 0.0, 'gneJ207': -0.47767857, 'cluster_306484187_cluster_1200363791_1200363826_1200363834_1200363898_1200363927_1200363938_1200363947_1200364074_1200364103_1507566554_1507566556_255882157_306484190': 0.0, '32564122': 0.0, 'gneJ260': -0.08928572, 'gneJ210': -0.035714287}, {'cluster_1757124350_1757124352': 3, 'gneJ143': 0, 'gneJ207': 4, 'cluster_306484187_cluster_1200363791_1200363826_1200363834_1200363898_1200363927_1200363938_1200363947_1200364074_1200364103_1507566554_1507566556_255882157_306484190': 0, '32564122': 0, 'gneJ260': 2, 'gneJ210': 1}, {'cluster_1757124350_1757124352': 4, 'gneJ143': 0, 'gneJ207': 9, 'cluster_306484187_cluster_1200363791_1200363826_1200363834_1200363898_1200363927_1200363938_1200363947_1200364074_1200364103_1507566554_1507566556_255882157_306484190': 0, '32564122': 0, 'gneJ260': 4, 'gneJ210': 1}, 
59200.0, {'cluster_1757124350_1757124352': 0.0, 'gneJ143': -0.08035714, 'gneJ207': -0.13839285, 'cluster_306484187_cluster_1200363791_1200363826_1200363834_1200363898_1200363927_1200363938_1200363947_1200364074_1200364103_1507566554_1507566556_255882157_306484190': -0.008928572, '32564122': 0.0, 'gneJ260': -0.26785713, 'gneJ210': 0.0}, {'cluster_1757124350_1757124352': 0, 'gneJ143': 2, 'gneJ207': 1, 'cluster_306484187_cluster_1200363791_1200363826_1200363834_1200363898_1200363927_1200363938_1200363947_1200364074_1200364103_1507566554_1507566556_255882157_306484190': 1, '32564122': 0, 'gneJ260': 2, 'gneJ210': 0}, {'cluster_1757124350_1757124352': 0, 'gneJ143': 2, 'gneJ207': 3, 'cluster_306484187_cluster_1200363791_1200363826_1200363834_1200363898_1200363927_1200363938_1200363947_1200364074_1200364103_1507566554_1507566556_255882157_306484190': 1, '32564122': 0, 'gneJ260': 4, 'gneJ210': 0}, 
59210.0, {'cluster_1757124350_1757124352': -0.04017857, 'gneJ143': 0.0, 'gneJ207': -0.16964285, 'cluster_306484187_cluster_1200363791_1200363826_1200363834_1200363898_1200363927_1200363938_1200363947_1200364074_1200364103_1507566554_1507566556_255882157_306484190': -0.08035714, '32564122': 0.0, 'gneJ260': 0.0, 'gneJ210': 0.0}, {'cluster_1757124350_1757124352': 1, 'gneJ143': 0, 'gneJ207': 1, 'cluster_306484187_cluster_1200363791_1200363826_1200363834_1200363898_1200363927_1200363938_1200363947_1200364074_1200364103_1507566554_1507566556_255882157_306484190': 2, '32564122': 0, 'gneJ260': 0, 'gneJ210': 0}, {'cluster_1757124350_1757124352': 2, 'gneJ143': 0, 'gneJ207': 2, 'cluster_306484187_cluster_1200363791_1200363826_1200363834_1200363898_1200363927_1200363938_1200363947_1200364074_1200364103_1507566554_1507566556_255882157_306484190': 2, '32564122': 0, 'gneJ260': 0, 'gneJ210': 0}, 
59220.0, {'cluster_1757124350_1757124352': -0.02232143, 'gneJ143': -0.13392857, 'gneJ207': -0.17410715, 'cluster_306484187_cluster_1200363791_1200363826_1200363834_1200363898_1200363927_1200363938_1200363947_1200364074_1200364103_1507566554_1507566556_255882157_306484190': -0.16964285, '32564122': -0.04017857, 'gneJ260': 0.0, 'gneJ210': -0.04017857}, {'cluster_1757124350_1757124352': 2, 'gneJ143': 6, 'gneJ207': 2, 'cluster_306484187_cluster_1200363791_1200363826_1200363834_1200363898_1200363927_1200363938_1200363947_1200364074_1200364103_1507566554_1507566556_255882157_306484190': 2, '32564122': 1, 'gneJ260': 0, 'gneJ210': 1}, {'cluster_1757124350_1757124352': 2, 'gneJ143': 7, 'gneJ207': 3, 'cluster_306484187_cluster_1200363791_1200363826_1200363834_1200363898_1200363927_1200363938_1200363947_1200364074_1200364103_1507566554_1507566556_255882157_306484190': 2, '32564122': 1, 'gneJ260': 0, 'gneJ210': 2}, 
59230.0, {'cluster_1757124350_1757124352': -0.084821425, 'gneJ143': -0.20535715, 'gneJ207': 0.0, 'cluster_306484187_cluster_1200363791_1200363826_1200363834_1200363898_1200363927_1200363938_1200363947_1200364074_1200364103_1507566554_1507566556_255882157_306484190': -0.2767857, '32564122': -0.026785715, 'gneJ260': 0.0, 'gneJ210': -0.25892857}, {'cluster_1757124350_1757124352': 2, 'gneJ143': 4, 'gneJ207': 0, 'cluster_306484187_cluster_1200363791_1200363826_1200363834_1200363898_1200363927_1200363938_1200363947_1200364074_1200364103_1507566554_1507566556_255882157_306484190': 2, '32564122': 1, 'gneJ260': 0, 'gneJ210': 3}, {'cluster_1757124350_1757124352': 2, 'gneJ143': 5, 'gneJ207': 0, 'cluster_306484187_cluster_1200363791_1200363826_1200363834_1200363898_1200363927_1200363938_1200363947_1200364074_1200364103_1507566554_1507566556_255882157_306484190': 3, '32564122': 1, 'gneJ260': 0, 'gneJ210': 6}, 
59240.0, {'cluster_1757124350_1757124352': -0.17410715, 'gneJ143': -0.1875, 'gneJ207': -0.058035713, 'cluster_306484187_cluster_1200363791_1200363826_1200363834_1200363898_1200363927_1200363938_1200363947_1200364074_1200364103_1507566554_1507566556_255882157_306484190': 0.0, '32564122': 0.0, 'gneJ260': 0.0, 'gneJ210': -0.3080357}, {'cluster_1757124350_1757124352': 2, 'gneJ143': 3, 'gneJ207': 2, 'cluster_306484187_cluster_1200363791_1200363826_1200363834_1200363898_1200363927_1200363938_1200363947_1200364074_1200364103_1507566554_1507566556_255882157_306484190': 0, '32564122': 0, 'gneJ260': 0, 'gneJ210': 2}, {'cluster_1757124350_1757124352': 2, 'gneJ143': 5, 'gneJ207': 2, 'cluster_306484187_cluster_1200363791_1200363826_1200363834_1200363898_1200363927_1200363938_1200363947_1200364074_1200364103_1507566554_1507566556_255882157_306484190': 0, '32564122': 0, 'gneJ260': 0, 'gneJ210': 4}, 
59250.0, {'cluster_1757124350_1757124352': -0.125, 'gneJ143': -0.13839285, 'gneJ207': 0.0, 'cluster_306484187_cluster_1200363791_1200363826_1200363834_1200363898_1200363927_1200363938_1200363947_1200364074_1200364103_1507566554_1507566556_255882157_306484190': 0.0, '32564122': -0.02232143, 'gneJ260': 0.0, 'gneJ210': -0.026785715}, {'cluster_1757124350_1757124352': 1, 'gneJ143': 2, 'gneJ207': 0, 'cluster_306484187_cluster_1200363791_1200363826_1200363834_1200363898_1200363927_1200363938_1200363947_1200364074_1200364103_1507566554_1507566556_255882157_306484190': 0, '32564122': 2, 'gneJ260': 0, 'gneJ210': 1}, {'cluster_1757124350_1757124352': 1, 'gneJ143': 2, 'gneJ207': 0, 'cluster_306484187_cluster_1200363791_1200363826_1200363834_1200363898_1200363927_1200363938_1200363947_1200364074_1200364103_1507566554_1507566556_255882157_306484190': 0, '32564122': 2, 'gneJ260': 0, 'gneJ210': 1}, 
59260.0, {'cluster_1757124350_1757124352': -0.013392857, 'gneJ143': -0.25, 'gneJ207': -0.013392857, 'cluster_306484187_cluster_1200363791_1200363826_1200363834_1200363898_1200363927_1200363938_1200363947_1200364074_1200364103_1507566554_1507566556_255882157_306484190': 0.0, '32564122': 0.0, 'gneJ260': -0.06696428, 'gneJ210': 0.0}, {'cluster_1757124350_1757124352': 1, 'gneJ143': 3, 'gneJ207': 1, 'cluster_306484187_cluster_1200363791_1200363826_1200363834_1200363898_1200363927_1200363938_1200363947_1200364074_1200364103_1507566554_1507566556_255882157_306484190': 0, '32564122': 0, 'gneJ260': 1, 'gneJ210': 0}, {'cluster_1757124350_1757124352': 1, 'gneJ143': 4, 'gneJ207': 1, 'cluster_306484187_cluster_1200363791_1200363826_1200363834_1200363898_1200363927_1200363938_1200363947_1200364074_1200364103_1507566554_1507566556_255882157_306484190': 0, '32564122': 0, 'gneJ260': 3, 'gneJ210': 0}, 
59270.0, {'cluster_1757124350_1757124352': -0.102678575, 'gneJ143': -0.20089285, 'gneJ207': -0.07589286, 'cluster_306484187_cluster_1200363791_1200363826_1200363834_1200363898_1200363927_1200363938_1200363947_1200364074_1200364103_1507566554_1507566556_255882157_306484190': -0.05357143, '32564122': 0.0, 'gneJ260': -0.17410715, 'gneJ210': 0.0}, {'cluster_1757124350_1757124352': 1, 'gneJ143': 2, 'gneJ207': 3, 'cluster_306484187_cluster_1200363791_1200363826_1200363834_1200363898_1200363927_1200363938_1200363947_1200364074_1200364103_1507566554_1507566556_255882157_306484190': 2, '32564122': 0, 'gneJ260': 2, 'gneJ210': 0}, {'cluster_1757124350_1757124352': 2, 'gneJ143': 2, 'gneJ207': 3, 'cluster_306484187_cluster_1200363791_1200363826_1200363834_1200363898_1200363927_1200363938_1200363947_1200364074_1200364103_1507566554_1507566556_255882157_306484190': 4, '32564122': 0, 'gneJ260': 5, 'gneJ210': 0}, 
59280.0, {'cluster_1757124350_1757124352': -0.20535715, 'gneJ143': -0.32142857, 'gneJ207': -0.28125, 'cluster_306484187_cluster_1200363791_1200363826_1200363834_1200363898_1200363927_1200363938_1200363947_1200364074_1200364103_1507566554_1507566556_255882157_306484190': -0.013392857, '32564122': 0.0, 'gneJ260': -0.36160713, 'gneJ210': -0.04017857}, {'cluster_1757124350_1757124352': 2, 'gneJ143': 2, 'gneJ207': 4, 'cluster_306484187_cluster_1200363791_1200363826_1200363834_1200363898_1200363927_1200363938_1200363947_1200364074_1200364103_1507566554_1507566556_255882157_306484190': 1, '32564122': 0, 'gneJ260': 2, 'gneJ210': 1}, {'cluster_1757124350_1757124352': 3, 'gneJ143': 4, 'gneJ207': 5, 'cluster_306484187_cluster_1200363791_1200363826_1200363834_1200363898_1200363927_1200363938_1200363947_1200364074_1200364103_1507566554_1507566556_255882157_306484190': 1, '32564122': 0, 'gneJ260': 6, 'gneJ210': 1}, 
59290.0, {'cluster_1757124350_1757124352': -0.3392857, 'gneJ143': -0.4419643, 'gneJ207': -0.08928572, 'cluster_306484187_cluster_1200363791_1200363826_1200363834_1200363898_1200363927_1200363938_1200363947_1200364074_1200364103_1507566554_1507566556_255882157_306484190': -0.08928572, '32564122': 0.0, 'gneJ260': -0.5714286, 'gneJ210': 0.0}, {'cluster_1757124350_1757124352': 2, 'gneJ143': 3, 'gneJ207': 1, 'cluster_306484187_cluster_1200363791_1200363826_1200363834_1200363898_1200363927_1200363938_1200363947_1200364074_1200364103_1507566554_1507566556_255882157_306484190': 2, '32564122': 0, 'gneJ260': 2, 'gneJ210': 0}, {'cluster_1757124350_1757124352': 3, 'gneJ143': 5, 'gneJ207': 1, 'cluster_306484187_cluster_1200363791_1200363826_1200363834_1200363898_1200363927_1200363938_1200363947_1200364074_1200364103_1507566554_1507566556_255882157_306484190': 3, '32564122': 0, 'gneJ260': 5, 'gneJ210': 0}, 
59300.0, {'cluster_1757124350_1757124352': -0.026785715, 'gneJ143': -0.6651786, 'gneJ207': -0.03125, 'cluster_306484187_cluster_1200363791_1200363826_1200363834_1200363898_1200363927_1200363938_1200363947_1200364074_1200364103_1507566554_1507566556_255882157_306484190': 0.0, '32564122': -0.013392857, 'gneJ260': -0.6964286, 'gneJ210': -0.004464286}, {'cluster_1757124350_1757124352': 1, 'gneJ143': 3, 'gneJ207': 1, 'cluster_306484187_cluster_1200363791_1200363826_1200363834_1200363898_1200363927_1200363938_1200363947_1200364074_1200364103_1507566554_1507566556_255882157_306484190': 0, '32564122': 1, 'gneJ260': 2, 'gneJ210': 1}, {'cluster_1757124350_1757124352': 1, 'gneJ143': 5, 'gneJ207': 1, 'cluster_306484187_cluster_1200363791_1200363826_1200363834_1200363898_1200363927_1200363938_1200363947_1200364074_1200364103_1507566554_1507566556_255882157_306484190': 0, '32564122': 2, 'gneJ260': 4, 'gneJ210': 1}, 
59310.0, {'cluster_1757124350_1757124352': -0.008928572, 'gneJ143': -0.16964285, 'gneJ207': -0.084821425, 'cluster_306484187_cluster_1200363791_1200363826_1200363834_1200363898_1200363927_1200363938_1200363947_1200364074_1200364103_1507566554_1507566556_255882157_306484190': 0.0, '32564122': -0.1875, 'gneJ260': -0.8839286, 'gneJ210': -0.035714287}, {'cluster_1757124350_1757124352': 1, 'gneJ143': 4, 'gneJ207': 1, 'cluster_306484187_cluster_1200363791_1200363826_1200363834_1200363898_1200363927_1200363938_1200363947_1200364074_1200364103_1507566554_1507566556_255882157_306484190': 0, '32564122': 4, 'gneJ260': 2, 'gneJ210': 2}, {'cluster_1757124350_1757124352': 1, 'gneJ143': 6, 'gneJ207': 2, 'cluster_306484187_cluster_1200363791_1200363826_1200363834_1200363898_1200363927_1200363938_1200363947_1200364074_1200364103_1507566554_1507566556_255882157_306484190': 0, '32564122': 5, 'gneJ260': 5, 'gneJ210': 3}, 
59320.0, {'cluster_1757124350_1757124352': -0.05357143, 'gneJ143': -0.40625, 'gneJ207': -0.29910713, 'cluster_306484187_cluster_1200363791_1200363826_1200363834_1200363898_1200363927_1200363938_1200363947_1200364074_1200364103_1507566554_1507566556_255882157_306484190': 0.0, '32564122': -0.54910713, 'gneJ260': 0.0, 'gneJ210': -0.05357143}, {'cluster_1757124350_1757124352': 1, 'gneJ143': 7, 'gneJ207': 2, 'cluster_306484187_cluster_1200363791_1200363826_1200363834_1200363898_1200363927_1200363938_1200363947_1200364074_1200364103_1507566554_1507566556_255882157_306484190': 0, '32564122': 8, 'gneJ260': 0, 'gneJ210': 1}, {'cluster_1757124350_1757124352': 1, 'gneJ143': 10, 'gneJ207': 6, 'cluster_306484187_cluster_1200363791_1200363826_1200363834_1200363898_1200363927_1200363938_1200363947_1200364074_1200364103_1507566554_1507566556_255882157_306484190': 0, '32564122': 10, 'gneJ260': 0, 'gneJ210': 2}, 
59330.0, {'cluster_1757124350_1757124352': -0.04910714, 'gneJ143': -0.5, 'gneJ207': 0.0, 'cluster_306484187_cluster_1200363791_1200363826_1200363834_1200363898_1200363927_1200363938_1200363947_1200364074_1200364103_1507566554_1507566556_255882157_306484190': -0.013392857, '32564122': -0.99553573, 'gneJ260': -0.071428575, 'gneJ210': -0.14285715}, {'cluster_1757124350_1757124352': 2, 'gneJ143': 8, 'gneJ207': 0, 'cluster_306484187_cluster_1200363791_1200363826_1200363834_1200363898_1200363927_1200363938_1200363947_1200364074_1200364103_1507566554_1507566556_255882157_306484190': 1, '32564122': 8, 'gneJ260': 2, 'gneJ210': 1}, {'cluster_1757124350_1757124352': 2, 'gneJ143': 9, 'gneJ207': 0, 'cluster_306484187_cluster_1200363791_1200363826_1200363834_1200363898_1200363927_1200363938_1200363947_1200364074_1200364103_1507566554_1507566556_255882157_306484190': 1, '32564122': 10, 'gneJ260': 3, 'gneJ210': 2}, 
59340.0, {'cluster_1757124350_1757124352': -0.13839285, 'gneJ143': -0.9151786, 'gneJ207': 0.0, 'cluster_306484187_cluster_1200363791_1200363826_1200363834_1200363898_1200363927_1200363938_1200363947_1200364074_1200364103_1507566554_1507566556_255882157_306484190': 0.0, '32564122': -1.4419643, 'gneJ260': -0.20535715, 'gneJ210': 0.0}, {'cluster_1757124350_1757124352': 2, 'gneJ143': 10, 'gneJ207': 0, 'cluster_306484187_cluster_1200363791_1200363826_1200363834_1200363898_1200363927_1200363938_1200363947_1200364074_1200364103_1507566554_1507566556_255882157_306484190': 0, '32564122': 8, 'gneJ260': 2, 'gneJ210': 0}, {'cluster_1757124350_1757124352': 2, 'gneJ143': 11, 'gneJ207': 0, 'cluster_306484187_cluster_1200363791_1200363826_1200363834_1200363898_1200363927_1200363938_1200363947_1200364074_1200364103_1507566554_1507566556_255882157_306484190': 0, '32564122': 10, 'gneJ260': 3, 'gneJ210': 0}, 
59350.0, {'cluster_1757124350_1757124352': 0.0, 'gneJ143': -1.1116072, 'gneJ207': 0.0, 'cluster_306484187_cluster_1200363791_1200363826_1200363834_1200363898_1200363927_1200363938_1200363947_1200364074_1200364103_1507566554_1507566556_255882157_306484190': -0.02232143, '32564122': -1.03125, 'gneJ260': 0.0, 'gneJ210': 0.0}, {'cluster_1757124350_1757124352': 0, 'gneJ143': 9, 'gneJ207': 0, 'cluster_306484187_cluster_1200363791_1200363826_1200363834_1200363898_1200363927_1200363938_1200363947_1200364074_1200364103_1507566554_1507566556_255882157_306484190': 1, '32564122': 6, 'gneJ260': 0, 'gneJ210': 0}, {'cluster_1757124350_1757124352': 0, 'gneJ143': 12, 'gneJ207': 0, 'cluster_306484187_cluster_1200363791_1200363826_1200363834_1200363898_1200363927_1200363938_1200363947_1200364074_1200364103_1507566554_1507566556_255882157_306484190': 1, '32564122': 6, 'gneJ260': 0, 'gneJ210': 0}, 
59360.0, {'cluster_1757124350_1757124352': 0.0, 'gneJ143': -0.82589287, 'gneJ207': -0.03125, 'cluster_306484187_cluster_1200363791_1200363826_1200363834_1200363898_1200363927_1200363938_1200363947_1200364074_1200364103_1507566554_1507566556_255882157_306484190': -0.035714287, '32564122': -1.2991072, 'gneJ260': -0.017857144, 'gneJ210': 0.0}, {'cluster_1757124350_1757124352': 0, 'gneJ143': 6, 'gneJ207': 1, 'cluster_306484187_cluster_1200363791_1200363826_1200363834_1200363898_1200363927_1200363938_1200363947_1200364074_1200364103_1507566554_1507566556_255882157_306484190': 1, '32564122': 6, 'gneJ260': 1, 'gneJ210': 0}, {'cluster_1757124350_1757124352': 0, 'gneJ143': 6, 'gneJ207': 2, 'cluster_306484187_cluster_1200363791_1200363826_1200363834_1200363898_1200363927_1200363938_1200363947_1200364074_1200364103_1507566554_1507566556_255882157_306484190': 2, '32564122': 6, 'gneJ260': 2, 'gneJ210': 0}, 
59370.0, {'cluster_1757124350_1757124352': -0.004464286, 'gneJ143': -0.63839287, 'gneJ207': 0.0, 'cluster_306484187_cluster_1200363791_1200363826_1200363834_1200363898_1200363927_1200363938_1200363947_1200364074_1200364103_1507566554_1507566556_255882157_306484190': 0.0, '32564122': -1.6383928, 'gneJ260': -0.05357143, 'gneJ210': 0.0}, {'cluster_1757124350_1757124352': 1, 'gneJ143': 4, 'gneJ207': 0, 'cluster_306484187_cluster_1200363791_1200363826_1200363834_1200363898_1200363927_1200363938_1200363947_1200364074_1200364103_1507566554_1507566556_255882157_306484190': 0, '32564122': 8, 'gneJ260': 1, 'gneJ210': 0}, {'cluster_1757124350_1757124352': 1, 'gneJ143': 4, 'gneJ207': 0, 'cluster_306484187_cluster_1200363791_1200363826_1200363834_1200363898_1200363927_1200363938_1200363947_1200364074_1200364103_1507566554_1507566556_255882157_306484190': 0, '32564122': 8, 'gneJ260': 1, 'gneJ210': 0}, 
59380.0, {'cluster_1757124350_1757124352': -0.125, 'gneJ143': -0.33035713, 'gneJ207': -0.026785715, 'cluster_306484187_cluster_1200363791_1200363826_1200363834_1200363898_1200363927_1200363938_1200363947_1200364074_1200364103_1507566554_1507566556_255882157_306484190': 0.0, '32564122': -1.9955357, 'gneJ260': -0.06696428, 'gneJ210': 0.0}, {'cluster_1757124350_1757124352': 1, 'gneJ143': 2, 'gneJ207': 1, 'cluster_306484187_cluster_1200363791_1200363826_1200363834_1200363898_1200363927_1200363938_1200363947_1200364074_1200364103_1507566554_1507566556_255882157_306484190': 0, '32564122': 8, 'gneJ260': 4, 'gneJ210': 0}, {'cluster_1757124350_1757124352': 3, 'gneJ143': 2, 'gneJ207': 1, 'cluster_306484187_cluster_1200363791_1200363826_1200363834_1200363898_1200363927_1200363938_1200363947_1200364074_1200364103_1507566554_1507566556_255882157_306484190': 0, '32564122': 8, 'gneJ260': 4, 'gneJ210': 0}, 
59390.0, {'cluster_1757124350_1757124352': -0.017857144, 'gneJ143': -0.04464286, 'gneJ207': -0.071428575, 'cluster_306484187_cluster_1200363791_1200363826_1200363834_1200363898_1200363927_1200363938_1200363947_1200364074_1200364103_1507566554_1507566556_255882157_306484190': -0.04464286, '32564122': -1.59375, 'gneJ260': -0.071428575, 'gneJ210': -0.013392857}, {'cluster_1757124350_1757124352': 1, 'gneJ143': 1, 'gneJ207': 1, 'cluster_306484187_cluster_1200363791_1200363826_1200363834_1200363898_1200363927_1200363938_1200363947_1200364074_1200364103_1507566554_1507566556_255882157_306484190': 1, '32564122': 6, 'gneJ260': 1, 'gneJ210': 1}, {'cluster_1757124350_1757124352': 1, 'gneJ143': 2, 'gneJ207': 1, 'cluster_306484187_cluster_1200363791_1200363826_1200363834_1200363898_1200363927_1200363938_1200363947_1200364074_1200364103_1507566554_1507566556_255882157_306484190': 1, '32564122': 6, 'gneJ260': 4, 'gneJ210': 1}, 
59400.0, {'cluster_1757124350_1757124352': -0.03125, 'gneJ143': -0.16071428, 'gneJ207': -0.116071425, 'cluster_306484187_cluster_1200363791_1200363826_1200363834_1200363898_1200363927_1200363938_1200363947_1200364074_1200364103_1507566554_1507566556_255882157_306484190': 0.0, '32564122': -1.0803572, 'gneJ260': -0.09375, 'gneJ210': -0.058035713}, {'cluster_1757124350_1757124352': 1, 'gneJ143': 1, 'gneJ207': 1, 'cluster_306484187_cluster_1200363791_1200363826_1200363834_1200363898_1200363927_1200363938_1200363947_1200364074_1200364103_1507566554_1507566556_255882157_306484190': 0, '32564122': 4, 'gneJ260': 1, 'gneJ210': 1}, {'cluster_1757124350_1757124352': 1, 'gneJ143': 4, 'gneJ207': 1, 'cluster_306484187_cluster_1200363791_1200363826_1200363834_1200363898_1200363927_1200363938_1200363947_1200364074_1200364103_1507566554_1507566556_255882157_306484190': 0, '32564122': 4, 'gneJ260': 1, 'gneJ210': 2}, 
59410.0, {'cluster_1757124350_1757124352': 0.0, 'gneJ143': 0.0, 'gneJ207': 0.0, 'cluster_306484187_cluster_1200363791_1200363826_1200363834_1200363898_1200363927_1200363938_1200363947_1200364074_1200364103_1507566554_1507566556_255882157_306484190': -0.03125, '32564122': -1.3169643, 'gneJ260': -0.04910714, 'gneJ210': -0.02232143}, {'cluster_1757124350_1757124352': 0, 'gneJ143': 0, 'gneJ207': 0, 'cluster_306484187_cluster_1200363791_1200363826_1200363834_1200363898_1200363927_1200363938_1200363947_1200364074_1200364103_1507566554_1507566556_255882157_306484190': 1, '32564122': 8, 'gneJ260': 2, 'gneJ210': 1}, {'cluster_1757124350_1757124352': 0, 'gneJ143': 0, 'gneJ207': 0, 'cluster_306484187_cluster_1200363791_1200363826_1200363834_1200363898_1200363927_1200363938_1200363947_1200364074_1200364103_1507566554_1507566556_255882157_306484190': 1, '32564122': 8, 'gneJ260': 3, 'gneJ210': 2}, 
59420.0, {'cluster_1757124350_1757124352': 0.0, 'gneJ143': 0.0, 'gneJ207': 0.0, 'cluster_306484187_cluster_1200363791_1200363826_1200363834_1200363898_1200363927_1200363938_1200363947_1200364074_1200364103_1507566554_1507566556_255882157_306484190': 0.0, '32564122': -1.6830357, 'gneJ260': -0.116071425, 'gneJ210': 0.0}, {'cluster_1757124350_1757124352': 0, 'gneJ143': 0, 'gneJ207': 0, 'cluster_306484187_cluster_1200363791_1200363826_1200363834_1200363898_1200363927_1200363938_1200363947_1200364074_1200364103_1507566554_1507566556_255882157_306484190': 0, '32564122': 8, 'gneJ260': 2, 'gneJ210': 0}, {'cluster_1757124350_1757124352': 0, 'gneJ143': 0, 'gneJ207': 0, 'cluster_306484187_cluster_1200363791_1200363826_1200363834_1200363898_1200363927_1200363938_1200363947_1200364074_1200364103_1507566554_1507566556_255882157_306484190': 0, '32564122': 10, 'gneJ260': 2, 'gneJ210': 0}, 
59430.0, {'cluster_1757124350_1757124352': 0.0, 'gneJ143': -0.017857144, 'gneJ207': 0.0, 'cluster_306484187_cluster_1200363791_1200363826_1200363834_1200363898_1200363927_1200363938_1200363947_1200364074_1200364103_1507566554_1507566556_255882157_306484190': -0.004464286, '32564122': -2.1294644, 'gneJ260': 0.0, 'gneJ210': 0.0}, {'cluster_1757124350_1757124352': 0, 'gneJ143': 2, 'gneJ207': 0, 'cluster_306484187_cluster_1200363791_1200363826_1200363834_1200363898_1200363927_1200363938_1200363947_1200364074_1200364103_1507566554_1507566556_255882157_306484190': 1, '32564122': 8, 'gneJ260': 0, 'gneJ210': 0}, {'cluster_1757124350_1757124352': 0, 'gneJ143': 2, 'gneJ207': 0, 'cluster_306484187_cluster_1200363791_1200363826_1200363834_1200363898_1200363927_1200363938_1200363947_1200364074_1200364103_1507566554_1507566556_255882157_306484190': 1, '32564122': 10, 'gneJ260': 0, 'gneJ210': 0}, 
59440.0, {'cluster_1757124350_1757124352': 0.0, 'gneJ143': -0.12053572, 'gneJ207': 0.0, 'cluster_306484187_cluster_1200363791_1200363826_1200363834_1200363898_1200363927_1200363938_1200363947_1200364074_1200364103_1507566554_1507566556_255882157_306484190': -0.14285715, '32564122': -1.8348215, 'gneJ260': 0.0, 'gneJ210': -0.03125}, {'cluster_1757124350_1757124352': 0, 'gneJ143': 2, 'gneJ207': 0, 'cluster_306484187_cluster_1200363791_1200363826_1200363834_1200363898_1200363927_1200363938_1200363947_1200364074_1200364103_1507566554_1507566556_255882157_306484190': 1, '32564122': 7, 'gneJ260': 0, 'gneJ210': 1}, {'cluster_1757124350_1757124352': 0, 'gneJ143': 3, 'gneJ207': 0, 'cluster_306484187_cluster_1200363791_1200363826_1200363834_1200363898_1200363927_1200363938_1200363947_1200364074_1200364103_1507566554_1507566556_255882157_306484190': 4, '32564122': 7, 'gneJ260': 0, 'gneJ210': 1}, 
59450.0, {'cluster_1757124350_1757124352': 0.0, 'gneJ143': 0.0, 'gneJ207': 0.0, 'cluster_306484187_cluster_1200363791_1200363826_1200363834_1200363898_1200363927_1200363938_1200363947_1200364074_1200364103_1507566554_1507566556_255882157_306484190': -0.035714287, '32564122': -2.1473215, 'gneJ260': 0.0, 'gneJ210': -0.07589286}, {'cluster_1757124350_1757124352': 0, 'gneJ143': 0, 'gneJ207': 0, 'cluster_306484187_cluster_1200363791_1200363826_1200363834_1200363898_1200363927_1200363938_1200363947_1200364074_1200364103_1507566554_1507566556_255882157_306484190': 1, '32564122': 7, 'gneJ260': 0, 'gneJ210': 1}, {'cluster_1757124350_1757124352': 0, 'gneJ143': 0, 'gneJ207': 0, 'cluster_306484187_cluster_1200363791_1200363826_1200363834_1200363898_1200363927_1200363938_1200363947_1200364074_1200364103_1507566554_1507566556_255882157_306484190': 2, '32564122': 7, 'gneJ260': 0, 'gneJ210': 1}, 
59460.0, {'cluster_1757124350_1757124352': 0.0, 'gneJ143': 0.0, 'gneJ207': 0.0, 'cluster_306484187_cluster_1200363791_1200363826_1200363834_1200363898_1200363927_1200363938_1200363947_1200364074_1200364103_1507566554_1507566556_255882157_306484190': -0.125, '32564122': -1.0089285, 'gneJ260': 0.0, 'gneJ210': 0.0}, {'cluster_1757124350_1757124352': 0, 'gneJ143': 0, 'gneJ207': 0, 'cluster_306484187_cluster_1200363791_1200363826_1200363834_1200363898_1200363927_1200363938_1200363947_1200364074_1200364103_1507566554_1507566556_255882157_306484190': 1, '32564122': 5, 'gneJ260': 0, 'gneJ210': 0}, {'cluster_1757124350_1757124352': 0, 'gneJ143': 0, 'gneJ207': 0, 'cluster_306484187_cluster_1200363791_1200363826_1200363834_1200363898_1200363927_1200363938_1200363947_1200364074_1200364103_1507566554_1507566556_255882157_306484190': 2, '32564122': 6, 'gneJ260': 0, 'gneJ210': 0}, 
59470.0, {'cluster_1757124350_1757124352': 0.0, 'gneJ143': 0.0, 'gneJ207': 0.0, 'cluster_306484187_cluster_1200363791_1200363826_1200363834_1200363898_1200363927_1200363938_1200363947_1200364074_1200364103_1507566554_1507566556_255882157_306484190': -0.25, '32564122': -0.14732143, 'gneJ260': -0.0625, 'gneJ210': 0.0}, {'cluster_1757124350_1757124352': 0, 'gneJ143': 0, 'gneJ207': 0, 'cluster_306484187_cluster_1200363791_1200363826_1200363834_1200363898_1200363927_1200363938_1200363947_1200364074_1200364103_1507566554_1507566556_255882157_306484190': 3, '32564122': 1, 'gneJ260': 1, 'gneJ210': 0}, {'cluster_1757124350_1757124352': 0, 'gneJ143': 0, 'gneJ207': 0, 'cluster_306484187_cluster_1200363791_1200363826_1200363834_1200363898_1200363927_1200363938_1200363947_1200364074_1200364103_1507566554_1507566556_255882157_306484190': 5, '32564122': 2, 'gneJ260': 2, 'gneJ210': 0}, 
59480.0, {'cluster_1757124350_1757124352': 0.0, 'gneJ143': -0.035714287, 'gneJ207': 0.0, 'cluster_306484187_cluster_1200363791_1200363826_1200363834_1200363898_1200363927_1200363938_1200363947_1200364074_1200364103_1507566554_1507566556_255882157_306484190': -0.035714287, '32564122': -0.27232143, 'gneJ260': -0.20535715, 'gneJ210': -0.008928572}, {'cluster_1757124350_1757124352': 0, 'gneJ143': 2, 'gneJ207': 0, 'cluster_306484187_cluster_1200363791_1200363826_1200363834_1200363898_1200363927_1200363938_1200363947_1200364074_1200364103_1507566554_1507566556_255882157_306484190': 1, '32564122': 3, 'gneJ260': 2, 'gneJ210': 1}, {'cluster_1757124350_1757124352': 0, 'gneJ143': 3, 'gneJ207': 0, 'cluster_306484187_cluster_1200363791_1200363826_1200363834_1200363898_1200363927_1200363938_1200363947_1200364074_1200364103_1507566554_1507566556_255882157_306484190': 3, '32564122': 4, 'gneJ260': 4, 'gneJ210': 1}, 
59490.0, {'cluster_1757124350_1757124352': 0.0, 'gneJ143': 0.0, 'gneJ207': -0.008928572, 'cluster_306484187_cluster_1200363791_1200363826_1200363834_1200363898_1200363927_1200363938_1200363947_1200364074_1200364103_1507566554_1507566556_255882157_306484190': -0.28125, '32564122': -0.14732143, 'gneJ260': -0.013392857, 'gneJ210': 0.0}, {'cluster_1757124350_1757124352': 0, 'gneJ143': 0, 'gneJ207': 1, 'cluster_306484187_cluster_1200363791_1200363826_1200363834_1200363898_1200363927_1200363938_1200363947_1200364074_1200364103_1507566554_1507566556_255882157_306484190': 3, '32564122': 1, 'gneJ260': 1, 'gneJ210': 0}, {'cluster_1757124350_1757124352': 0, 'gneJ143': 0, 'gneJ207': 1, 'cluster_306484187_cluster_1200363791_1200363826_1200363834_1200363898_1200363927_1200363938_1200363947_1200364074_1200364103_1507566554_1507566556_255882157_306484190': 9, '32564122': 1, 'gneJ260': 1, 'gneJ210': 0}, 
59500.0, {'cluster_1757124350_1757124352': -0.013392857, 'gneJ143': -0.0625, 'gneJ207': -0.07589286, 'cluster_306484187_cluster_1200363791_1200363826_1200363834_1200363898_1200363927_1200363938_1200363947_1200364074_1200364103_1507566554_1507566556_255882157_306484190': -0.017857144, '32564122': -0.013392857, 'gneJ260': -0.02232143, 'gneJ210': -0.03125}, {'cluster_1757124350_1757124352': 1, 'gneJ143': 2, 'gneJ207': 3, 'cluster_306484187_cluster_1200363791_1200363826_1200363834_1200363898_1200363927_1200363938_1200363947_1200364074_1200364103_1507566554_1507566556_255882157_306484190': 1, '32564122': 1, 'gneJ260': 1, 'gneJ210': 1}, {'cluster_1757124350_1757124352': 1, 'gneJ143': 3, 'gneJ207': 3, 'cluster_306484187_cluster_1200363791_1200363826_1200363834_1200363898_1200363927_1200363938_1200363947_1200364074_1200364103_1507566554_1507566556_255882157_306484190': 1, '32564122': 1, 'gneJ260': 1, 'gneJ210': 1}, 
59510.0, {'cluster_1757124350_1757124352': -0.058035713, 'gneJ143': 0.0, 'gneJ207': -0.29017857, 'cluster_306484187_cluster_1200363791_1200363826_1200363834_1200363898_1200363927_1200363938_1200363947_1200364074_1200364103_1507566554_1507566556_255882157_306484190': -0.09821428, '32564122': 0.0, 'gneJ260': -0.21428572, 'gneJ210': 0.0}, {'cluster_1757124350_1757124352': 1, 'gneJ143': 0, 'gneJ207': 5, 'cluster_306484187_cluster_1200363791_1200363826_1200363834_1200363898_1200363927_1200363938_1200363947_1200364074_1200364103_1507566554_1507566556_255882157_306484190': 2, '32564122': 0, 'gneJ260': 2, 'gneJ210': 0}, {'cluster_1757124350_1757124352': 1, 'gneJ143': 0, 'gneJ207': 8, 'cluster_306484187_cluster_1200363791_1200363826_1200363834_1200363898_1200363927_1200363938_1200363947_1200364074_1200364103_1507566554_1507566556_255882157_306484190': 4, '32564122': 0, 'gneJ260': 7, 'gneJ210': 0}, 
59520.0, {'cluster_1757124350_1757124352': 0.0, 'gneJ143': 0.0, 'gneJ207': -0.73660713, 'cluster_306484187_cluster_1200363791_1200363826_1200363834_1200363898_1200363927_1200363938_1200363947_1200364074_1200364103_1507566554_1507566556_255882157_306484190': -0.32142857, '32564122': -0.026785715, 'gneJ260': -0.13839285, 'gneJ210': 0.0}, {'cluster_1757124350_1757124352': 0, 'gneJ143': 0, 'gneJ207': 7, 'cluster_306484187_cluster_1200363791_1200363826_1200363834_1200363898_1200363927_1200363938_1200363947_1200364074_1200364103_1507566554_1507566556_255882157_306484190': 3, '32564122': 1, 'gneJ260': 2, 'gneJ210': 0}, {'cluster_1757124350_1757124352': 0, 'gneJ143': 0, 'gneJ207': 11, 'cluster_306484187_cluster_1200363791_1200363826_1200363834_1200363898_1200363927_1200363938_1200363947_1200364074_1200364103_1507566554_1507566556_255882157_306484190': 7, '32564122': 1, 'gneJ260': 2, 'gneJ210': 0}, 
59530.0, {'cluster_1757124350_1757124352': 0.0, 'gneJ143': -0.03125, 'gneJ207': -0.33482143, 'cluster_306484187_cluster_1200363791_1200363826_1200363834_1200363898_1200363927_1200363938_1200363947_1200364074_1200364103_1507566554_1507566556_255882157_306484190': -0.13392857, '32564122': -0.035714287, 'gneJ260': -0.04464286, 'gneJ210': 0.0}, {'cluster_1757124350_1757124352': 0, 'gneJ143': 1, 'gneJ207': 4, 'cluster_306484187_cluster_1200363791_1200363826_1200363834_1200363898_1200363927_1200363938_1200363947_1200364074_1200364103_1507566554_1507566556_255882157_306484190': 1, '32564122': 2, 'gneJ260': 1, 'gneJ210': 0}, {'cluster_1757124350_1757124352': 0, 'gneJ143': 2, 'gneJ207': 4, 'cluster_306484187_cluster_1200363791_1200363826_1200363834_1200363898_1200363927_1200363938_1200363947_1200364074_1200364103_1507566554_1507566556_255882157_306484190': 4, '32564122': 2, 'gneJ260': 3, 'gneJ210': 0}, 
59540.0, {'cluster_1757124350_1757124352': 0.0, 'gneJ143': 0.0, 'gneJ207': -0.04464286, 'cluster_306484187_cluster_1200363791_1200363826_1200363834_1200363898_1200363927_1200363938_1200363947_1200364074_1200364103_1507566554_1507566556_255882157_306484190': -0.15178572, '32564122': -0.058035713, 'gneJ260': -0.14732143, 'gneJ210': 0.0}, {'cluster_1757124350_1757124352': 0, 'gneJ143': 0, 'gneJ207': 1, 'cluster_306484187_cluster_1200363791_1200363826_1200363834_1200363898_1200363927_1200363938_1200363947_1200364074_1200364103_1507566554_1507566556_255882157_306484190': 2, '32564122': 1, 'gneJ260': 2, 'gneJ210': 0}, {'cluster_1757124350_1757124352': 0, 'gneJ143': 0, 'gneJ207': 1, 'cluster_306484187_cluster_1200363791_1200363826_1200363834_1200363898_1200363927_1200363938_1200363947_1200364074_1200364103_1507566554_1507566556_255882157_306484190': 5, '32564122': 1, 'gneJ260': 3, 'gneJ210': 0}, 
59550.0, {'cluster_1757124350_1757124352': -0.017857144, 'gneJ143': -0.06696428, 'gneJ207': -0.0625, 'cluster_306484187_cluster_1200363791_1200363826_1200363834_1200363898_1200363927_1200363938_1200363947_1200364074_1200364103_1507566554_1507566556_255882157_306484190': -0.28125, '32564122': -0.102678575, 'gneJ260': -0.28125, 'gneJ210': 0.0}, {'cluster_1757124350_1757124352': 1, 'gneJ143': 2, 'gneJ207': 3, 'cluster_306484187_cluster_1200363791_1200363826_1200363834_1200363898_1200363927_1200363938_1200363947_1200364074_1200364103_1507566554_1507566556_255882157_306484190': 2, '32564122': 1, 'gneJ260': 2, 'gneJ210': 0}, {'cluster_1757124350_1757124352': 2, 'gneJ143': 4, 'gneJ207': 4, 'cluster_306484187_cluster_1200363791_1200363826_1200363834_1200363898_1200363927_1200363938_1200363947_1200364074_1200364103_1507566554_1507566556_255882157_306484190': 7, '32564122': 1, 'gneJ260': 3, 'gneJ210': 0}, 
59560.0, {'cluster_1757124350_1757124352': -0.2544643, 'gneJ143': -0.026785715, 'gneJ207': -0.34375, 'cluster_306484187_cluster_1200363791_1200363826_1200363834_1200363898_1200363927_1200363938_1200363947_1200364074_1200364103_1507566554_1507566556_255882157_306484190': -0.3080357, '32564122': -0.25, 'gneJ260': 0.0, 'gneJ210': 0.0}, {'cluster_1757124350_1757124352': 3, 'gneJ143': 1, 'gneJ207': 6, 'cluster_306484187_cluster_1200363791_1200363826_1200363834_1200363898_1200363927_1200363938_1200363947_1200364074_1200364103_1507566554_1507566556_255882157_306484190': 2, '32564122': 2, 'gneJ260': 0, 'gneJ210': 0}, {'cluster_1757124350_1757124352': 6, 'gneJ143': 1, 'gneJ207': 7, 'cluster_306484187_cluster_1200363791_1200363826_1200363834_1200363898_1200363927_1200363938_1200363947_1200364074_1200364103_1507566554_1507566556_255882157_306484190': 5, '32564122': 6, 'gneJ260': 0, 'gneJ210': 0}, 
59570.0, {'cluster_1757124350_1757124352': 0.0, 'gneJ143': -0.13392857, 'gneJ207': -0.5625, 'cluster_306484187_cluster_1200363791_1200363826_1200363834_1200363898_1200363927_1200363938_1200363947_1200364074_1200364103_1507566554_1507566556_255882157_306484190': -0.59375, '32564122': -0.04910714, 'gneJ260': -0.035714287, 'gneJ210': -0.013392857}, {'cluster_1757124350_1757124352': 0, 'gneJ143': 1, 'gneJ207': 6, 'cluster_306484187_cluster_1200363791_1200363826_1200363834_1200363898_1200363927_1200363938_1200363947_1200364074_1200364103_1507566554_1507566556_255882157_306484190': 4, '32564122': 1, 'gneJ260': 1, 'gneJ210': 1}, {'cluster_1757124350_1757124352': 0, 'gneJ143': 3, 'gneJ207': 7, 'cluster_306484187_cluster_1200363791_1200363826_1200363834_1200363898_1200363927_1200363938_1200363947_1200364074_1200364103_1507566554_1507566556_255882157_306484190': 7, '32564122': 1, 'gneJ260': 1, 'gneJ210': 1}, 
59580.0, {'cluster_1757124350_1757124352': -0.12946428, 'gneJ143': 0.0, 'gneJ207': -0.3705357, 'cluster_306484187_cluster_1200363791_1200363826_1200363834_1200363898_1200363927_1200363938_1200363947_1200364074_1200364103_1507566554_1507566556_255882157_306484190': -0.68303573, '32564122': -0.02232143, 'gneJ260': -0.0625, 'gneJ210': -0.05357143}, {'cluster_1757124350_1757124352': 3, 'gneJ143': 0, 'gneJ207': 3, 'cluster_306484187_cluster_1200363791_1200363826_1200363834_1200363898_1200363927_1200363938_1200363947_1200364074_1200364103_1507566554_1507566556_255882157_306484190': 2, '32564122': 1, 'gneJ260': 1, 'gneJ210': 1}, {'cluster_1757124350_1757124352': 6, 'gneJ143': 0, 'gneJ207': 3, 'cluster_306484187_cluster_1200363791_1200363826_1200363834_1200363898_1200363927_1200363938_1200363947_1200364074_1200364103_1507566554_1507566556_255882157_306484190': 5, '32564122': 1, 'gneJ260': 3, 'gneJ210': 2}, 
59590.0, {'cluster_1757124350_1757124352': 0.0, 'gneJ143': -0.008928572, 'gneJ207': 0.0, 'cluster_306484187_cluster_1200363791_1200363826_1200363834_1200363898_1200363927_1200363938_1200363947_1200364074_1200364103_1507566554_1507566556_255882157_306484190': -0.70089287, '32564122': -0.12053572, 'gneJ260': -0.14285715, 'gneJ210': -0.013392857}, {'cluster_1757124350_1757124352': 0, 'gneJ143': 1, 'gneJ207': 0, 'cluster_306484187_cluster_1200363791_1200363826_1200363834_1200363898_1200363927_1200363938_1200363947_1200364074_1200364103_1507566554_1507566556_255882157_306484190': 2, '32564122': 2, 'gneJ260': 1, 'gneJ210': 1}, {'cluster_1757124350_1757124352': 0, 'gneJ143': 2, 'gneJ207': 0, 'cluster_306484187_cluster_1200363791_1200363826_1200363834_1200363898_1200363927_1200363938_1200363947_1200364074_1200364103_1507566554_1507566556_255882157_306484190': 6, '32564122': 3, 'gneJ260': 3, 'gneJ210': 1}, 
59600.0, {'cluster_1757124350_1757124352': 0.0, 'gneJ143': -0.16071428, 'gneJ207': -0.0625, 'cluster_306484187_cluster_1200363791_1200363826_1200363834_1200363898_1200363927_1200363938_1200363947_1200364074_1200364103_1507566554_1507566556_255882157_306484190': -0.2544643, '32564122': -0.29910713, 'gneJ260': 0.0, 'gneJ210': -0.02232143}, {'cluster_1757124350_1757124352': 0, 'gneJ143': 4, 'gneJ207': 4, 'cluster_306484187_cluster_1200363791_1200363826_1200363834_1200363898_1200363927_1200363938_1200363947_1200364074_1200364103_1507566554_1507566556_255882157_306484190': 1, '32564122': 2, 'gneJ260': 0, 'gneJ210': 1}, {'cluster_1757124350_1757124352': 0, 'gneJ143': 6, 'gneJ207': 4, 'cluster_306484187_cluster_1200363791_1200363826_1200363834_1200363898_1200363927_1200363938_1200363947_1200364074_1200364103_1507566554_1507566556_255882157_306484190': 1, '32564122': 4, 'gneJ260': 0, 'gneJ210': 3}, 
59610.0, {'cluster_1757124350_1757124352': 0.0, 'gneJ143': -0.5625, 'gneJ207': -0.3169643, 'cluster_306484187_cluster_1200363791_1200363826_1200363834_1200363898_1200363927_1200363938_1200363947_1200364074_1200364103_1507566554_1507566556_255882157_306484190': -0.33482143, '32564122': -0.48214287, 'gneJ260': -0.004464286, 'gneJ210': -0.04910714}, {'cluster_1757124350_1757124352': 0, 'gneJ143': 5, 'gneJ207': 6, 'cluster_306484187_cluster_1200363791_1200363826_1200363834_1200363898_1200363927_1200363938_1200363947_1200364074_1200364103_1507566554_1507566556_255882157_306484190': 2, '32564122': 2, 'gneJ260': 1, 'gneJ210': 1}, {'cluster_1757124350_1757124352': 0, 'gneJ143': 11, 'gneJ207': 6, 'cluster_306484187_cluster_1200363791_1200363826_1200363834_1200363898_1200363927_1200363938_1200363947_1200364074_1200364103_1507566554_1507566556_255882157_306484190': 4, '32564122': 5, 'gneJ260': 1, 'gneJ210': 1}, 
59620.0, {'cluster_1757124350_1757124352': 0.0, 'gneJ143': -1.0714285, 'gneJ207': -0.5848214, 'cluster_306484187_cluster_1200363791_1200363826_1200363834_1200363898_1200363927_1200363938_1200363947_1200364074_1200364103_1507566554_1507566556_255882157_306484190': -0.56696427, '32564122': -0.16517857, 'gneJ260': -0.04910714, 'gneJ210': 0.0}, {'cluster_1757124350_1757124352': 0, 'gneJ143': 5, 'gneJ207': 6, 'cluster_306484187_cluster_1200363791_1200363826_1200363834_1200363898_1200363927_1200363938_1200363947_1200364074_1200364103_1507566554_1507566556_255882157_306484190': 4, '32564122': 1, 'gneJ260': 1, 'gneJ210': 0}, {'cluster_1757124350_1757124352': 0, 'gneJ143': 12, 'gneJ207': 6, 'cluster_306484187_cluster_1200363791_1200363826_1200363834_1200363898_1200363927_1200363938_1200363947_1200364074_1200364103_1507566554_1507566556_255882157_306484190': 7, '32564122': 1, 'gneJ260': 1, 'gneJ210': 0}, 
59630.0, {'cluster_1757124350_1757124352': 0.0, 'gneJ143': -1.6071428, 'gneJ207': -0.39285713, 'cluster_306484187_cluster_1200363791_1200363826_1200363834_1200363898_1200363927_1200363938_1200363947_1200364074_1200364103_1507566554_1507566556_255882157_306484190': -0.82589287, '32564122': -0.2544643, 'gneJ260': -0.04910714, 'gneJ210': 0.0}, {'cluster_1757124350_1757124352': 0, 'gneJ143': 6, 'gneJ207': 3, 'cluster_306484187_cluster_1200363791_1200363826_1200363834_1200363898_1200363927_1200363938_1200363947_1200364074_1200364103_1507566554_1507566556_255882157_306484190': 3, '32564122': 2, 'gneJ260': 2, 'gneJ210': 0}, {'cluster_1757124350_1757124352': 0, 'gneJ143': 14, 'gneJ207': 3, 'cluster_306484187_cluster_1200363791_1200363826_1200363834_1200363898_1200363927_1200363938_1200363947_1200364074_1200364103_1507566554_1507566556_255882157_306484190': 7, '32564122': 3, 'gneJ260': 3, 'gneJ210': 0}, 
59640.0, {'cluster_1757124350_1757124352': 0.0, 'gneJ143': -0.8214286, 'gneJ207': 0.0, 'cluster_306484187_cluster_1200363791_1200363826_1200363834_1200363898_1200363927_1200363938_1200363947_1200364074_1200364103_1507566554_1507566556_255882157_306484190': -0.5401786, '32564122': -0.38839287, 'gneJ260': 0.0, 'gneJ210': -0.017857144}, {'cluster_1757124350_1757124352': 0, 'gneJ143': 4, 'gneJ207': 0, 'cluster_306484187_cluster_1200363791_1200363826_1200363834_1200363898_1200363927_1200363938_1200363947_1200364074_1200364103_1507566554_1507566556_255882157_306484190': 2, '32564122': 1, 'gneJ260': 0, 'gneJ210': 1}, {'cluster_1757124350_1757124352': 0, 'gneJ143': 9, 'gneJ207': 0, 'cluster_306484187_cluster_1200363791_1200363826_1200363834_1200363898_1200363927_1200363938_1200363947_1200364074_1200364103_1507566554_1507566556_255882157_306484190': 7, '32564122': 3, 'gneJ260': 0, 'gneJ210': 1}, 
59650.0, {'cluster_1757124350_1757124352': 0.0, 'gneJ143': -0.23660715, 'gneJ207': 0.0, 'cluster_306484187_cluster_1200363791_1200363826_1200363834_1200363898_1200363927_1200363938_1200363947_1200364074_1200364103_1507566554_1507566556_255882157_306484190': -1.03125, '32564122': -0.5535714, 'gneJ260': -0.02232143, 'gneJ210': -0.0625}, {'cluster_1757124350_1757124352': 0, 'gneJ143': 4, 'gneJ207': 0, 'cluster_306484187_cluster_1200363791_1200363826_1200363834_1200363898_1200363927_1200363938_1200363947_1200364074_1200364103_1507566554_1507566556_255882157_306484190': 4, '32564122': 2, 'gneJ260': 1, 'gneJ210': 1}, {'cluster_1757124350_1757124352': 0, 'gneJ143': 4, 'gneJ207': 0, 'cluster_306484187_cluster_1200363791_1200363826_1200363834_1200363898_1200363927_1200363938_1200363947_1200364074_1200364103_1507566554_1507566556_255882157_306484190': 12, '32564122': 5, 'gneJ260': 1, 'gneJ210': 2}, 
59660.0, {'cluster_1757124350_1757124352': 0.0, 'gneJ143': -0.3794643, 'gneJ207': -0.026785715, 'cluster_306484187_cluster_1200363791_1200363826_1200363834_1200363898_1200363927_1200363938_1200363947_1200364074_1200364103_1507566554_1507566556_255882157_306484190': -0.3705357, '32564122': -0.85714287, 'gneJ260': 0.0, 'gneJ210': -0.017857144}, {'cluster_1757124350_1757124352': 0, 'gneJ143': 3, 'gneJ207': 2, 'cluster_306484187_cluster_1200363791_1200363826_1200363834_1200363898_1200363927_1200363938_1200363947_1200364074_1200364103_1507566554_1507566556_255882157_306484190': 2, '32564122': 3, 'gneJ260': 0, 'gneJ210': 1}, {'cluster_1757124350_1757124352': 0, 'gneJ143': 10, 'gneJ207': 2, 'cluster_306484187_cluster_1200363791_1200363826_1200363834_1200363898_1200363927_1200363938_1200363947_1200364074_1200364103_1507566554_1507566556_255882157_306484190': 5, '32564122': 8, 'gneJ260': 0, 'gneJ210': 2}, 
59670.0, {'cluster_1757124350_1757124352': 0.0, 'gneJ143': -0.28125, 'gneJ207': -0.116071425, 'cluster_306484187_cluster_1200363791_1200363826_1200363834_1200363898_1200363927_1200363938_1200363947_1200364074_1200364103_1507566554_1507566556_255882157_306484190': -0.06696428, '32564122': 0.0, 'gneJ260': -0.017857144, 'gneJ210': -0.07589286}, {'cluster_1757124350_1757124352': 0, 'gneJ143': 3, 'gneJ207': 2, 'cluster_306484187_cluster_1200363791_1200363826_1200363834_1200363898_1200363927_1200363938_1200363947_1200364074_1200364103_1507566554_1507566556_255882157_306484190': 1, '32564122': 0, 'gneJ260': 1, 'gneJ210': 1}, {'cluster_1757124350_1757124352': 0, 'gneJ143': 3, 'gneJ207': 2, 'cluster_306484187_cluster_1200363791_1200363826_1200363834_1200363898_1200363927_1200363938_1200363947_1200364074_1200364103_1507566554_1507566556_255882157_306484190': 1, '32564122': 0, 'gneJ260': 1, 'gneJ210': 4}, 
59680.0, {'cluster_1757124350_1757124352': 0.0, 'gneJ143': -0.4732143, 'gneJ207': -0.3705357, 'cluster_306484187_cluster_1200363791_1200363826_1200363834_1200363898_1200363927_1200363938_1200363947_1200364074_1200364103_1507566554_1507566556_255882157_306484190': -0.2544643, '32564122': 0.0, 'gneJ260': -0.0625, 'gneJ210': -0.14285715}, {'cluster_1757124350_1757124352': 0, 'gneJ143': 3, 'gneJ207': 5, 'cluster_306484187_cluster_1200363791_1200363826_1200363834_1200363898_1200363927_1200363938_1200363947_1200364074_1200364103_1507566554_1507566556_255882157_306484190': 2, '32564122': 0, 'gneJ260': 1, 'gneJ210': 3}, {'cluster_1757124350_1757124352': 0, 'gneJ143': 6, 'gneJ207': 13, 'cluster_306484187_cluster_1200363791_1200363826_1200363834_1200363898_1200363927_1200363938_1200363947_1200364074_1200364103_1507566554_1507566556_255882157_306484190': 6, '32564122': 0, 'gneJ260': 1, 'gneJ210': 5}, 
59690.0, {'cluster_1757124350_1757124352': 0.0, 'gneJ143': -0.2767857, 'gneJ207': -0.20089285, 'cluster_306484187_cluster_1200363791_1200363826_1200363834_1200363898_1200363927_1200363938_1200363947_1200364074_1200364103_1507566554_1507566556_255882157_306484190': -0.3705357, '32564122': 0.0, 'gneJ260': 0.0, 'gneJ210': -0.40625}, {'cluster_1757124350_1757124352': 0, 'gneJ143': 4, 'gneJ207': 2, 'cluster_306484187_cluster_1200363791_1200363826_1200363834_1200363898_1200363927_1200363938_1200363947_1200364074_1200364103_1507566554_1507566556_255882157_306484190': 2, '32564122': 0, 'gneJ260': 0, 'gneJ210': 3}, {'cluster_1757124350_1757124352': 0, 'gneJ143': 7, 'gneJ207': 4, 'cluster_306484187_cluster_1200363791_1200363826_1200363834_1200363898_1200363927_1200363938_1200363947_1200364074_1200364103_1507566554_1507566556_255882157_306484190': 4, '32564122': 0, 'gneJ260': 0, 'gneJ210': 6}, 
59700.0, {'cluster_1757124350_1757124352': 0.0, 'gneJ143': -0.05357143, 'gneJ207': -0.03125, 'cluster_306484187_cluster_1200363791_1200363826_1200363834_1200363898_1200363927_1200363938_1200363947_1200364074_1200364103_1507566554_1507566556_255882157_306484190': -0.102678575, '32564122': 0.0, 'gneJ260': 0.0, 'gneJ210': -0.67410713}, {'cluster_1757124350_1757124352': 0, 'gneJ143': 1, 'gneJ207': 2, 'cluster_306484187_cluster_1200363791_1200363826_1200363834_1200363898_1200363927_1200363938_1200363947_1200364074_1200364103_1507566554_1507566556_255882157_306484190': 1, '32564122': 0, 'gneJ260': 0, 'gneJ210': 3}, {'cluster_1757124350_1757124352': 0, 'gneJ143': 1, 'gneJ207': 2, 'cluster_306484187_cluster_1200363791_1200363826_1200363834_1200363898_1200363927_1200363938_1200363947_1200364074_1200364103_1507566554_1507566556_255882157_306484190': 1, '32564122': 0, 'gneJ260': 0, 'gneJ210': 6}, 
59710.0, {'cluster_1757124350_1757124352': 0.0, 'gneJ143': 0.0, 'gneJ207': -0.16071428, 'cluster_306484187_cluster_1200363791_1200363826_1200363834_1200363898_1200363927_1200363938_1200363947_1200364074_1200364103_1507566554_1507566556_255882157_306484190': -0.26785713, '32564122': 0.0, 'gneJ260': 0.0, 'gneJ210': -0.41517857}, {'cluster_1757124350_1757124352': 0, 'gneJ143': 0, 'gneJ207': 4, 'cluster_306484187_cluster_1200363791_1200363826_1200363834_1200363898_1200363927_1200363938_1200363947_1200364074_1200364103_1507566554_1507566556_255882157_306484190': 3, '32564122': 0, 'gneJ260': 0, 'gneJ210': 2}, {'cluster_1757124350_1757124352': 0, 'gneJ143': 0, 'gneJ207': 4, 'cluster_306484187_cluster_1200363791_1200363826_1200363834_1200363898_1200363927_1200363938_1200363947_1200364074_1200364103_1507566554_1507566556_255882157_306484190': 6, '32564122': 0, 'gneJ260': 0, 'gneJ210': 3}, 
59720.0, {'cluster_1757124350_1757124352': -0.102678575, 'gneJ143': 0.0, 'gneJ207': -0.3392857, 'cluster_306484187_cluster_1200363791_1200363826_1200363834_1200363898_1200363927_1200363938_1200363947_1200364074_1200364103_1507566554_1507566556_255882157_306484190': -0.11160714, '32564122': 0.0, 'gneJ260': 0.0, 'gneJ210': -0.21428572}, {'cluster_1757124350_1757124352': 5, 'gneJ143': 0, 'gneJ207': 4, 'cluster_306484187_cluster_1200363791_1200363826_1200363834_1200363898_1200363927_1200363938_1200363947_1200364074_1200364103_1507566554_1507566556_255882157_306484190': 1, '32564122': 0, 'gneJ260': 0, 'gneJ210': 1}, {'cluster_1757124350_1757124352': 7, 'gneJ143': 0, 'gneJ207': 4, 'cluster_306484187_cluster_1200363791_1200363826_1200363834_1200363898_1200363927_1200363938_1200363947_1200364074_1200364103_1507566554_1507566556_255882157_306484190': 2, '32564122': 0, 'gneJ260': 0, 'gneJ210': 3}, 
59730.0, {'cluster_1757124350_1757124352': -0.11160714, 'gneJ143': -0.084821425, 'gneJ207': -0.5535714, 'cluster_306484187_cluster_1200363791_1200363826_1200363834_1200363898_1200363927_1200363938_1200363947_1200364074_1200364103_1507566554_1507566556_255882157_306484190': -0.12053572, '32564122': -0.004464286, 'gneJ260': -0.02232143, 'gneJ210': -0.29017857}, {'cluster_1757124350_1757124352': 3, 'gneJ143': 2, 'gneJ207': 5, 'cluster_306484187_cluster_1200363791_1200363826_1200363834_1200363898_1200363927_1200363938_1200363947_1200364074_1200364103_1507566554_1507566556_255882157_306484190': 1, '32564122': 1, 'gneJ260': 1, 'gneJ210': 2}, {'cluster_1757124350_1757124352': 3, 'gneJ143': 3, 'gneJ207': 7, 'cluster_306484187_cluster_1200363791_1200363826_1200363834_1200363898_1200363927_1200363938_1200363947_1200364074_1200364103_1507566554_1507566556_255882157_306484190': 2, '32564122': 1, 'gneJ260': 1, 'gneJ210': 3}, 
59740.0, {'cluster_1757124350_1757124352': 0.0, 'gneJ143': -0.26339287, 'gneJ207': -0.84375, 'cluster_306484187_cluster_1200363791_1200363826_1200363834_1200363898_1200363927_1200363938_1200363947_1200364074_1200364103_1507566554_1507566556_255882157_306484190': 0.0, '32564122': 0.0, 'gneJ260': -0.02232143, 'gneJ210': 0.0}, {'cluster_1757124350_1757124352': 0, 'gneJ143': 3, 'gneJ207': 6, 'cluster_306484187_cluster_1200363791_1200363826_1200363834_1200363898_1200363927_1200363938_1200363947_1200364074_1200364103_1507566554_1507566556_255882157_306484190': 0, '32564122': 0, 'gneJ260': 1, 'gneJ210': 0}, {'cluster_1757124350_1757124352': 0, 'gneJ143': 4, 'gneJ207': 12, 'cluster_306484187_cluster_1200363791_1200363826_1200363834_1200363898_1200363927_1200363938_1200363947_1200364074_1200364103_1507566554_1507566556_255882157_306484190': 0, '32564122': 0, 'gneJ260': 1, 'gneJ210': 0}, 
59750.0, {'cluster_1757124350_1757124352': -0.06696428, 'gneJ143': -0.08928572, 'gneJ207': -0.54910713, 'cluster_306484187_cluster_1200363791_1200363826_1200363834_1200363898_1200363927_1200363938_1200363947_1200364074_1200364103_1507566554_1507566556_255882157_306484190': 0.0, '32564122': 0.0, 'gneJ260': 0.0, 'gneJ210': -0.017857144}, {'cluster_1757124350_1757124352': 2, 'gneJ143': 1, 'gneJ207': 3, 'cluster_306484187_cluster_1200363791_1200363826_1200363834_1200363898_1200363927_1200363938_1200363947_1200364074_1200364103_1507566554_1507566556_255882157_306484190': 0, '32564122': 0, 'gneJ260': 0, 'gneJ210': 1}, {'cluster_1757124350_1757124352': 3, 'gneJ143': 1, 'gneJ207': 6, 'cluster_306484187_cluster_1200363791_1200363826_1200363834_1200363898_1200363927_1200363938_1200363947_1200364074_1200364103_1507566554_1507566556_255882157_306484190': 0, '32564122': 0, 'gneJ260': 0, 'gneJ210': 1}, 
59760.0, {'cluster_1757124350_1757124352': -0.22767857, 'gneJ143': -0.013392857, 'gneJ207': -0.54464287, 'cluster_306484187_cluster_1200363791_1200363826_1200363834_1200363898_1200363927_1200363938_1200363947_1200364074_1200364103_1507566554_1507566556_255882157_306484190': 0.0, '32564122': 0.0, 'gneJ260': -0.03125, 'gneJ210': -0.02232143}, {'cluster_1757124350_1757124352': 3, 'gneJ143': 1, 'gneJ207': 5, 'cluster_306484187_cluster_1200363791_1200363826_1200363834_1200363898_1200363927_1200363938_1200363947_1200364074_1200364103_1507566554_1507566556_255882157_306484190': 0, '32564122': 0, 'gneJ260': 1, 'gneJ210': 1}, {'cluster_1757124350_1757124352': 5, 'gneJ143': 1, 'gneJ207': 6, 'cluster_306484187_cluster_1200363791_1200363826_1200363834_1200363898_1200363927_1200363938_1200363947_1200364074_1200364103_1507566554_1507566556_255882157_306484190': 0, '32564122': 0, 'gneJ260': 1, 'gneJ210': 1}, 
59770.0, {'cluster_1757124350_1757124352': -0.45089287, 'gneJ143': -0.3169643, 'gneJ207': -0.42857143, 'cluster_306484187_cluster_1200363791_1200363826_1200363834_1200363898_1200363927_1200363938_1200363947_1200364074_1200364103_1507566554_1507566556_255882157_306484190': 0.0, '32564122': 0.0, 'gneJ260': -0.18303572, 'gneJ210': -0.06696428}, {'cluster_1757124350_1757124352': 3, 'gneJ143': 5, 'gneJ207': 5, 'cluster_306484187_cluster_1200363791_1200363826_1200363834_1200363898_1200363927_1200363938_1200363947_1200364074_1200364103_1507566554_1507566556_255882157_306484190': 0, '32564122': 0, 'gneJ260': 2, 'gneJ210': 1}, {'cluster_1757124350_1757124352': 5, 'gneJ143': 11, 'gneJ207': 7, 'cluster_306484187_cluster_1200363791_1200363826_1200363834_1200363898_1200363927_1200363938_1200363947_1200364074_1200364103_1507566554_1507566556_255882157_306484190': 0, '32564122': 0, 'gneJ260': 4, 'gneJ210': 1}, 
59780.0, {'cluster_1757124350_1757124352': 0.0, 'gneJ143': -0.16517857, 'gneJ207': -0.625, 'cluster_306484187_cluster_1200363791_1200363826_1200363834_1200363898_1200363927_1200363938_1200363947_1200364074_1200364103_1507566554_1507566556_255882157_306484190': 0.0, '32564122': 0.0, 'gneJ260': -0.36160713, 'gneJ210': 0.0}, {'cluster_1757124350_1757124352': 0, 'gneJ143': 2, 'gneJ207': 6, 'cluster_306484187_cluster_1200363791_1200363826_1200363834_1200363898_1200363927_1200363938_1200363947_1200364074_1200364103_1507566554_1507566556_255882157_306484190': 0, '32564122': 0, 'gneJ260': 2, 'gneJ210': 0}, {'cluster_1757124350_1757124352': 0, 'gneJ143': 3, 'gneJ207': 7, 'cluster_306484187_cluster_1200363791_1200363826_1200363834_1200363898_1200363927_1200363938_1200363947_1200364074_1200364103_1507566554_1507566556_255882157_306484190': 0, '32564122': 0, 'gneJ260': 4, 'gneJ210': 0}, 
59790.0, {'cluster_1757124350_1757124352': -0.008928572, 'gneJ143': 0.0, 'gneJ207': -0.4419643, 'cluster_306484187_cluster_1200363791_1200363826_1200363834_1200363898_1200363927_1200363938_1200363947_1200364074_1200364103_1507566554_1507566556_255882157_306484190': -0.008928572, '32564122': 0.0, 'gneJ260': -0.5401786, 'gneJ210': 0.0}, {'cluster_1757124350_1757124352': 1, 'gneJ143': 0, 'gneJ207': 5, 'cluster_306484187_cluster_1200363791_1200363826_1200363834_1200363898_1200363927_1200363938_1200363947_1200364074_1200364103_1507566554_1507566556_255882157_306484190': 1, '32564122': 0, 'gneJ260': 2, 'gneJ210': 0}, {'cluster_1757124350_1757124352': 2, 'gneJ143': 0, 'gneJ207': 5, 'cluster_306484187_cluster_1200363791_1200363826_1200363834_1200363898_1200363927_1200363938_1200363947_1200364074_1200364103_1507566554_1507566556_255882157_306484190': 1, '32564122': 0, 'gneJ260': 4, 'gneJ210': 0}, 
59800.0, {'cluster_1757124350_1757124352': -0.35267857, 'gneJ143': -0.035714287, 'gneJ207': -0.084821425, 'cluster_306484187_cluster_1200363791_1200363826_1200363834_1200363898_1200363927_1200363938_1200363947_1200364074_1200364103_1507566554_1507566556_255882157_306484190': 0.0, '32564122': 0.0, 'gneJ260': -0.017857144, 'gneJ210': 0.0}, {'cluster_1757124350_1757124352': 7, 'gneJ143': 1, 'gneJ207': 1, 'cluster_306484187_cluster_1200363791_1200363826_1200363834_1200363898_1200363927_1200363938_1200363947_1200364074_1200364103_1507566554_1507566556_255882157_306484190': 0, '32564122': 0, 'gneJ260': 1, 'gneJ210': 0}, {'cluster_1757124350_1757124352': 13, 'gneJ143': 2, 'gneJ207': 2, 'cluster_306484187_cluster_1200363791_1200363826_1200363834_1200363898_1200363927_1200363938_1200363947_1200364074_1200364103_1507566554_1507566556_255882157_306484190': 0, '32564122': 0, 'gneJ260': 1, 'gneJ210': 0}, 
59810.0, {'cluster_1757124350_1757124352': -0.49107143, 'gneJ143': -0.14285715, 'gneJ207': -0.20535715, 'cluster_306484187_cluster_1200363791_1200363826_1200363834_1200363898_1200363927_1200363938_1200363947_1200364074_1200364103_1507566554_1507566556_255882157_306484190': 0.0, '32564122': 0.0, 'gneJ260': -0.035714287, 'gneJ210': 0.0}, {'cluster_1757124350_1757124352': 5, 'gneJ143': 3, 'gneJ207': 4, 'cluster_306484187_cluster_1200363791_1200363826_1200363834_1200363898_1200363927_1200363938_1200363947_1200364074_1200364103_1507566554_1507566556_255882157_306484190': 0, '32564122': 0, 'gneJ260': 1, 'gneJ210': 0}, {'cluster_1757124350_1757124352': 9, 'gneJ143': 7, 'gneJ207': 6, 'cluster_306484187_cluster_1200363791_1200363826_1200363834_1200363898_1200363927_1200363938_1200363947_1200364074_1200364103_1507566554_1507566556_255882157_306484190': 0, '32564122': 0, 'gneJ260': 1, 'gneJ210': 0}, 
59820.0, {'cluster_1757124350_1757124352': -0.89285713, 'gneJ143': -0.102678575, 'gneJ207': -0.54464287, 'cluster_306484187_cluster_1200363791_1200363826_1200363834_1200363898_1200363927_1200363938_1200363947_1200364074_1200364103_1507566554_1507566556_255882157_306484190': 0.0, '32564122': 0.0, 'gneJ260': -0.026785715, 'gneJ210': 0.0}, {'cluster_1757124350_1757124352': 5, 'gneJ143': 2, 'gneJ207': 6, 'cluster_306484187_cluster_1200363791_1200363826_1200363834_1200363898_1200363927_1200363938_1200363947_1200364074_1200364103_1507566554_1507566556_255882157_306484190': 0, '32564122': 0, 'gneJ260': 2, 'gneJ210': 0}, {'cluster_1757124350_1757124352': 9, 'gneJ143': 2, 'gneJ207': 8, 'cluster_306484187_cluster_1200363791_1200363826_1200363834_1200363898_1200363927_1200363938_1200363947_1200364074_1200364103_1507566554_1507566556_255882157_306484190': 0, '32564122': 0, 'gneJ260': 2, 'gneJ210': 0}, 
59830.0, {'cluster_1757124350_1757124352': -0.39732143, 'gneJ143': -0.19196428, 'gneJ207': -0.36607143, 'cluster_306484187_cluster_1200363791_1200363826_1200363834_1200363898_1200363927_1200363938_1200363947_1200364074_1200364103_1507566554_1507566556_255882157_306484190': 0.0, '32564122': -0.008928572, 'gneJ260': -0.09821428, 'gneJ210': 0.0}, {'cluster_1757124350_1757124352': 2, 'gneJ143': 2, 'gneJ207': 5, 'cluster_306484187_cluster_1200363791_1200363826_1200363834_1200363898_1200363927_1200363938_1200363947_1200364074_1200364103_1507566554_1507566556_255882157_306484190': 0, '32564122': 1, 'gneJ260': 2, 'gneJ210': 0}, {'cluster_1757124350_1757124352': 3, 'gneJ143': 2, 'gneJ207': 5, 'cluster_306484187_cluster_1200363791_1200363826_1200363834_1200363898_1200363927_1200363938_1200363947_1200364074_1200364103_1507566554_1507566556_255882157_306484190': 0, '32564122': 1, 'gneJ260': 2, 'gneJ210': 0}, 
59840.0, {'cluster_1757124350_1757124352': 0.0, 'gneJ143': -0.28125, 'gneJ207': -0.05357143, 'cluster_306484187_cluster_1200363791_1200363826_1200363834_1200363898_1200363927_1200363938_1200363947_1200364074_1200364103_1507566554_1507566556_255882157_306484190': 0.0, '32564122': 0.0, 'gneJ260': 0.0, 'gneJ210': 0.0}, {'cluster_1757124350_1757124352': 0, 'gneJ143': 2, 'gneJ207': 1, 'cluster_306484187_cluster_1200363791_1200363826_1200363834_1200363898_1200363927_1200363938_1200363947_1200364074_1200364103_1507566554_1507566556_255882157_306484190': 0, '32564122': 0, 'gneJ260': 0, 'gneJ210': 0}, {'cluster_1757124350_1757124352': 0, 'gneJ143': 2, 'gneJ207': 1, 'cluster_306484187_cluster_1200363791_1200363826_1200363834_1200363898_1200363927_1200363938_1200363947_1200364074_1200364103_1507566554_1507566556_255882157_306484190': 0, '32564122': 0, 'gneJ260': 0, 'gneJ210': 0}, 
59850.0, {'cluster_1757124350_1757124352': 0.0, 'gneJ143': 0.0, 'gneJ207': 0.0, 'cluster_306484187_cluster_1200363791_1200363826_1200363834_1200363898_1200363927_1200363938_1200363947_1200364074_1200364103_1507566554_1507566556_255882157_306484190': -0.04017857, '32564122': 0.0, 'gneJ260': 0.0, 'gneJ210': 0.0}, {'cluster_1757124350_1757124352': 0, 'gneJ143': 0, 'gneJ207': 0, 'cluster_306484187_cluster_1200363791_1200363826_1200363834_1200363898_1200363927_1200363938_1200363947_1200364074_1200364103_1507566554_1507566556_255882157_306484190': 1, '32564122': 0, 'gneJ260': 0, 'gneJ210': 0}, {'cluster_1757124350_1757124352': 0, 'gneJ143': 0, 'gneJ207': 0, 'cluster_306484187_cluster_1200363791_1200363826_1200363834_1200363898_1200363927_1200363938_1200363947_1200364074_1200364103_1507566554_1507566556_255882157_306484190': 1, '32564122': 0, 'gneJ260': 0, 'gneJ210': 0}, 
59860.0, {'cluster_1757124350_1757124352': -0.04017857, 'gneJ143': -0.02232143, 'gneJ207': 0.0, 'cluster_306484187_cluster_1200363791_1200363826_1200363834_1200363898_1200363927_1200363938_1200363947_1200364074_1200364103_1507566554_1507566556_255882157_306484190': -0.084821425, '32564122': 0.0, 'gneJ260': -0.008928572, 'gneJ210': 0.0}, {'cluster_1757124350_1757124352': 1, 'gneJ143': 1, 'gneJ207': 0, 'cluster_306484187_cluster_1200363791_1200363826_1200363834_1200363898_1200363927_1200363938_1200363947_1200364074_1200364103_1507566554_1507566556_255882157_306484190': 1, '32564122': 0, 'gneJ260': 1, 'gneJ210': 0}, {'cluster_1757124350_1757124352': 1, 'gneJ143': 1, 'gneJ207': 0, 'cluster_306484187_cluster_1200363791_1200363826_1200363834_1200363898_1200363927_1200363938_1200363947_1200364074_1200364103_1507566554_1507566556_255882157_306484190': 1, '32564122': 0, 'gneJ260': 1, 'gneJ210': 0}, 
59870.0, {'cluster_1757124350_1757124352': -0.084821425, 'gneJ143': -0.13392857, 'gneJ207': 0.0, 'cluster_306484187_cluster_1200363791_1200363826_1200363834_1200363898_1200363927_1200363938_1200363947_1200364074_1200364103_1507566554_1507566556_255882157_306484190': -0.12946428, '32564122': -0.008928572, 'gneJ260': -0.08928572, 'gneJ210': 0.0}, {'cluster_1757124350_1757124352': 1, 'gneJ143': 2, 'gneJ207': 0, 'cluster_306484187_cluster_1200363791_1200363826_1200363834_1200363898_1200363927_1200363938_1200363947_1200364074_1200364103_1507566554_1507566556_255882157_306484190': 1, '32564122': 1, 'gneJ260': 2, 'gneJ210': 0}, {'cluster_1757124350_1757124352': 1, 'gneJ143': 5, 'gneJ207': 0, 'cluster_306484187_cluster_1200363791_1200363826_1200363834_1200363898_1200363927_1200363938_1200363947_1200364074_1200364103_1507566554_1507566556_255882157_306484190': 1, '32564122': 1, 'gneJ260': 2, 'gneJ210': 0}, 
59880.0, {'cluster_1757124350_1757124352': 0.0, 'gneJ143': -0.45089287, 'gneJ207': -0.08928572, 'cluster_306484187_cluster_1200363791_1200363826_1200363834_1200363898_1200363927_1200363938_1200363947_1200364074_1200364103_1507566554_1507566556_255882157_306484190': 0.0, '32564122': -0.02232143, 'gneJ260': -0.18303572, 'gneJ210': 0.0}, {'cluster_1757124350_1757124352': 0, 'gneJ143': 2, 'gneJ207': 3, 'cluster_306484187_cluster_1200363791_1200363826_1200363834_1200363898_1200363927_1200363938_1200363947_1200364074_1200364103_1507566554_1507566556_255882157_306484190': 0, '32564122': 1, 'gneJ260': 3, 'gneJ210': 0}, {'cluster_1757124350_1757124352': 0, 'gneJ143': 9, 'gneJ207': 3, 'cluster_306484187_cluster_1200363791_1200363826_1200363834_1200363898_1200363927_1200363938_1200363947_1200364074_1200364103_1507566554_1507566556_255882157_306484190': 0, '32564122': 2, 'gneJ260': 3, 'gneJ210': 0}, 
59890.0, {'cluster_1757124350_1757124352': 0.0, 'gneJ143': -0.9285714, 'gneJ207': -0.084821425, 'cluster_306484187_cluster_1200363791_1200363826_1200363834_1200363898_1200363927_1200363938_1200363947_1200364074_1200364103_1507566554_1507566556_255882157_306484190': 0.0, '32564122': -0.17857143, 'gneJ260': -0.17857143, 'gneJ210': -0.008928572}, {'cluster_1757124350_1757124352': 0, 'gneJ143': 4, 'gneJ207': 1, 'cluster_306484187_cluster_1200363791_1200363826_1200363834_1200363898_1200363927_1200363938_1200363947_1200364074_1200364103_1507566554_1507566556_255882157_306484190': 0, '32564122': 3, 'gneJ260': 3, 'gneJ210': 1}, {'cluster_1757124350_1757124352': 0, 'gneJ143': 14, 'gneJ207': 2, 'cluster_306484187_cluster_1200363791_1200363826_1200363834_1200363898_1200363927_1200363938_1200363947_1200364074_1200364103_1507566554_1507566556_255882157_306484190': 0, '32564122': 4, 'gneJ260': 3, 'gneJ210': 2}, 
59900.0, {'cluster_1757124350_1757124352': 0.0, 'gneJ143': -1.6785715, 'gneJ207': -0.02232143, 'cluster_306484187_cluster_1200363791_1200363826_1200363834_1200363898_1200363927_1200363938_1200363947_1200364074_1200364103_1507566554_1507566556_255882157_306484190': -0.026785715, '32564122': -0.35714287, 'gneJ260': 0.0, 'gneJ210': -0.09821428}, {'cluster_1757124350_1757124352': 0, 'gneJ143': 4, 'gneJ207': 1, 'cluster_306484187_cluster_1200363791_1200363826_1200363834_1200363898_1200363927_1200363938_1200363947_1200364074_1200364103_1507566554_1507566556_255882157_306484190': 1, '32564122': 3, 'gneJ260': 0, 'gneJ210': 2}, {'cluster_1757124350_1757124352': 0, 'gneJ143': 18, 'gneJ207': 1, 'cluster_306484187_cluster_1200363791_1200363826_1200363834_1200363898_1200363927_1200363938_1200363947_1200364074_1200364103_1507566554_1507566556_255882157_306484190': 1, '32564122': 4, 'gneJ260': 0, 'gneJ210': 4}, 
59910.0, {'cluster_1757124350_1757124352': -0.008928572, 'gneJ143': -2.4955356, 'gneJ207': 0.0, 'cluster_306484187_cluster_1200363791_1200363826_1200363834_1200363898_1200363927_1200363938_1200363947_1200364074_1200364103_1507566554_1507566556_255882157_306484190': 0.0, '32564122': -0.39732143, 'gneJ260': 0.0, 'gneJ210': 0.0}, {'cluster_1757124350_1757124352': 1, 'gneJ143': 4, 'gneJ207': 0, 'cluster_306484187_cluster_1200363791_1200363826_1200363834_1200363898_1200363927_1200363938_1200363947_1200364074_1200364103_1507566554_1507566556_255882157_306484190': 0, '32564122': 3, 'gneJ260': 0, 'gneJ210': 0}, {'cluster_1757124350_1757124352': 1, 'gneJ143': 19, 'gneJ207': 0, 'cluster_306484187_cluster_1200363791_1200363826_1200363834_1200363898_1200363927_1200363938_1200363947_1200364074_1200364103_1507566554_1507566556_255882157_306484190': 0, '32564122': 4, 'gneJ260': 0, 'gneJ210': 0}, 
59920.0, {'cluster_1757124350_1757124352': -0.026785715, 'gneJ143': -0.39285713, 'gneJ207': -0.02232143, 'cluster_306484187_cluster_1200363791_1200363826_1200363834_1200363898_1200363927_1200363938_1200363947_1200364074_1200364103_1507566554_1507566556_255882157_306484190': 0.0, '32564122': -0.16517857, 'gneJ260': -0.02232143, 'gneJ210': -0.04464286}, {'cluster_1757124350_1757124352': 3, 'gneJ143': 1, 'gneJ207': 1, 'cluster_306484187_cluster_1200363791_1200363826_1200363834_1200363898_1200363927_1200363938_1200363947_1200364074_1200364103_1507566554_1507566556_255882157_306484190': 0, '32564122': 1, 'gneJ260': 1, 'gneJ210': 1}, {'cluster_1757124350_1757124352': 3, 'gneJ143': 3, 'gneJ207': 1, 'cluster_306484187_cluster_1200363791_1200363826_1200363834_1200363898_1200363927_1200363938_1200363947_1200364074_1200364103_1507566554_1507566556_255882157_306484190': 0, '32564122': 1, 'gneJ260': 1, 'gneJ210': 2}, 
59930.0, {'cluster_1757124350_1757124352': -0.008928572, 'gneJ143': 0.0, 'gneJ207': -0.017857144, 'cluster_306484187_cluster_1200363791_1200363826_1200363834_1200363898_1200363927_1200363938_1200363947_1200364074_1200364103_1507566554_1507566556_255882157_306484190': 0.0, '32564122': -0.20982143, 'gneJ260': -0.008928572, 'gneJ210': -0.004464286}, {'cluster_1757124350_1757124352': 1, 'gneJ143': 0, 'gneJ207': 1, 'cluster_306484187_cluster_1200363791_1200363826_1200363834_1200363898_1200363927_1200363938_1200363947_1200364074_1200364103_1507566554_1507566556_255882157_306484190': 0, '32564122': 1, 'gneJ260': 1, 'gneJ210': 1}, {'cluster_1757124350_1757124352': 1, 'gneJ143': 0, 'gneJ207': 1, 'cluster_306484187_cluster_1200363791_1200363826_1200363834_1200363898_1200363927_1200363938_1200363947_1200364074_1200364103_1507566554_1507566556_255882157_306484190': 0, '32564122': 1, 'gneJ260': 1, 'gneJ210': 1}, 
59940.0, {'cluster_1757124350_1757124352': -0.29017857, 'gneJ143': -0.11160714, 'gneJ207': -0.24553572, 'cluster_306484187_cluster_1200363791_1200363826_1200363834_1200363898_1200363927_1200363938_1200363947_1200364074_1200364103_1507566554_1507566556_255882157_306484190': -0.035714287, '32564122': 0.0, 'gneJ260': -0.03125, 'gneJ210': -0.004464286}, {'cluster_1757124350_1757124352': 5, 'gneJ143': 3, 'gneJ207': 5, 'cluster_306484187_cluster_1200363791_1200363826_1200363834_1200363898_1200363927_1200363938_1200363947_1200364074_1200364103_1507566554_1507566556_255882157_306484190': 1, '32564122': 0, 'gneJ260': 1, 'gneJ210': 1}, {'cluster_1757124350_1757124352': 9, 'gneJ143': 6, 'gneJ207': 12, 'cluster_306484187_cluster_1200363791_1200363826_1200363834_1200363898_1200363927_1200363938_1200363947_1200364074_1200364103_1507566554_1507566556_255882157_306484190': 1, '32564122': 0, 'gneJ260': 2, 'gneJ210': 1}, 
59950.0, {'cluster_1757124350_1757124352': -0.69196427, 'gneJ143': 0.0, 'gneJ207': -0.17857143, 'cluster_306484187_cluster_1200363791_1200363826_1200363834_1200363898_1200363927_1200363938_1200363947_1200364074_1200364103_1507566554_1507566556_255882157_306484190': 0.0, '32564122': -0.017857144, 'gneJ260': -0.16517857, 'gneJ210': -0.04910714}, {'cluster_1757124350_1757124352': 5, 'gneJ143': 0, 'gneJ207': 2, 'cluster_306484187_cluster_1200363791_1200363826_1200363834_1200363898_1200363927_1200363938_1200363947_1200364074_1200364103_1507566554_1507566556_255882157_306484190': 0, '32564122': 1, 'gneJ260': 1, 'gneJ210': 1}, {'cluster_1757124350_1757124352': 9, 'gneJ143': 0, 'gneJ207': 4, 'cluster_306484187_cluster_1200363791_1200363826_1200363834_1200363898_1200363927_1200363938_1200363947_1200364074_1200364103_1507566554_1507566556_255882157_306484190': 0, '32564122': 1, 'gneJ260': 3, 'gneJ210': 1}, 
59960.0, {'cluster_1757124350_1757124352': -0.3125, 'gneJ143': -0.13839285, 'gneJ207': -0.0625, 'cluster_306484187_cluster_1200363791_1200363826_1200363834_1200363898_1200363927_1200363938_1200363947_1200364074_1200364103_1507566554_1507566556_255882157_306484190': 0.0, '32564122': 0.0, 'gneJ260': 0.0, 'gneJ210': -0.13392857}, {'cluster_1757124350_1757124352': 2, 'gneJ143': 3, 'gneJ207': 1, 'cluster_306484187_cluster_1200363791_1200363826_1200363834_1200363898_1200363927_1200363938_1200363947_1200364074_1200364103_1507566554_1507566556_255882157_306484190': 0, '32564122': 0, 'gneJ260': 0, 'gneJ210': 1}, {'cluster_1757124350_1757124352': 3, 'gneJ143': 8, 'gneJ207': 1, 'cluster_306484187_cluster_1200363791_1200363826_1200363834_1200363898_1200363927_1200363938_1200363947_1200364074_1200364103_1507566554_1507566556_255882157_306484190': 0, '32564122': 0, 'gneJ260': 0, 'gneJ210': 3}, 
59970.0, {'cluster_1757124350_1757124352': -0.02232143, 'gneJ143': 0.0, 'gneJ207': -0.21428572, 'cluster_306484187_cluster_1200363791_1200363826_1200363834_1200363898_1200363927_1200363938_1200363947_1200364074_1200364103_1507566554_1507566556_255882157_306484190': 0.0, '32564122': -0.004464286, 'gneJ260': 0.0, 'gneJ210': -0.12946428}, {'cluster_1757124350_1757124352': 1, 'gneJ143': 0, 'gneJ207': 4, 'cluster_306484187_cluster_1200363791_1200363826_1200363834_1200363898_1200363927_1200363938_1200363947_1200364074_1200364103_1507566554_1507566556_255882157_306484190': 0, '32564122': 1, 'gneJ260': 0, 'gneJ210': 1}, {'cluster_1757124350_1757124352': 1, 'gneJ143': 0, 'gneJ207': 6, 'cluster_306484187_cluster_1200363791_1200363826_1200363834_1200363898_1200363927_1200363938_1200363947_1200364074_1200364103_1507566554_1507566556_255882157_306484190': 0, '32564122': 1, 'gneJ260': 0, 'gneJ210': 2}, 
59980.0, {'cluster_1757124350_1757124352': -0.06696428, 'gneJ143': 0.0, 'gneJ207': -0.6160714, 'cluster_306484187_cluster_1200363791_1200363826_1200363834_1200363898_1200363927_1200363938_1200363947_1200364074_1200364103_1507566554_1507566556_255882157_306484190': 0.0, '32564122': -0.008928572, 'gneJ260': 0.0, 'gneJ210': 0.0}, {'cluster_1757124350_1757124352': 1, 'gneJ143': 0, 'gneJ207': 7, 'cluster_306484187_cluster_1200363791_1200363826_1200363834_1200363898_1200363927_1200363938_1200363947_1200364074_1200364103_1507566554_1507566556_255882157_306484190': 0, '32564122': 1, 'gneJ260': 0, 'gneJ210': 0}, {'cluster_1757124350_1757124352': 1, 'gneJ143': 0, 'gneJ207': 11, 'cluster_306484187_cluster_1200363791_1200363826_1200363834_1200363898_1200363927_1200363938_1200363947_1200364074_1200364103_1507566554_1507566556_255882157_306484190': 0, '32564122': 1, 'gneJ260': 0, 'gneJ210': 0}, 
59990.0, {'cluster_1757124350_1757124352': 0.0, 'gneJ143': 0.0, 'gneJ207': -0.54910713, 'cluster_306484187_cluster_1200363791_1200363826_1200363834_1200363898_1200363927_1200363938_1200363947_1200364074_1200364103_1507566554_1507566556_255882157_306484190': 0.0, '32564122': -0.05357143, 'gneJ260': -0.04017857, 'gneJ210': -0.008928572}, {'cluster_1757124350_1757124352': 0, 'gneJ143': 0, 'gneJ207': 11, 'cluster_306484187_cluster_1200363791_1200363826_1200363834_1200363898_1200363927_1200363938_1200363947_1200364074_1200364103_1507566554_1507566556_255882157_306484190': 0, '32564122': 1, 'gneJ260': 2, 'gneJ210': 1}, {'cluster_1757124350_1757124352': 0, 'gneJ143': 0, 'gneJ207': 11, 'cluster_306484187_cluster_1200363791_1200363826_1200363834_1200363898_1200363927_1200363938_1200363947_1200364074_1200364103_1507566554_1507566556_255882157_306484190': 0, '32564122': 1, 'gneJ260': 2, 'gneJ210': 1}, 
60000.0, {'cluster_1757124350_1757124352': -0.026785715, 'gneJ143': -0.013392857, 'gneJ207': -0.75, 'cluster_306484187_cluster_1200363791_1200363826_1200363834_1200363898_1200363927_1200363938_1200363947_1200364074_1200364103_1507566554_1507566556_255882157_306484190': 0.0, '32564122': -0.24107143, 'gneJ260': -0.15178572, 'gneJ210': 0.0}, {'cluster_1757124350_1757124352': 1, 'gneJ143': 1, 'gneJ207': 9, 'cluster_306484187_cluster_1200363791_1200363826_1200363834_1200363898_1200363927_1200363938_1200363947_1200364074_1200364103_1507566554_1507566556_255882157_306484190': 0, '32564122': 6, 'gneJ260': 3, 'gneJ210': 0}, {'cluster_1757124350_1757124352': 1, 'gneJ143': 1, 'gneJ207': 10, 'cluster_306484187_cluster_1200363791_1200363826_1200363834_1200363898_1200363927_1200363938_1200363947_1200364074_1200364103_1507566554_1507566556_255882157_306484190': 0, '32564122': 6, 'gneJ260': 4, 'gneJ210': 0}, 
60010.0, {'cluster_1757124350_1757124352': 0.0, 'gneJ143': -0.125, 'gneJ207': -0.65625, 'cluster_306484187_cluster_1200363791_1200363826_1200363834_1200363898_1200363927_1200363938_1200363947_1200364074_1200364103_1507566554_1507566556_255882157_306484190': 0.0, '32564122': -0.58035713, 'gneJ260': -0.116071425, 'gneJ210': -0.04464286}, {'cluster_1757124350_1757124352': 0, 'gneJ143': 4, 'gneJ207': 6, 'cluster_306484187_cluster_1200363791_1200363826_1200363834_1200363898_1200363927_1200363938_1200363947_1200364074_1200364103_1507566554_1507566556_255882157_306484190': 0, '32564122': 8, 'gneJ260': 1, 'gneJ210': 1}, {'cluster_1757124350_1757124352': 0, 'gneJ143': 4, 'gneJ207': 6, 'cluster_306484187_cluster_1200363791_1200363826_1200363834_1200363898_1200363927_1200363938_1200363947_1200364074_1200364103_1507566554_1507566556_255882157_306484190': 0, '32564122': 8, 'gneJ260': 3, 'gneJ210': 2}, 
60020.0, {'cluster_1757124350_1757124352': 0.0, 'gneJ143': -0.21875, 'gneJ207': -0.28125, 'cluster_306484187_cluster_1200363791_1200363826_1200363834_1200363898_1200363927_1200363938_1200363947_1200364074_1200364103_1507566554_1507566556_255882157_306484190': 0.0, '32564122': -0.75, 'gneJ260': -0.20535715, 'gneJ210': 0.0}, {'cluster_1757124350_1757124352': 0, 'gneJ143': 3, 'gneJ207': 2, 'cluster_306484187_cluster_1200363791_1200363826_1200363834_1200363898_1200363927_1200363938_1200363947_1200364074_1200364103_1507566554_1507566556_255882157_306484190': 0, '32564122': 7, 'gneJ260': 1, 'gneJ210': 0}, {'cluster_1757124350_1757124352': 0, 'gneJ143': 5, 'gneJ207': 2, 'cluster_306484187_cluster_1200363791_1200363826_1200363834_1200363898_1200363927_1200363938_1200363947_1200364074_1200364103_1507566554_1507566556_255882157_306484190': 0, '32564122': 7, 'gneJ260': 3, 'gneJ210': 0}, 
60030.0, {'cluster_1757124350_1757124352': 0.0, 'gneJ143': -0.48660713, 'gneJ207': -0.04464286, 'cluster_306484187_cluster_1200363791_1200363826_1200363834_1200363898_1200363927_1200363938_1200363947_1200364074_1200364103_1507566554_1507566556_255882157_306484190': -0.008928572, '32564122': -1.0625, 'gneJ260': -0.06696428, 'gneJ210': -0.017857144}, {'cluster_1757124350_1757124352': 0, 'gneJ143': 3, 'gneJ207': 1, 'cluster_306484187_cluster_1200363791_1200363826_1200363834_1200363898_1200363927_1200363938_1200363947_1200364074_1200364103_1507566554_1507566556_255882157_306484190': 1, '32564122': 7, 'gneJ260': 1, 'gneJ210': 1}, {'cluster_1757124350_1757124352': 0, 'gneJ143': 11, 'gneJ207': 1, 'cluster_306484187_cluster_1200363791_1200363826_1200363834_1200363898_1200363927_1200363938_1200363947_1200364074_1200364103_1507566554_1507566556_255882157_306484190': 1, '32564122': 7, 'gneJ260': 1, 'gneJ210': 1}, 
60040.0, {'cluster_1757124350_1757124352': 0.0, 'gneJ143': -0.2767857, 'gneJ207': -0.08928572, 'cluster_306484187_cluster_1200363791_1200363826_1200363834_1200363898_1200363927_1200363938_1200363947_1200364074_1200364103_1507566554_1507566556_255882157_306484190': -0.06696428, '32564122': -0.76785713, 'gneJ260': 0.0, 'gneJ210': -0.026785715}, {'cluster_1757124350_1757124352': 0, 'gneJ143': 3, 'gneJ207': 1, 'cluster_306484187_cluster_1200363791_1200363826_1200363834_1200363898_1200363927_1200363938_1200363947_1200364074_1200364103_1507566554_1507566556_255882157_306484190': 1, '32564122': 5, 'gneJ260': 0, 'gneJ210': 1}, {'cluster_1757124350_1757124352': 0, 'gneJ143': 4, 'gneJ207': 1, 'cluster_306484187_cluster_1200363791_1200363826_1200363834_1200363898_1200363927_1200363938_1200363947_1200364074_1200364103_1507566554_1507566556_255882157_306484190': 2, '32564122': 5, 'gneJ260': 0, 'gneJ210': 1}, 
60050.0, {'cluster_1757124350_1757124352': -0.02232143, 'gneJ143': -0.20535715, 'gneJ207': -0.13392857, 'cluster_306484187_cluster_1200363791_1200363826_1200363834_1200363898_1200363927_1200363938_1200363947_1200364074_1200364103_1507566554_1507566556_255882157_306484190': -0.15625, '32564122': -0.5089286, 'gneJ260': -0.04017857, 'gneJ210': 0.0}, {'cluster_1757124350_1757124352': 1, 'gneJ143': 2, 'gneJ207': 1, 'cluster_306484187_cluster_1200363791_1200363826_1200363834_1200363898_1200363927_1200363938_1200363947_1200364074_1200364103_1507566554_1507566556_255882157_306484190': 1, '32564122': 3, 'gneJ260': 1, 'gneJ210': 0}, {'cluster_1757124350_1757124352': 1, 'gneJ143': 5, 'gneJ207': 1, 'cluster_306484187_cluster_1200363791_1200363826_1200363834_1200363898_1200363927_1200363938_1200363947_1200364074_1200364103_1507566554_1507566556_255882157_306484190': 2, '32564122': 3, 'gneJ260': 1, 'gneJ210': 0}, 
60060.0, {'cluster_1757124350_1757124352': -0.10714286, 'gneJ143': -0.45089287, 'gneJ207': -0.17857143, 'cluster_306484187_cluster_1200363791_1200363826_1200363834_1200363898_1200363927_1200363938_1200363947_1200364074_1200364103_1507566554_1507566556_255882157_306484190': -0.26339287, '32564122': 0.0, 'gneJ260': -0.035714287, 'gneJ210': 0.0}, {'cluster_1757124350_1757124352': 2, 'gneJ143': 4, 'gneJ207': 1, 'cluster_306484187_cluster_1200363791_1200363826_1200363834_1200363898_1200363927_1200363938_1200363947_1200364074_1200364103_1507566554_1507566556_255882157_306484190': 1, '32564122': 0, 'gneJ260': 1, 'gneJ210': 0}, {'cluster_1757124350_1757124352': 2, 'gneJ143': 9, 'gneJ207': 1, 'cluster_306484187_cluster_1200363791_1200363826_1200363834_1200363898_1200363927_1200363938_1200363947_1200364074_1200364103_1507566554_1507566556_255882157_306484190': 3, '32564122': 0, 'gneJ260': 1, 'gneJ210': 0}, 
60070.0, {'cluster_1757124350_1757124352': -0.125, 'gneJ143': -0.116071425, 'gneJ207': -0.102678575, 'cluster_306484187_cluster_1200363791_1200363826_1200363834_1200363898_1200363927_1200363938_1200363947_1200364074_1200364103_1507566554_1507566556_255882157_306484190': -0.008928572, '32564122': 0.0, 'gneJ260': -0.08035714, 'gneJ210': 0.0}, {'cluster_1757124350_1757124352': 3, 'gneJ143': 1, 'gneJ207': 2, 'cluster_306484187_cluster_1200363791_1200363826_1200363834_1200363898_1200363927_1200363938_1200363947_1200364074_1200364103_1507566554_1507566556_255882157_306484190': 1, '32564122': 0, 'gneJ260': 1, 'gneJ210': 0}, {'cluster_1757124350_1757124352': 3, 'gneJ143': 2, 'gneJ207': 4, 'cluster_306484187_cluster_1200363791_1200363826_1200363834_1200363898_1200363927_1200363938_1200363947_1200364074_1200364103_1507566554_1507566556_255882157_306484190': 1, '32564122': 0, 'gneJ260': 1, 'gneJ210': 0}, 
60080.0, {'cluster_1757124350_1757124352': 0.0, 'gneJ143': -0.16071428, 'gneJ207': -0.3392857, 'cluster_306484187_cluster_1200363791_1200363826_1200363834_1200363898_1200363927_1200363938_1200363947_1200364074_1200364103_1507566554_1507566556_255882157_306484190': -0.14732143, '32564122': -0.04017857, 'gneJ260': -0.026785715, 'gneJ210': 0.0}, {'cluster_1757124350_1757124352': 0, 'gneJ143': 3, 'gneJ207': 3, 'cluster_306484187_cluster_1200363791_1200363826_1200363834_1200363898_1200363927_1200363938_1200363947_1200364074_1200364103_1507566554_1507566556_255882157_306484190': 1, '32564122': 1, 'gneJ260': 2, 'gneJ210': 0}, {'cluster_1757124350_1757124352': 0, 'gneJ143': 4, 'gneJ207': 8, 'cluster_306484187_cluster_1200363791_1200363826_1200363834_1200363898_1200363927_1200363938_1200363947_1200364074_1200364103_1507566554_1507566556_255882157_306484190': 4, '32564122': 1, 'gneJ260': 2, 'gneJ210': 0}, 
60090.0, {'cluster_1757124350_1757124352': 0.0, 'gneJ143': -0.026785715, 'gneJ207': -0.04910714, 'cluster_306484187_cluster_1200363791_1200363826_1200363834_1200363898_1200363927_1200363938_1200363947_1200364074_1200364103_1507566554_1507566556_255882157_306484190': -0.14285715, '32564122': -0.084821425, 'gneJ260': -0.18303572, 'gneJ210': 0.0}, {'cluster_1757124350_1757124352': 0, 'gneJ143': 1, 'gneJ207': 1, 'cluster_306484187_cluster_1200363791_1200363826_1200363834_1200363898_1200363927_1200363938_1200363947_1200364074_1200364103_1507566554_1507566556_255882157_306484190': 1, '32564122': 1, 'gneJ260': 4, 'gneJ210': 0}, {'cluster_1757124350_1757124352': 0, 'gneJ143': 2, 'gneJ207': 1, 'cluster_306484187_cluster_1200363791_1200363826_1200363834_1200363898_1200363927_1200363938_1200363947_1200364074_1200364103_1507566554_1507566556_255882157_306484190': 2, '32564122': 1, 'gneJ260': 4, 'gneJ210': 0}, 
60100.0, {'cluster_1757124350_1757124352': 0.0, 'gneJ143': 0.0, 'gneJ207': -0.2544643, 'cluster_306484187_cluster_1200363791_1200363826_1200363834_1200363898_1200363927_1200363938_1200363947_1200364074_1200364103_1507566554_1507566556_255882157_306484190': -0.29910713, '32564122': -0.03125, 'gneJ260': -0.084821425, 'gneJ210': -0.035714287}, {'cluster_1757124350_1757124352': 0, 'gneJ143': 0, 'gneJ207': 5, 'cluster_306484187_cluster_1200363791_1200363826_1200363834_1200363898_1200363927_1200363938_1200363947_1200364074_1200364103_1507566554_1507566556_255882157_306484190': 2, '32564122': 2, 'gneJ260': 1, 'gneJ210': 2}, {'cluster_1757124350_1757124352': 0, 'gneJ143': 0, 'gneJ207': 10, 'cluster_306484187_cluster_1200363791_1200363826_1200363834_1200363898_1200363927_1200363938_1200363947_1200364074_1200364103_1507566554_1507566556_255882157_306484190': 5, '32564122': 3, 'gneJ260': 3, 'gneJ210': 2}, 
60110.0, {'cluster_1757124350_1757124352': 0.0, 'gneJ143': -0.071428575, 'gneJ207': -0.22767857, 'cluster_306484187_cluster_1200363791_1200363826_1200363834_1200363898_1200363927_1200363938_1200363947_1200364074_1200364103_1507566554_1507566556_255882157_306484190': -0.15625, '32564122': -0.16517857, 'gneJ260': -0.10714286, 'gneJ210': 0.0}, {'cluster_1757124350_1757124352': 0, 'gneJ143': 2, 'gneJ207': 4, 'cluster_306484187_cluster_1200363791_1200363826_1200363834_1200363898_1200363927_1200363938_1200363947_1200364074_1200364103_1507566554_1507566556_255882157_306484190': 3, '32564122': 2, 'gneJ260': 1, 'gneJ210': 0}, {'cluster_1757124350_1757124352': 0, 'gneJ143': 3, 'gneJ207': 7, 'cluster_306484187_cluster_1200363791_1200363826_1200363834_1200363898_1200363927_1200363938_1200363947_1200364074_1200364103_1507566554_1507566556_255882157_306484190': 3, '32564122': 3, 'gneJ260': 2, 'gneJ210': 0}, 
60120.0, {'cluster_1757124350_1757124352': 0.0, 'gneJ143': -0.24553572, 'gneJ207': -0.51339287, 'cluster_306484187_cluster_1200363791_1200363826_1200363834_1200363898_1200363927_1200363938_1200363947_1200364074_1200364103_1507566554_1507566556_255882157_306484190': -0.32142857, '32564122': -0.33482143, 'gneJ260': -0.19642857, 'gneJ210': 0.0}, {'cluster_1757124350_1757124352': 0, 'gneJ143': 2, 'gneJ207': 6, 'cluster_306484187_cluster_1200363791_1200363826_1200363834_1200363898_1200363927_1200363938_1200363947_1200364074_1200364103_1507566554_1507566556_255882157_306484190': 3, '32564122': 2, 'gneJ260': 1, 'gneJ210': 0}, {'cluster_1757124350_1757124352': 0, 'gneJ143': 6, 'gneJ207': 12, 'cluster_306484187_cluster_1200363791_1200363826_1200363834_1200363898_1200363927_1200363938_1200363947_1200364074_1200364103_1507566554_1507566556_255882157_306484190': 5, '32564122': 4, 'gneJ260': 2, 'gneJ210': 0}, 
60130.0, {'cluster_1757124350_1757124352': 0.0, 'gneJ143': -0.65625, 'gneJ207': -0.33035713, 'cluster_306484187_cluster_1200363791_1200363826_1200363834_1200363898_1200363927_1200363938_1200363947_1200364074_1200364103_1507566554_1507566556_255882157_306484190': -0.42410713, '32564122': -0.02232143, 'gneJ260': 0.0, 'gneJ210': 0.0}, {'cluster_1757124350_1757124352': 0, 'gneJ143': 3, 'gneJ207': 3, 'cluster_306484187_cluster_1200363791_1200363826_1200363834_1200363898_1200363927_1200363938_1200363947_1200364074_1200364103_1507566554_1507566556_255882157_306484190': 3, '32564122': 1, 'gneJ260': 0, 'gneJ210': 0}, {'cluster_1757124350_1757124352': 0, 'gneJ143': 11, 'gneJ207': 6, 'cluster_306484187_cluster_1200363791_1200363826_1200363834_1200363898_1200363927_1200363938_1200363947_1200364074_1200364103_1507566554_1507566556_255882157_306484190': 3, '32564122': 1, 'gneJ260': 0, 'gneJ210': 0}, 
60140.0, {'cluster_1757124350_1757124352': 0.0, 'gneJ143': -1.1830357, 'gneJ207': -0.53125, 'cluster_306484187_cluster_1200363791_1200363826_1200363834_1200363898_1200363927_1200363938_1200363947_1200364074_1200364103_1507566554_1507566556_255882157_306484190': -0.63839287, '32564122': -0.06696428, 'gneJ260': -0.026785715, 'gneJ210': 0.0}, {'cluster_1757124350_1757124352': 0, 'gneJ143': 3, 'gneJ207': 5, 'cluster_306484187_cluster_1200363791_1200363826_1200363834_1200363898_1200363927_1200363938_1200363947_1200364074_1200364103_1507566554_1507566556_255882157_306484190': 3, '32564122': 1, 'gneJ260': 1, 'gneJ210': 0}, {'cluster_1757124350_1757124352': 0, 'gneJ143': 14, 'gneJ207': 9, 'cluster_306484187_cluster_1200363791_1200363826_1200363834_1200363898_1200363927_1200363938_1200363947_1200364074_1200364103_1507566554_1507566556_255882157_306484190': 7, '32564122': 1, 'gneJ260': 1, 'gneJ210': 0}, 
60150.0, {'cluster_1757124350_1757124352': 0.0, 'gneJ143': 0.0, 'gneJ207': -0.62053573, 'cluster_306484187_cluster_1200363791_1200363826_1200363834_1200363898_1200363927_1200363938_1200363947_1200364074_1200364103_1507566554_1507566556_255882157_306484190': -0.7723214, '32564122': -0.04910714, 'gneJ260': 0.0, 'gneJ210': 0.0}, {'cluster_1757124350_1757124352': 0, 'gneJ143': 0, 'gneJ207': 3, 'cluster_306484187_cluster_1200363791_1200363826_1200363834_1200363898_1200363927_1200363938_1200363947_1200364074_1200364103_1507566554_1507566556_255882157_306484190': 3, '32564122': 1, 'gneJ260': 0, 'gneJ210': 0}, {'cluster_1757124350_1757124352': 0, 'gneJ143': 0, 'gneJ207': 6, 'cluster_306484187_cluster_1200363791_1200363826_1200363834_1200363898_1200363927_1200363938_1200363947_1200364074_1200364103_1507566554_1507566556_255882157_306484190': 4, '32564122': 2, 'gneJ260': 0, 'gneJ210': 0}, 
60160.0, {'cluster_1757124350_1757124352': -0.04464286, 'gneJ143': -0.14285715, 'gneJ207': -0.92410713, 'cluster_306484187_cluster_1200363791_1200363826_1200363834_1200363898_1200363927_1200363938_1200363947_1200364074_1200364103_1507566554_1507566556_255882157_306484190': -0.0625, '32564122': -0.035714287, 'gneJ260': 0.0, 'gneJ210': 0.0}, {'cluster_1757124350_1757124352': 1, 'gneJ143': 3, 'gneJ207': 5, 'cluster_306484187_cluster_1200363791_1200363826_1200363834_1200363898_1200363927_1200363938_1200363947_1200364074_1200364103_1507566554_1507566556_255882157_306484190': 1, '32564122': 1, 'gneJ260': 0, 'gneJ210': 0}, {'cluster_1757124350_1757124352': 1, 'gneJ143': 5, 'gneJ207': 8, 'cluster_306484187_cluster_1200363791_1200363826_1200363834_1200363898_1200363927_1200363938_1200363947_1200364074_1200364103_1507566554_1507566556_255882157_306484190': 3, '32564122': 1, 'gneJ260': 0, 'gneJ210': 0}, 
60170.0, {'cluster_1757124350_1757124352': -0.026785715, 'gneJ143': -0.5535714, 'gneJ207': -1.3928572, 'cluster_306484187_cluster_1200363791_1200363826_1200363834_1200363898_1200363927_1200363938_1200363947_1200364074_1200364103_1507566554_1507566556_255882157_306484190': -0.23214285, '32564122': 0.0, 'gneJ260': -0.017857144, 'gneJ210': -0.013392857}, {'cluster_1757124350_1757124352': 1, 'gneJ143': 4, 'gneJ207': 5, 'cluster_306484187_cluster_1200363791_1200363826_1200363834_1200363898_1200363927_1200363938_1200363947_1200364074_1200364103_1507566554_1507566556_255882157_306484190': 3, '32564122': 0, 'gneJ260': 1, 'gneJ210': 1}, {'cluster_1757124350_1757124352': 1, 'gneJ143': 11, 'gneJ207': 14, 'cluster_306484187_cluster_1200363791_1200363826_1200363834_1200363898_1200363927_1200363938_1200363947_1200364074_1200364103_1507566554_1507566556_255882157_306484190': 6, '32564122': 0, 'gneJ260': 1, 'gneJ210': 2}, 
60180.0, {'cluster_1757124350_1757124352': 0.0, 'gneJ143': -0.08928572, 'gneJ207': -1.0580357, 'cluster_306484187_cluster_1200363791_1200363826_1200363834_1200363898_1200363927_1200363938_1200363947_1200364074_1200364103_1507566554_1507566556_255882157_306484190': -0.12053572, '32564122': -0.013392857, 'gneJ260': -0.15178572, 'gneJ210': 0.0}, {'cluster_1757124350_1757124352': 0, 'gneJ143': 1, 'gneJ207': 6, 'cluster_306484187_cluster_1200363791_1200363826_1200363834_1200363898_1200363927_1200363938_1200363947_1200364074_1200364103_1507566554_1507566556_255882157_306484190': 2, '32564122': 1, 'gneJ260': 3, 'gneJ210': 0}, {'cluster_1757124350_1757124352': 0, 'gneJ143': 1, 'gneJ207': 10, 'cluster_306484187_cluster_1200363791_1200363826_1200363834_1200363898_1200363927_1200363938_1200363947_1200364074_1200364103_1507566554_1507566556_255882157_306484190': 4, '32564122': 1, 'gneJ260': 4, 'gneJ210': 0}, 
60190.0, {'cluster_1757124350_1757124352': 0.0, 'gneJ143': -0.1875, 'gneJ207': -0.29017857, 'cluster_306484187_cluster_1200363791_1200363826_1200363834_1200363898_1200363927_1200363938_1200363947_1200364074_1200364103_1507566554_1507566556_255882157_306484190': -0.39732143, '32564122': -0.09821428, 'gneJ260': -0.09821428, 'gneJ210': -0.017857144}, {'cluster_1757124350_1757124352': 0, 'gneJ143': 2, 'gneJ207': 3, 'cluster_306484187_cluster_1200363791_1200363826_1200363834_1200363898_1200363927_1200363938_1200363947_1200364074_1200364103_1507566554_1507566556_255882157_306484190': 3, '32564122': 1, 'gneJ260': 1, 'gneJ210': 1}, {'cluster_1757124350_1757124352': 0, 'gneJ143': 3, 'gneJ207': 3, 'cluster_306484187_cluster_1200363791_1200363826_1200363834_1200363898_1200363927_1200363938_1200363947_1200364074_1200364103_1507566554_1507566556_255882157_306484190': 8, '32564122': 2, 'gneJ260': 2, 'gneJ210': 1}, 
60200.0, {'cluster_1757124350_1757124352': -0.04464286, 'gneJ143': -0.4330357, 'gneJ207': -0.51785713, 'cluster_306484187_cluster_1200363791_1200363826_1200363834_1200363898_1200363927_1200363938_1200363947_1200364074_1200364103_1507566554_1507566556_255882157_306484190': -0.20535715, '32564122': -0.03125, 'gneJ260': -0.116071425, 'gneJ210': -0.017857144}, {'cluster_1757124350_1757124352': 1, 'gneJ143': 3, 'gneJ207': 4, 'cluster_306484187_cluster_1200363791_1200363826_1200363834_1200363898_1200363927_1200363938_1200363947_1200364074_1200364103_1507566554_1507566556_255882157_306484190': 3, '32564122': 1, 'gneJ260': 2, 'gneJ210': 1}, {'cluster_1757124350_1757124352': 1, 'gneJ143': 8, 'gneJ207': 8, 'cluster_306484187_cluster_1200363791_1200363826_1200363834_1200363898_1200363927_1200363938_1200363947_1200364074_1200364103_1507566554_1507566556_255882157_306484190': 7, '32564122': 3, 'gneJ260': 4, 'gneJ210': 1}, 
60210.0, {'cluster_1757124350_1757124352': -0.116071425, 'gneJ143': -0.95535713, 'gneJ207': -0.9464286, 'cluster_306484187_cluster_1200363791_1200363826_1200363834_1200363898_1200363927_1200363938_1200363947_1200364074_1200364103_1507566554_1507566556_255882157_306484190': -0.13839285, '32564122': 0.0, 'gneJ260': -0.02232143, 'gneJ210': -0.0625}, {'cluster_1757124350_1757124352': 2, 'gneJ143': 4, 'gneJ207': 6, 'cluster_306484187_cluster_1200363791_1200363826_1200363834_1200363898_1200363927_1200363938_1200363947_1200364074_1200364103_1507566554_1507566556_255882157_306484190': 2, '32564122': 0, 'gneJ260': 1, 'gneJ210': 1}, {'cluster_1757124350_1757124352': 2, 'gneJ143': 15, 'gneJ207': 10, 'cluster_306484187_cluster_1200363791_1200363826_1200363834_1200363898_1200363927_1200363938_1200363947_1200364074_1200364103_1507566554_1507566556_255882157_306484190': 4, '32564122': 0, 'gneJ260': 1, 'gneJ210': 1}, 
60220.0, {'cluster_1757124350_1757124352': -0.22321428, 'gneJ143': -0.24107143, 'gneJ207': -0.3125, 'cluster_306484187_cluster_1200363791_1200363826_1200363834_1200363898_1200363927_1200363938_1200363947_1200364074_1200364103_1507566554_1507566556_255882157_306484190': -0.116071425, '32564122': 0.0, 'gneJ260': -0.013392857, 'gneJ210': -0.11160714}, {'cluster_1757124350_1757124352': 2, 'gneJ143': 2, 'gneJ207': 3, 'cluster_306484187_cluster_1200363791_1200363826_1200363834_1200363898_1200363927_1200363938_1200363947_1200364074_1200364103_1507566554_1507566556_255882157_306484190': 1, '32564122': 0, 'gneJ260': 1, 'gneJ210': 2}, {'cluster_1757124350_1757124352': 3, 'gneJ143': 3, 'gneJ207': 5, 'cluster_306484187_cluster_1200363791_1200363826_1200363834_1200363898_1200363927_1200363938_1200363947_1200364074_1200364103_1507566554_1507566556_255882157_306484190': 2, '32564122': 0, 'gneJ260': 1, 'gneJ210': 5}, 
60230.0, {'cluster_1757124350_1757124352': -0.0625, 'gneJ143': -0.4419643, 'gneJ207': -0.008928572, 'cluster_306484187_cluster_1200363791_1200363826_1200363834_1200363898_1200363927_1200363938_1200363947_1200364074_1200364103_1507566554_1507566556_255882157_306484190': -0.29017857, '32564122': -0.03125, 'gneJ260': -0.08928572, 'gneJ210': 0.0}, {'cluster_1757124350_1757124352': 1, 'gneJ143': 3, 'gneJ207': 1, 'cluster_306484187_cluster_1200363791_1200363826_1200363834_1200363898_1200363927_1200363938_1200363947_1200364074_1200364103_1507566554_1507566556_255882157_306484190': 2, '32564122': 1, 'gneJ260': 2, 'gneJ210': 0}, {'cluster_1757124350_1757124352': 1, 'gneJ143': 8, 'gneJ207': 1, 'cluster_306484187_cluster_1200363791_1200363826_1200363834_1200363898_1200363927_1200363938_1200363947_1200364074_1200364103_1507566554_1507566556_255882157_306484190': 4, '32564122': 1, 'gneJ260': 3, 'gneJ210': 0}, 
60240.0, {'cluster_1757124350_1757124352': 0.0, 'gneJ143': -1.1294643, 'gneJ207': 0.0, 'cluster_306484187_cluster_1200363791_1200363826_1200363834_1200363898_1200363927_1200363938_1200363947_1200364074_1200364103_1507566554_1507566556_255882157_306484190': -0.4017857, '32564122': -0.004464286, 'gneJ260': 0.0, 'gneJ210': -0.04910714}, {'cluster_1757124350_1757124352': 0, 'gneJ143': 6, 'gneJ207': 0, 'cluster_306484187_cluster_1200363791_1200363826_1200363834_1200363898_1200363927_1200363938_1200363947_1200364074_1200364103_1507566554_1507566556_255882157_306484190': 2, '32564122': 1, 'gneJ260': 0, 'gneJ210': 1}, {'cluster_1757124350_1757124352': 0, 'gneJ143': 21, 'gneJ207': 0, 'cluster_306484187_cluster_1200363791_1200363826_1200363834_1200363898_1200363927_1200363938_1200363947_1200364074_1200364103_1507566554_1507566556_255882157_306484190': 7, '32564122': 1, 'gneJ260': 0, 'gneJ210': 2}, 
60250.0, {'cluster_1757124350_1757124352': 0.0, 'gneJ143': -2.1339285, 'gneJ207': 0.0, 'cluster_306484187_cluster_1200363791_1200363826_1200363834_1200363898_1200363927_1200363938_1200363947_1200364074_1200364103_1507566554_1507566556_255882157_306484190': -0.3080357, '32564122': -0.09375, 'gneJ260': 0.0, 'gneJ210': 0.0}, {'cluster_1757124350_1757124352': 0, 'gneJ143': 6, 'gneJ207': 0, 'cluster_306484187_cluster_1200363791_1200363826_1200363834_1200363898_1200363927_1200363938_1200363947_1200364074_1200364103_1507566554_1507566556_255882157_306484190': 4, '32564122': 3, 'gneJ260': 0, 'gneJ210': 0}, {'cluster_1757124350_1757124352': 0, 'gneJ143': 24, 'gneJ207': 0, 'cluster_306484187_cluster_1200363791_1200363826_1200363834_1200363898_1200363927_1200363938_1200363947_1200364074_1200364103_1507566554_1507566556_255882157_306484190': 10, '32564122': 3, 'gneJ260': 0, 'gneJ210': 0}, 
60260.0, {'cluster_1757124350_1757124352': 0.0, 'gneJ143': -0.78125, 'gneJ207': 0.0, 'cluster_306484187_cluster_1200363791_1200363826_1200363834_1200363898_1200363927_1200363938_1200363947_1200364074_1200364103_1507566554_1507566556_255882157_306484190': -0.3705357, '32564122': -0.2544643, 'gneJ260': -0.03125, 'gneJ210': -0.071428575}, {'cluster_1757124350_1757124352': 0, 'gneJ143': 3, 'gneJ207': 0, 'cluster_306484187_cluster_1200363791_1200363826_1200363834_1200363898_1200363927_1200363938_1200363947_1200364074_1200364103_1507566554_1507566556_255882157_306484190': 4, '32564122': 4, 'gneJ260': 2, 'gneJ210': 2}, {'cluster_1757124350_1757124352': 0, 'gneJ143': 8, 'gneJ207': 0, 'cluster_306484187_cluster_1200363791_1200363826_1200363834_1200363898_1200363927_1200363938_1200363947_1200364074_1200364103_1507566554_1507566556_255882157_306484190': 7, '32564122': 4, 'gneJ260': 2, 'gneJ210': 5}, 
60270.0, {'cluster_1757124350_1757124352': -0.02232143, 'gneJ143': -1.2455357, 'gneJ207': -0.05357143, 'cluster_306484187_cluster_1200363791_1200363826_1200363834_1200363898_1200363927_1200363938_1200363947_1200364074_1200364103_1507566554_1507566556_255882157_306484190': -0.35714287, '32564122': -0.29910713, 'gneJ260': -0.12053572, 'gneJ210': -0.23660715}, {'cluster_1757124350_1757124352': 1, 'gneJ143': 4, 'gneJ207': 2, 'cluster_306484187_cluster_1200363791_1200363826_1200363834_1200363898_1200363927_1200363938_1200363947_1200364074_1200364103_1507566554_1507566556_255882157_306484190': 4, '32564122': 3, 'gneJ260': 2, 'gneJ210': 2}, {'cluster_1757124350_1757124352': 2, 'gneJ143': 14, 'gneJ207': 2, 'cluster_306484187_cluster_1200363791_1200363826_1200363834_1200363898_1200363927_1200363938_1200363947_1200364074_1200364103_1507566554_1507566556_255882157_306484190': 4, '32564122': 4, 'gneJ260': 2, 'gneJ210': 4}, 
60280.0, {'cluster_1757124350_1757124352': -0.27232143, 'gneJ143': -0.05357143, 'gneJ207': -0.20535715, 'cluster_306484187_cluster_1200363791_1200363826_1200363834_1200363898_1200363927_1200363938_1200363947_1200364074_1200364103_1507566554_1507566556_255882157_306484190': -0.24107143, '32564122': -0.0625, 'gneJ260': -0.2544643, 'gneJ210': 0.0}, {'cluster_1757124350_1757124352': 3, 'gneJ143': 1, 'gneJ207': 3, 'cluster_306484187_cluster_1200363791_1200363826_1200363834_1200363898_1200363927_1200363938_1200363947_1200364074_1200364103_1507566554_1507566556_255882157_306484190': 2, '32564122': 1, 'gneJ260': 3, 'gneJ210': 0}, {'cluster_1757124350_1757124352': 6, 'gneJ143': 1, 'gneJ207': 4, 'cluster_306484187_cluster_1200363791_1200363826_1200363834_1200363898_1200363927_1200363938_1200363947_1200364074_1200364103_1507566554_1507566556_255882157_306484190': 6, '32564122': 2, 'gneJ260': 3, 'gneJ210': 0}, 
60290.0, {'cluster_1757124350_1757124352': 0.0, 'gneJ143': -0.19642857, 'gneJ207': -0.08035714, 'cluster_306484187_cluster_1200363791_1200363826_1200363834_1200363898_1200363927_1200363938_1200363947_1200364074_1200364103_1507566554_1507566556_255882157_306484190': -0.52678573, '32564122': 0.0, 'gneJ260': -0.008928572, 'gneJ210': -0.004464286}, {'cluster_1757124350_1757124352': 0, 'gneJ143': 4, 'gneJ207': 2, 'cluster_306484187_cluster_1200363791_1200363826_1200363834_1200363898_1200363927_1200363938_1200363947_1200364074_1200364103_1507566554_1507566556_255882157_306484190': 4, '32564122': 0, 'gneJ260': 1, 'gneJ210': 1}, {'cluster_1757124350_1757124352': 0, 'gneJ143': 7, 'gneJ207': 2, 'cluster_306484187_cluster_1200363791_1200363826_1200363834_1200363898_1200363927_1200363938_1200363947_1200364074_1200364103_1507566554_1507566556_255882157_306484190': 12, '32564122': 0, 'gneJ260': 1, 'gneJ210': 1}, 
60300.0, {'cluster_1757124350_1757124352': 0.0, 'gneJ143': -0.52678573, 'gneJ207': -0.16964285, 'cluster_306484187_cluster_1200363791_1200363826_1200363834_1200363898_1200363927_1200363938_1200363947_1200364074_1200364103_1507566554_1507566556_255882157_306484190': -0.116071425, '32564122': 0.0, 'gneJ260': -0.125, 'gneJ210': -0.04464286}, {'cluster_1757124350_1757124352': 0, 'gneJ143': 4, 'gneJ207': 2, 'cluster_306484187_cluster_1200363791_1200363826_1200363834_1200363898_1200363927_1200363938_1200363947_1200364074_1200364103_1507566554_1507566556_255882157_306484190': 1, '32564122': 0, 'gneJ260': 2, 'gneJ210': 2}, {'cluster_1757124350_1757124352': 0, 'gneJ143': 9, 'gneJ207': 2, 'cluster_306484187_cluster_1200363791_1200363826_1200363834_1200363898_1200363927_1200363938_1200363947_1200364074_1200364103_1507566554_1507566556_255882157_306484190': 3, '32564122': 0, 'gneJ260': 3, 'gneJ210': 3}, 
60310.0, {'cluster_1757124350_1757124352': 0.0, 'gneJ143': -0.09821428, 'gneJ207': -0.10714286, 'cluster_306484187_cluster_1200363791_1200363826_1200363834_1200363898_1200363927_1200363938_1200363947_1200364074_1200364103_1507566554_1507566556_255882157_306484190': -0.22321428, '32564122': 0.0, 'gneJ260': -0.084821425, 'gneJ210': -0.17857143}, {'cluster_1757124350_1757124352': 0, 'gneJ143': 1, 'gneJ207': 1, 'cluster_306484187_cluster_1200363791_1200363826_1200363834_1200363898_1200363927_1200363938_1200363947_1200364074_1200364103_1507566554_1507566556_255882157_306484190': 3, '32564122': 0, 'gneJ260': 1, 'gneJ210': 2}, {'cluster_1757124350_1757124352': 0, 'gneJ143': 1, 'gneJ207': 1, 'cluster_306484187_cluster_1200363791_1200363826_1200363834_1200363898_1200363927_1200363938_1200363947_1200364074_1200364103_1507566554_1507566556_255882157_306484190': 7, '32564122': 0, 'gneJ260': 1, 'gneJ210': 3}, 
60320.0, {'cluster_1757124350_1757124352': -0.008928572, 'gneJ143': 0.0, 'gneJ207': -0.16964285, 'cluster_306484187_cluster_1200363791_1200363826_1200363834_1200363898_1200363927_1200363938_1200363947_1200364074_1200364103_1507566554_1507566556_255882157_306484190': 0.0, '32564122': 0.0, 'gneJ260': -0.026785715, 'gneJ210': -0.004464286}, {'cluster_1757124350_1757124352': 1, 'gneJ143': 0, 'gneJ207': 2, 'cluster_306484187_cluster_1200363791_1200363826_1200363834_1200363898_1200363927_1200363938_1200363947_1200364074_1200364103_1507566554_1507566556_255882157_306484190': 0, '32564122': 0, 'gneJ260': 1, 'gneJ210': 1}, {'cluster_1757124350_1757124352': 2, 'gneJ143': 0, 'gneJ207': 2, 'cluster_306484187_cluster_1200363791_1200363826_1200363834_1200363898_1200363927_1200363938_1200363947_1200364074_1200364103_1507566554_1507566556_255882157_306484190': 0, '32564122': 0, 'gneJ260': 1, 'gneJ210': 1}, 
60330.0, {'cluster_1757124350_1757124352': -0.16964285, 'gneJ143': -0.12053572, 'gneJ207': -0.25892857, 'cluster_306484187_cluster_1200363791_1200363826_1200363834_1200363898_1200363927_1200363938_1200363947_1200364074_1200364103_1507566554_1507566556_255882157_306484190': 0.0, '32564122': 0.0, 'gneJ260': -0.02232143, 'gneJ210': -0.04910714}, {'cluster_1757124350_1757124352': 2, 'gneJ143': 4, 'gneJ207': 2, 'cluster_306484187_cluster_1200363791_1200363826_1200363834_1200363898_1200363927_1200363938_1200363947_1200364074_1200364103_1507566554_1507566556_255882157_306484190': 0, '32564122': 0, 'gneJ260': 1, 'gneJ210': 1}, {'cluster_1757124350_1757124352': 4, 'gneJ143': 7, 'gneJ207': 2, 'cluster_306484187_cluster_1200363791_1200363826_1200363834_1200363898_1200363927_1200363938_1200363947_1200364074_1200364103_1507566554_1507566556_255882157_306484190': 0, '32564122': 0, 'gneJ260': 1, 'gneJ210': 1}, 
60340.0, {'cluster_1757124350_1757124352': -0.3482143, 'gneJ143': -0.102678575, 'gneJ207': -0.116071425, 'cluster_306484187_cluster_1200363791_1200363826_1200363834_1200363898_1200363927_1200363938_1200363947_1200364074_1200364103_1507566554_1507566556_255882157_306484190': -0.004464286, '32564122': 0.0, 'gneJ260': 0.0, 'gneJ210': -0.04910714}, {'cluster_1757124350_1757124352': 2, 'gneJ143': 2, 'gneJ207': 1, 'cluster_306484187_cluster_1200363791_1200363826_1200363834_1200363898_1200363927_1200363938_1200363947_1200364074_1200364103_1507566554_1507566556_255882157_306484190': 1, '32564122': 0, 'gneJ260': 0, 'gneJ210': 2}, {'cluster_1757124350_1757124352': 4, 'gneJ143': 2, 'gneJ207': 2, 'cluster_306484187_cluster_1200363791_1200363826_1200363834_1200363898_1200363927_1200363938_1200363947_1200364074_1200364103_1507566554_1507566556_255882157_306484190': 1, '32564122': 0, 'gneJ260': 0, 'gneJ210': 3}, 
60350.0, {'cluster_1757124350_1757124352': 0.0, 'gneJ143': -0.084821425, 'gneJ207': -0.26785713, 'cluster_306484187_cluster_1200363791_1200363826_1200363834_1200363898_1200363927_1200363938_1200363947_1200364074_1200364103_1507566554_1507566556_255882157_306484190': 0.0, '32564122': -0.04464286, 'gneJ260': 0.0, 'gneJ210': 0.0}, {'cluster_1757124350_1757124352': 0, 'gneJ143': 3, 'gneJ207': 2, 'cluster_306484187_cluster_1200363791_1200363826_1200363834_1200363898_1200363927_1200363938_1200363947_1200364074_1200364103_1507566554_1507566556_255882157_306484190': 0, '32564122': 1, 'gneJ260': 0, 'gneJ210': 0}, {'cluster_1757124350_1757124352': 0, 'gneJ143': 3, 'gneJ207': 5, 'cluster_306484187_cluster_1200363791_1200363826_1200363834_1200363898_1200363927_1200363938_1200363947_1200364074_1200364103_1507566554_1507566556_255882157_306484190': 0, '32564122': 1, 'gneJ260': 0, 'gneJ210': 0}, 
60360.0, {'cluster_1757124350_1757124352': -0.02232143, 'gneJ143': -0.08928572, 'gneJ207': -0.2544643, 'cluster_306484187_cluster_1200363791_1200363826_1200363834_1200363898_1200363927_1200363938_1200363947_1200364074_1200364103_1507566554_1507566556_255882157_306484190': -0.058035713, '32564122': -0.116071425, 'gneJ260': 0.0, 'gneJ210': 0.0}, {'cluster_1757124350_1757124352': 1, 'gneJ143': 1, 'gneJ207': 2, 'cluster_306484187_cluster_1200363791_1200363826_1200363834_1200363898_1200363927_1200363938_1200363947_1200364074_1200364103_1507566554_1507566556_255882157_306484190': 2, '32564122': 1, 'gneJ260': 0, 'gneJ210': 0}, {'cluster_1757124350_1757124352': 1, 'gneJ143': 3, 'gneJ207': 2, 'cluster_306484187_cluster_1200363791_1200363826_1200363834_1200363898_1200363927_1200363938_1200363947_1200364074_1200364103_1507566554_1507566556_255882157_306484190': 3, '32564122': 2, 'gneJ260': 0, 'gneJ210': 0}, 
60370.0, {'cluster_1757124350_1757124352': -0.06696428, 'gneJ143': -0.02232143, 'gneJ207': -0.47767857, 'cluster_306484187_cluster_1200363791_1200363826_1200363834_1200363898_1200363927_1200363938_1200363947_1200364074_1200364103_1507566554_1507566556_255882157_306484190': -0.19196428, '32564122': 0.0, 'gneJ260': -0.026785715, 'gneJ210': 0.0}, {'cluster_1757124350_1757124352': 1, 'gneJ143': 1, 'gneJ207': 6, 'cluster_306484187_cluster_1200363791_1200363826_1200363834_1200363898_1200363927_1200363938_1200363947_1200364074_1200364103_1507566554_1507566556_255882157_306484190': 4, '32564122': 0, 'gneJ260': 1, 'gneJ210': 0}, {'cluster_1757124350_1757124352': 1, 'gneJ143': 1, 'gneJ207': 8, 'cluster_306484187_cluster_1200363791_1200363826_1200363834_1200363898_1200363927_1200363938_1200363947_1200364074_1200364103_1507566554_1507566556_255882157_306484190': 4, '32564122': 0, 'gneJ260': 2, 'gneJ210': 0}, 
60380.0, {'cluster_1757124350_1757124352': 0.0, 'gneJ143': -0.18303572, 'gneJ207': -0.8035714, 'cluster_306484187_cluster_1200363791_1200363826_1200363834_1200363898_1200363927_1200363938_1200363947_1200364074_1200364103_1507566554_1507566556_255882157_306484190': -0.3705357, '32564122': 0.0, 'gneJ260': -0.06696428, 'gneJ210': -0.017857144}, {'cluster_1757124350_1757124352': 0, 'gneJ143': 3, 'gneJ207': 9, 'cluster_306484187_cluster_1200363791_1200363826_1200363834_1200363898_1200363927_1200363938_1200363947_1200364074_1200364103_1507566554_1507566556_255882157_306484190': 4, '32564122': 0, 'gneJ260': 3, 'gneJ210': 1}, {'cluster_1757124350_1757124352': 0, 'gneJ143': 9, 'gneJ207': 12, 'cluster_306484187_cluster_1200363791_1200363826_1200363834_1200363898_1200363927_1200363938_1200363947_1200364074_1200364103_1507566554_1507566556_255882157_306484190': 4, '32564122': 0, 'gneJ260': 3, 'gneJ210': 2}, 
60390.0, {'cluster_1757124350_1757124352': 0.0, 'gneJ143': -0.71428573, 'gneJ207': -1.2455357, 'cluster_306484187_cluster_1200363791_1200363826_1200363834_1200363898_1200363927_1200363938_1200363947_1200364074_1200364103_1507566554_1507566556_255882157_306484190': -0.17857143, '32564122': 0.0, 'gneJ260': -0.20089285, 'gneJ210': -0.03125}, {'cluster_1757124350_1757124352': 0, 'gneJ143': 4, 'gneJ207': 9, 'cluster_306484187_cluster_1200363791_1200363826_1200363834_1200363898_1200363927_1200363938_1200363947_1200364074_1200364103_1507566554_1507566556_255882157_306484190': 1, '32564122': 0, 'gneJ260': 3, 'gneJ210': 2}, {'cluster_1757124350_1757124352': 0, 'gneJ143': 14, 'gneJ207': 13, 'cluster_306484187_cluster_1200363791_1200363826_1200363834_1200363898_1200363927_1200363938_1200363947_1200364074_1200364103_1507566554_1507566556_255882157_306484190': 3, '32564122': 0, 'gneJ260': 3, 'gneJ210': 2}, 
60400.0, {'cluster_1757124350_1757124352': 0.0, 'gneJ143': -0.20535715, 'gneJ207': -1.1964285, 'cluster_306484187_cluster_1200363791_1200363826_1200363834_1200363898_1200363927_1200363938_1200363947_1200364074_1200364103_1507566554_1507566556_255882157_306484190': -0.20535715, '32564122': 0.0, 'gneJ260': -0.38839287, 'gneJ210': 0.0}, {'cluster_1757124350_1757124352': 0, 'gneJ143': 1, 'gneJ207': 7, 'cluster_306484187_cluster_1200363791_1200363826_1200363834_1200363898_1200363927_1200363938_1200363947_1200364074_1200364103_1507566554_1507566556_255882157_306484190': 3, '32564122': 0, 'gneJ260': 4, 'gneJ210': 0}, {'cluster_1757124350_1757124352': 0, 'gneJ143': 3, 'gneJ207': 12, 'cluster_306484187_cluster_1200363791_1200363826_1200363834_1200363898_1200363927_1200363938_1200363947_1200364074_1200364103_1507566554_1507566556_255882157_306484190': 3, '32564122': 0, 'gneJ260': 5, 'gneJ210': 0}, 
60410.0, {'cluster_1757124350_1757124352': -0.004464286, 'gneJ143': -0.35714287, 'gneJ207': -1.25, 'cluster_306484187_cluster_1200363791_1200363826_1200363834_1200363898_1200363927_1200363938_1200363947_1200364074_1200364103_1507566554_1507566556_255882157_306484190': -0.03125, '32564122': 0.0, 'gneJ260': -0.6964286, 'gneJ210': 0.0}, {'cluster_1757124350_1757124352': 1, 'gneJ143': 4, 'gneJ207': 6, 'cluster_306484187_cluster_1200363791_1200363826_1200363834_1200363898_1200363927_1200363938_1200363947_1200364074_1200364103_1507566554_1507566556_255882157_306484190': 1, '32564122': 0, 'gneJ260': 5, 'gneJ210': 0}, {'cluster_1757124350_1757124352': 1, 'gneJ143': 9, 'gneJ207': 9, 'cluster_306484187_cluster_1200363791_1200363826_1200363834_1200363898_1200363927_1200363938_1200363947_1200364074_1200364103_1507566554_1507566556_255882157_306484190': 1, '32564122': 0, 'gneJ260': 7, 'gneJ210': 0}, 
60420.0, {'cluster_1757124350_1757124352': -0.17857143, 'gneJ143': -0.71875, 'gneJ207': -1.2723215, 'cluster_306484187_cluster_1200363791_1200363826_1200363834_1200363898_1200363927_1200363938_1200363947_1200364074_1200364103_1507566554_1507566556_255882157_306484190': -0.058035713, '32564122': 0.0, 'gneJ260': -0.53571427, 'gneJ210': 0.0}, {'cluster_1757124350_1757124352': 3, 'gneJ143': 4, 'gneJ207': 6, 'cluster_306484187_cluster_1200363791_1200363826_1200363834_1200363898_1200363927_1200363938_1200363947_1200364074_1200364103_1507566554_1507566556_255882157_306484190': 3, '32564122': 0, 'gneJ260': 3, 'gneJ210': 0}, {'cluster_1757124350_1757124352': 5, 'gneJ143': 10, 'gneJ207': 8, 'cluster_306484187_cluster_1200363791_1200363826_1200363834_1200363898_1200363927_1200363938_1200363947_1200364074_1200364103_1507566554_1507566556_255882157_306484190': 3, '32564122': 0, 'gneJ260': 7, 'gneJ210': 0}, 
60430.0, {'cluster_1757124350_1757124352': 0.0, 'gneJ143': -1.1785715, 'gneJ207': -1.0267857, 'cluster_306484187_cluster_1200363791_1200363826_1200363834_1200363898_1200363927_1200363938_1200363947_1200364074_1200364103_1507566554_1507566556_255882157_306484190': -0.2767857, '32564122': 0.0, 'gneJ260': -0.14732143, 'gneJ210': 0.0}, {'cluster_1757124350_1757124352': 0, 'gneJ143': 4, 'gneJ207': 8, 'cluster_306484187_cluster_1200363791_1200363826_1200363834_1200363898_1200363927_1200363938_1200363947_1200364074_1200364103_1507566554_1507566556_255882157_306484190': 4, '32564122': 0, 'gneJ260': 1, 'gneJ210': 0}, {'cluster_1757124350_1757124352': 0, 'gneJ143': 11, 'gneJ207': 11, 'cluster_306484187_cluster_1200363791_1200363826_1200363834_1200363898_1200363927_1200363938_1200363947_1200364074_1200364103_1507566554_1507566556_255882157_306484190': 6, '32564122': 0, 'gneJ260': 2, 'gneJ210': 0}, 
60440.0, {'cluster_1757124350_1757124352': 0.0, 'gneJ143': -0.29464287, 'gneJ207': -1.46875, 'cluster_306484187_cluster_1200363791_1200363826_1200363834_1200363898_1200363927_1200363938_1200363947_1200364074_1200364103_1507566554_1507566556_255882157_306484190': -0.54464287, '32564122': 0.0, 'gneJ260': -0.17857143, 'gneJ210': -0.026785715}, {'cluster_1757124350_1757124352': 0, 'gneJ143': 2, 'gneJ207': 10, 'cluster_306484187_cluster_1200363791_1200363826_1200363834_1200363898_1200363927_1200363938_1200363947_1200364074_1200364103_1507566554_1507566556_255882157_306484190': 4, '32564122': 0, 'gneJ260': 1, 'gneJ210': 1}, {'cluster_1757124350_1757124352': 0, 'gneJ143': 2, 'gneJ207': 15, 'cluster_306484187_cluster_1200363791_1200363826_1200363834_1200363898_1200363927_1200363938_1200363947_1200364074_1200364103_1507566554_1507566556_255882157_306484190': 6, '32564122': 0, 'gneJ260': 1, 'gneJ210': 2}, 
60450.0, {'cluster_1757124350_1757124352': -0.008928572, 'gneJ143': -0.5401786, 'gneJ207': -1.5580357, 'cluster_306484187_cluster_1200363791_1200363826_1200363834_1200363898_1200363927_1200363938_1200363947_1200364074_1200364103_1507566554_1507566556_255882157_306484190': -0.125, '32564122': 0.0, 'gneJ260': 0.0, 'gneJ210': 0.0}, {'cluster_1757124350_1757124352': 1, 'gneJ143': 4, 'gneJ207': 10, 'cluster_306484187_cluster_1200363791_1200363826_1200363834_1200363898_1200363927_1200363938_1200363947_1200364074_1200364103_1507566554_1507566556_255882157_306484190': 1, '32564122': 0, 'gneJ260': 0, 'gneJ210': 0}, {'cluster_1757124350_1757124352': 1, 'gneJ143': 10, 'gneJ207': 13, 'cluster_306484187_cluster_1200363791_1200363826_1200363834_1200363898_1200363927_1200363938_1200363947_1200364074_1200364103_1507566554_1507566556_255882157_306484190': 1, '32564122': 0, 'gneJ260': 0, 'gneJ210': 0}, 
60460.0, {'cluster_1757124350_1757124352': -0.008928572, 'gneJ143': -1.0848215, 'gneJ207': -2.1026785, 'cluster_306484187_cluster_1200363791_1200363826_1200363834_1200363898_1200363927_1200363938_1200363947_1200364074_1200364103_1507566554_1507566556_255882157_306484190': -0.29017857, '32564122': -0.08035714, 'gneJ260': -0.03125, 'gneJ210': 0.0}, {'cluster_1757124350_1757124352': 1, 'gneJ143': 4, 'gneJ207': 12, 'cluster_306484187_cluster_1200363791_1200363826_1200363834_1200363898_1200363927_1200363938_1200363947_1200364074_1200364103_1507566554_1507566556_255882157_306484190': 4, '32564122': 2, 'gneJ260': 1, 'gneJ210': 0}, {'cluster_1757124350_1757124352': 1, 'gneJ143': 13, 'gneJ207': 17, 'cluster_306484187_cluster_1200363791_1200363826_1200363834_1200363898_1200363927_1200363938_1200363947_1200364074_1200364103_1507566554_1507566556_255882157_306484190': 6, '32564122': 3, 'gneJ260': 1, 'gneJ210': 0}, 
60470.0, {'cluster_1757124350_1757124352': 0.0, 'gneJ143': -1.5535715, 'gneJ207': -1.7410715, 'cluster_306484187_cluster_1200363791_1200363826_1200363834_1200363898_1200363927_1200363938_1200363947_1200364074_1200364103_1507566554_1507566556_255882157_306484190': -0.38839287, '32564122': 0.0, 'gneJ260': -0.058035713, 'gneJ210': 0.0}, {'cluster_1757124350_1757124352': 0, 'gneJ143': 4, 'gneJ207': 12, 'cluster_306484187_cluster_1200363791_1200363826_1200363834_1200363898_1200363927_1200363938_1200363947_1200364074_1200364103_1507566554_1507566556_255882157_306484190': 4, '32564122': 0, 'gneJ260': 4, 'gneJ210': 0}, {'cluster_1757124350_1757124352': 0, 'gneJ143': 14, 'gneJ207': 13, 'cluster_306484187_cluster_1200363791_1200363826_1200363834_1200363898_1200363927_1200363938_1200363947_1200364074_1200364103_1507566554_1507566556_255882157_306484190': 4, '32564122': 0, 'gneJ260': 4, 'gneJ210': 0}, 
60480.0, {'cluster_1757124350_1757124352': 0.0, 'gneJ143': -2.1875, 'gneJ207': -2.3214285, 'cluster_306484187_cluster_1200363791_1200363826_1200363834_1200363898_1200363927_1200363938_1200363947_1200364074_1200364103_1507566554_1507566556_255882157_306484190': -0.09375, '32564122': -0.008928572, 'gneJ260': -0.16517857, 'gneJ210': -0.058035713}, {'cluster_1757124350_1757124352': 0, 'gneJ143': 5, 'gneJ207': 12, 'cluster_306484187_cluster_1200363791_1200363826_1200363834_1200363898_1200363927_1200363938_1200363947_1200364074_1200364103_1507566554_1507566556_255882157_306484190': 1, '32564122': 1, 'gneJ260': 3, 'gneJ210': 2}, {'cluster_1757124350_1757124352': 0, 'gneJ143': 15, 'gneJ207': 13, 'cluster_306484187_cluster_1200363791_1200363826_1200363834_1200363898_1200363927_1200363938_1200363947_1200364074_1200364103_1507566554_1507566556_255882157_306484190': 1, '32564122': 1, 'gneJ260': 3, 'gneJ210': 3}, 
60490.0, {'cluster_1757124350_1757124352': 0.0, 'gneJ143': -0.6473214, 'gneJ207': -2.5625, 'cluster_306484187_cluster_1200363791_1200363826_1200363834_1200363898_1200363927_1200363938_1200363947_1200364074_1200364103_1507566554_1507566556_255882157_306484190': -0.20535715, '32564122': 0.0, 'gneJ260': 0.0, 'gneJ210': -0.29017857}, {'cluster_1757124350_1757124352': 0, 'gneJ143': 2, 'gneJ207': 12, 'cluster_306484187_cluster_1200363791_1200363826_1200363834_1200363898_1200363927_1200363938_1200363947_1200364074_1200364103_1507566554_1507566556_255882157_306484190': 4, '32564122': 0, 'gneJ260': 0, 'gneJ210': 4}, {'cluster_1757124350_1757124352': 0, 'gneJ143': 5, 'gneJ207': 13, 'cluster_306484187_cluster_1200363791_1200363826_1200363834_1200363898_1200363927_1200363938_1200363947_1200364074_1200364103_1507566554_1507566556_255882157_306484190': 5, '32564122': 0, 'gneJ260': 0, 'gneJ210': 7}, 
60500.0, {'cluster_1757124350_1757124352': -0.004464286, 'gneJ143': -0.96428573, 'gneJ207': -2.544643, 'cluster_306484187_cluster_1200363791_1200363826_1200363834_1200363898_1200363927_1200363938_1200363947_1200364074_1200364103_1507566554_1507566556_255882157_306484190': -0.36160713, '32564122': -0.013392857, 'gneJ260': 0.0, 'gneJ210': -0.38392857}, {'cluster_1757124350_1757124352': 1, 'gneJ143': 5, 'gneJ207': 11, 'cluster_306484187_cluster_1200363791_1200363826_1200363834_1200363898_1200363927_1200363938_1200363947_1200364074_1200364103_1507566554_1507566556_255882157_306484190': 4, '32564122': 1, 'gneJ260': 0, 'gneJ210': 3}, {'cluster_1757124350_1757124352': 1, 'gneJ143': 14, 'gneJ207': 13, 'cluster_306484187_cluster_1200363791_1200363826_1200363834_1200363898_1200363927_1200363938_1200363947_1200364074_1200364103_1507566554_1507566556_255882157_306484190': 4, '32564122': 1, 'gneJ260': 0, 'gneJ210': 5}, 
60510.0, {'cluster_1757124350_1757124352': 0.0, 'gneJ143': -1.6205357, 'gneJ207': -2.0357144, 'cluster_306484187_cluster_1200363791_1200363826_1200363834_1200363898_1200363927_1200363938_1200363947_1200364074_1200364103_1507566554_1507566556_255882157_306484190': -0.125, '32564122': -0.12946428, 'gneJ260': 0.0, 'gneJ210': -0.3125}, {'cluster_1757124350_1757124352': 0, 'gneJ143': 5, 'gneJ207': 9, 'cluster_306484187_cluster_1200363791_1200363826_1200363834_1200363898_1200363927_1200363938_1200363947_1200364074_1200364103_1507566554_1507566556_255882157_306484190': 1, '32564122': 2, 'gneJ260': 0, 'gneJ210': 1}, {'cluster_1757124350_1757124352': 0, 'gneJ143': 16, 'gneJ207': 9, 'cluster_306484187_cluster_1200363791_1200363826_1200363834_1200363898_1200363927_1200363938_1200363947_1200364074_1200364103_1507566554_1507566556_255882157_306484190': 2, '32564122': 3, 'gneJ260': 0, 'gneJ210': 5}, 
60520.0, {'cluster_1757124350_1757124352': 0.0, 'gneJ143': -0.4732143, 'gneJ207': -2.4464285, 'cluster_306484187_cluster_1200363791_1200363826_1200363834_1200363898_1200363927_1200363938_1200363947_1200364074_1200364103_1507566554_1507566556_255882157_306484190': -0.16071428, '32564122': -0.36160713, 'gneJ260': 0.0, 'gneJ210': -0.23214285}, {'cluster_1757124350_1757124352': 0, 'gneJ143': 2, 'gneJ207': 9, 'cluster_306484187_cluster_1200363791_1200363826_1200363834_1200363898_1200363927_1200363938_1200363947_1200364074_1200364103_1507566554_1507566556_255882157_306484190': 2, '32564122': 2, 'gneJ260': 0, 'gneJ210': 2}, {'cluster_1757124350_1757124352': 0, 'gneJ143': 5, 'gneJ207': 10, 'cluster_306484187_cluster_1200363791_1200363826_1200363834_1200363898_1200363927_1200363938_1200363947_1200364074_1200364103_1507566554_1507566556_255882157_306484190': 4, '32564122': 6, 'gneJ260': 0, 'gneJ210': 5}, 
60530.0, {'cluster_1757124350_1757124352': -0.008928572, 'gneJ143': -0.87053573, 'gneJ207': -2.0, 'cluster_306484187_cluster_1200363791_1200363826_1200363834_1200363898_1200363927_1200363938_1200363947_1200364074_1200364103_1507566554_1507566556_255882157_306484190': -0.013392857, '32564122': -0.65625, 'gneJ260': 0.0, 'gneJ210': -0.15625}, {'cluster_1757124350_1757124352': 1, 'gneJ143': 4, 'gneJ207': 10, 'cluster_306484187_cluster_1200363791_1200363826_1200363834_1200363898_1200363927_1200363938_1200363947_1200364074_1200364103_1507566554_1507566556_255882157_306484190': 1, '32564122': 2, 'gneJ260': 0, 'gneJ210': 2}, {'cluster_1757124350_1757124352': 1, 'gneJ143': 14, 'gneJ207': 10, 'cluster_306484187_cluster_1200363791_1200363826_1200363834_1200363898_1200363927_1200363938_1200363947_1200364074_1200364103_1507566554_1507566556_255882157_306484190': 1, '32564122': 7, 'gneJ260': 0, 'gneJ210': 4}, 
60540.0, {'cluster_1757124350_1757124352': 0.0, 'gneJ143': -1.4732143, 'gneJ207': -2.4910715, 'cluster_306484187_cluster_1200363791_1200363826_1200363834_1200363898_1200363927_1200363938_1200363947_1200364074_1200364103_1507566554_1507566556_255882157_306484190': -0.058035713, '32564122': 0.0, 'gneJ260': 0.0, 'gneJ210': -0.0625}, {'cluster_1757124350_1757124352': 0, 'gneJ143': 4, 'gneJ207': 10, 'cluster_306484187_cluster_1200363791_1200363826_1200363834_1200363898_1200363927_1200363938_1200363947_1200364074_1200364103_1507566554_1507566556_255882157_306484190': 1, '32564122': 0, 'gneJ260': 0, 'gneJ210': 1}, {'cluster_1757124350_1757124352': 0, 'gneJ143': 16, 'gneJ207': 13, 'cluster_306484187_cluster_1200363791_1200363826_1200363834_1200363898_1200363927_1200363938_1200363947_1200364074_1200364103_1507566554_1507566556_255882157_306484190': 1, '32564122': 0, 'gneJ260': 0, 'gneJ210': 1}, 
60550.0, {'cluster_1757124350_1757124352': 0.0, 'gneJ143': -0.15178572, 'gneJ207': -3.138393, 'cluster_306484187_cluster_1200363791_1200363826_1200363834_1200363898_1200363927_1200363938_1200363947_1200364074_1200364103_1507566554_1507566556_255882157_306484190': -0.035714287, '32564122': 0.0, 'gneJ260': 0.0, 'gneJ210': -0.13392857}, {'cluster_1757124350_1757124352': 0, 'gneJ143': 1, 'gneJ207': 11, 'cluster_306484187_cluster_1200363791_1200363826_1200363834_1200363898_1200363927_1200363938_1200363947_1200364074_1200364103_1507566554_1507566556_255882157_306484190': 2, '32564122': 0, 'gneJ260': 0, 'gneJ210': 1}, {'cluster_1757124350_1757124352': 0, 'gneJ143': 2, 'gneJ207': 17, 'cluster_306484187_cluster_1200363791_1200363826_1200363834_1200363898_1200363927_1200363938_1200363947_1200364074_1200364103_1507566554_1507566556_255882157_306484190': 2, '32564122': 0, 'gneJ260': 0, 'gneJ210': 2}, 
60560.0, {'cluster_1757124350_1757124352': -0.008928572, 'gneJ143': -0.29017857, 'gneJ207': -2.9955356, 'cluster_306484187_cluster_1200363791_1200363826_1200363834_1200363898_1200363927_1200363938_1200363947_1200364074_1200364103_1507566554_1507566556_255882157_306484190': -0.058035713, '32564122': 0.0, 'gneJ260': -0.013392857, 'gneJ210': -0.008928572}, {'cluster_1757124350_1757124352': 1, 'gneJ143': 2, 'gneJ207': 12, 'cluster_306484187_cluster_1200363791_1200363826_1200363834_1200363898_1200363927_1200363938_1200363947_1200364074_1200364103_1507566554_1507566556_255882157_306484190': 1, '32564122': 0, 'gneJ260': 1, 'gneJ210': 1}, {'cluster_1757124350_1757124352': 1, 'gneJ143': 4, 'gneJ207': 18, 'cluster_306484187_cluster_1200363791_1200363826_1200363834_1200363898_1200363927_1200363938_1200363947_1200364074_1200364103_1507566554_1507566556_255882157_306484190': 1, '32564122': 0, 'gneJ260': 1, 'gneJ210': 2}, 
60570.0, {'cluster_1757124350_1757124352': 0.0, 'gneJ143': -0.46875, 'gneJ207': -2.5625, 'cluster_306484187_cluster_1200363791_1200363826_1200363834_1200363898_1200363927_1200363938_1200363947_1200364074_1200364103_1507566554_1507566556_255882157_306484190': 0.0, '32564122': 0.0, 'gneJ260': 0.0, 'gneJ210': -0.15178572}, {'cluster_1757124350_1757124352': 0, 'gneJ143': 2, 'gneJ207': 10, 'cluster_306484187_cluster_1200363791_1200363826_1200363834_1200363898_1200363927_1200363938_1200363947_1200364074_1200364103_1507566554_1507566556_255882157_306484190': 0, '32564122': 0, 'gneJ260': 0, 'gneJ210': 2}, {'cluster_1757124350_1757124352': 0, 'gneJ143': 4, 'gneJ207': 13, 'cluster_306484187_cluster_1200363791_1200363826_1200363834_1200363898_1200363927_1200363938_1200363947_1200364074_1200364103_1507566554_1507566556_255882157_306484190': 0, '32564122': 0, 'gneJ260': 0, 'gneJ210': 4}, 
60580.0, {'cluster_1757124350_1757124352': 0.0, 'gneJ143': -0.6473214, 'gneJ207': -1.8839285, 'cluster_306484187_cluster_1200363791_1200363826_1200363834_1200363898_1200363927_1200363938_1200363947_1200364074_1200364103_1507566554_1507566556_255882157_306484190': -0.0625, '32564122': 0.0, 'gneJ260': 0.0, 'gneJ210': 0.0}, {'cluster_1757124350_1757124352': 0, 'gneJ143': 2, 'gneJ207': 8, 'cluster_306484187_cluster_1200363791_1200363826_1200363834_1200363898_1200363927_1200363938_1200363947_1200364074_1200364103_1507566554_1507566556_255882157_306484190': 1, '32564122': 0, 'gneJ260': 0, 'gneJ210': 0}, {'cluster_1757124350_1757124352': 0, 'gneJ143': 4, 'gneJ207': 12, 'cluster_306484187_cluster_1200363791_1200363826_1200363834_1200363898_1200363927_1200363938_1200363947_1200364074_1200364103_1507566554_1507566556_255882157_306484190': 2, '32564122': 0, 'gneJ260': 0, 'gneJ210': 0}, 
60590.0, {'cluster_1757124350_1757124352': 0.0, 'gneJ143': 0.0, 'gneJ207': -1.4598215, 'cluster_306484187_cluster_1200363791_1200363826_1200363834_1200363898_1200363927_1200363938_1200363947_1200364074_1200364103_1507566554_1507566556_255882157_306484190': 0.0, '32564122': -0.02232143, 'gneJ260': -0.0625, 'gneJ210': 0.0}, {'cluster_1757124350_1757124352': 0, 'gneJ143': 0, 'gneJ207': 6, 'cluster_306484187_cluster_1200363791_1200363826_1200363834_1200363898_1200363927_1200363938_1200363947_1200364074_1200364103_1507566554_1507566556_255882157_306484190': 0, '32564122': 1, 'gneJ260': 1, 'gneJ210': 0}, {'cluster_1757124350_1757124352': 0, 'gneJ143': 0, 'gneJ207': 8, 'cluster_306484187_cluster_1200363791_1200363826_1200363834_1200363898_1200363927_1200363938_1200363947_1200364074_1200364103_1507566554_1507566556_255882157_306484190': 0, '32564122': 1, 'gneJ260': 2, 'gneJ210': 0}, 
60600.0, {'cluster_1757124350_1757124352': -0.017857144, 'gneJ143': -0.0625, 'gneJ207': -1.3928572, 'cluster_306484187_cluster_1200363791_1200363826_1200363834_1200363898_1200363927_1200363938_1200363947_1200364074_1200364103_1507566554_1507566556_255882157_306484190': 0.0, '32564122': 0.0, 'gneJ260': 0.0, 'gneJ210': 0.0}, {'cluster_1757124350_1757124352': 1, 'gneJ143': 3, 'gneJ207': 5, 'cluster_306484187_cluster_1200363791_1200363826_1200363834_1200363898_1200363927_1200363938_1200363947_1200364074_1200364103_1507566554_1507566556_255882157_306484190': 0, '32564122': 0, 'gneJ260': 0, 'gneJ210': 0}, {'cluster_1757124350_1757124352': 2, 'gneJ143': 3, 'gneJ207': 9, 'cluster_306484187_cluster_1200363791_1200363826_1200363834_1200363898_1200363927_1200363938_1200363947_1200364074_1200364103_1507566554_1507566556_255882157_306484190': 0, '32564122': 0, 'gneJ260': 0, 'gneJ210': 0}, 
60610.0, {'cluster_1757124350_1757124352': -0.21875, 'gneJ143': -0.084821425, 'gneJ207': -1.84375, 'cluster_306484187_cluster_1200363791_1200363826_1200363834_1200363898_1200363927_1200363938_1200363947_1200364074_1200364103_1507566554_1507566556_255882157_306484190': 0.0, '32564122': 0.0, 'gneJ260': -0.008928572, 'gneJ210': 0.0}, {'cluster_1757124350_1757124352': 3, 'gneJ143': 1, 'gneJ207': 6, 'cluster_306484187_cluster_1200363791_1200363826_1200363834_1200363898_1200363927_1200363938_1200363947_1200364074_1200364103_1507566554_1507566556_255882157_306484190': 0, '32564122': 0, 'gneJ260': 1, 'gneJ210': 0}, {'cluster_1757124350_1757124352': 5, 'gneJ143': 2, 'gneJ207': 11, 'cluster_306484187_cluster_1200363791_1200363826_1200363834_1200363898_1200363927_1200363938_1200363947_1200364074_1200364103_1507566554_1507566556_255882157_306484190': 0, '32564122': 0, 'gneJ260': 1, 'gneJ210': 0}, 
60620.0, {'cluster_1757124350_1757124352': 0.0, 'gneJ143': 0.0, 'gneJ207': -1.1473215, 'cluster_306484187_cluster_1200363791_1200363826_1200363834_1200363898_1200363927_1200363938_1200363947_1200364074_1200364103_1507566554_1507566556_255882157_306484190': -0.017857144, '32564122': 0.0, 'gneJ260': 0.0, 'gneJ210': 0.0}, {'cluster_1757124350_1757124352': 0, 'gneJ143': 0, 'gneJ207': 4, 'cluster_306484187_cluster_1200363791_1200363826_1200363834_1200363898_1200363927_1200363938_1200363947_1200364074_1200364103_1507566554_1507566556_255882157_306484190': 1, '32564122': 0, 'gneJ260': 0, 'gneJ210': 0}, {'cluster_1757124350_1757124352': 0, 'gneJ143': 0, 'gneJ207': 7, 'cluster_306484187_cluster_1200363791_1200363826_1200363834_1200363898_1200363927_1200363938_1200363947_1200364074_1200364103_1507566554_1507566556_255882157_306484190': 1, '32564122': 0, 'gneJ260': 0, 'gneJ210': 0}, 
60630.0, {'cluster_1757124350_1757124352': -0.017857144, 'gneJ143': -0.058035713, 'gneJ207': -0.77678573, 'cluster_306484187_cluster_1200363791_1200363826_1200363834_1200363898_1200363927_1200363938_1200363947_1200364074_1200364103_1507566554_1507566556_255882157_306484190': -0.013392857, '32564122': -0.004464286, 'gneJ260': -0.02232143, 'gneJ210': -0.008928572}, {'cluster_1757124350_1757124352': 1, 'gneJ143': 2, 'gneJ207': 4, 'cluster_306484187_cluster_1200363791_1200363826_1200363834_1200363898_1200363927_1200363938_1200363947_1200364074_1200364103_1507566554_1507566556_255882157_306484190': 1, '32564122': 1, 'gneJ260': 1, 'gneJ210': 1}, {'cluster_1757124350_1757124352': 2, 'gneJ143': 3, 'gneJ207': 6, 'cluster_306484187_cluster_1200363791_1200363826_1200363834_1200363898_1200363927_1200363938_1200363947_1200364074_1200364103_1507566554_1507566556_255882157_306484190': 1, '32564122': 1, 'gneJ260': 1, 'gneJ210': 1}, 
60640.0, {'cluster_1757124350_1757124352': 0.0, 'gneJ143': -0.10714286, 'gneJ207': -1.1607143, 'cluster_306484187_cluster_1200363791_1200363826_1200363834_1200363898_1200363927_1200363938_1200363947_1200364074_1200364103_1507566554_1507566556_255882157_306484190': -0.058035713, '32564122': -0.04910714, 'gneJ260': 0.0, 'gneJ210': 0.0}, {'cluster_1757124350_1757124352': 0, 'gneJ143': 2, 'gneJ207': 5, 'cluster_306484187_cluster_1200363791_1200363826_1200363834_1200363898_1200363927_1200363938_1200363947_1200364074_1200364103_1507566554_1507566556_255882157_306484190': 1, '32564122': 1, 'gneJ260': 0, 'gneJ210': 0}, {'cluster_1757124350_1757124352': 0, 'gneJ143': 4, 'gneJ207': 10, 'cluster_306484187_cluster_1200363791_1200363826_1200363834_1200363898_1200363927_1200363938_1200363947_1200364074_1200364103_1507566554_1507566556_255882157_306484190': 1, '32564122': 1, 'gneJ260': 0, 'gneJ210': 0}, 
60650.0, {'cluster_1757124350_1757124352': 0.0, 'gneJ143': -0.41517857, 'gneJ207': -0.4107143, 'cluster_306484187_cluster_1200363791_1200363826_1200363834_1200363898_1200363927_1200363938_1200363947_1200364074_1200364103_1507566554_1507566556_255882157_306484190': 0.0, '32564122': 0.0, 'gneJ260': 0.0, 'gneJ210': 0.0}, {'cluster_1757124350_1757124352': 0, 'gneJ143': 4, 'gneJ207': 2, 'cluster_306484187_cluster_1200363791_1200363826_1200363834_1200363898_1200363927_1200363938_1200363947_1200364074_1200364103_1507566554_1507566556_255882157_306484190': 0, '32564122': 0, 'gneJ260': 0, 'gneJ210': 0}, {'cluster_1757124350_1757124352': 0, 'gneJ143': 10, 'gneJ207': 4, 'cluster_306484187_cluster_1200363791_1200363826_1200363834_1200363898_1200363927_1200363938_1200363947_1200364074_1200364103_1507566554_1507566556_255882157_306484190': 0, '32564122': 0, 'gneJ260': 0, 'gneJ210': 0}, 
60660.0, {'cluster_1757124350_1757124352': 0.0, 'gneJ143': -0.94196427, 'gneJ207': -0.21875, 'cluster_306484187_cluster_1200363791_1200363826_1200363834_1200363898_1200363927_1200363938_1200363947_1200364074_1200364103_1507566554_1507566556_255882157_306484190': -0.04464286, '32564122': -0.004464286, 'gneJ260': 0.0, 'gneJ210': 0.0}, {'cluster_1757124350_1757124352': 0, 'gneJ143': 4, 'gneJ207': 1, 'cluster_306484187_cluster_1200363791_1200363826_1200363834_1200363898_1200363927_1200363938_1200363947_1200364074_1200364103_1507566554_1507566556_255882157_306484190': 1, '32564122': 1, 'gneJ260': 0, 'gneJ210': 0}, {'cluster_1757124350_1757124352': 0, 'gneJ143': 14, 'gneJ207': 2, 'cluster_306484187_cluster_1200363791_1200363826_1200363834_1200363898_1200363927_1200363938_1200363947_1200364074_1200364103_1507566554_1507566556_255882157_306484190': 1, '32564122': 1, 'gneJ260': 0, 'gneJ210': 0}, 
60670.0, {'cluster_1757124350_1757124352': -0.04464286, 'gneJ143': -0.26785713, 'gneJ207': -0.04910714, 'cluster_306484187_cluster_1200363791_1200363826_1200363834_1200363898_1200363927_1200363938_1200363947_1200364074_1200364103_1507566554_1507566556_255882157_306484190': -0.04910714, '32564122': 0.0, 'gneJ260': -0.0625, 'gneJ210': 0.0}, {'cluster_1757124350_1757124352': 1, 'gneJ143': 2, 'gneJ207': 1, 'cluster_306484187_cluster_1200363791_1200363826_1200363834_1200363898_1200363927_1200363938_1200363947_1200364074_1200364103_1507566554_1507566556_255882157_306484190': 2, '32564122': 0, 'gneJ260': 1, 'gneJ210': 0}, {'cluster_1757124350_1757124352': 1, 'gneJ143': 3, 'gneJ207': 2, 'cluster_306484187_cluster_1200363791_1200363826_1200363834_1200363898_1200363927_1200363938_1200363947_1200364074_1200364103_1507566554_1507566556_255882157_306484190': 2, '32564122': 0, 'gneJ260': 2, 'gneJ210': 0}, 
60680.0, {'cluster_1757124350_1757124352': 0.0, 'gneJ143': -0.33482143, 'gneJ207': -0.07589286, 'cluster_306484187_cluster_1200363791_1200363826_1200363834_1200363898_1200363927_1200363938_1200363947_1200364074_1200364103_1507566554_1507566556_255882157_306484190': -0.06696428, '32564122': 0.0, 'gneJ260': -0.15178572, 'gneJ210': 0.0}, {'cluster_1757124350_1757124352': 0, 'gneJ143': 3, 'gneJ207': 2, 'cluster_306484187_cluster_1200363791_1200363826_1200363834_1200363898_1200363927_1200363938_1200363947_1200364074_1200364103_1507566554_1507566556_255882157_306484190': 1, '32564122': 0, 'gneJ260': 1, 'gneJ210': 0}, {'cluster_1757124350_1757124352': 0, 'gneJ143': 3, 'gneJ207': 2, 'cluster_306484187_cluster_1200363791_1200363826_1200363834_1200363898_1200363927_1200363938_1200363947_1200364074_1200364103_1507566554_1507566556_255882157_306484190': 1, '32564122': 0, 'gneJ260': 2, 'gneJ210': 0}, 
60690.0, {'cluster_1757124350_1757124352': -0.10714286, 'gneJ143': 0.0, 'gneJ207': -0.02232143, 'cluster_306484187_cluster_1200363791_1200363826_1200363834_1200363898_1200363927_1200363938_1200363947_1200364074_1200364103_1507566554_1507566556_255882157_306484190': -0.1875, '32564122': 0.0, 'gneJ260': 0.0, 'gneJ210': 0.0}, {'cluster_1757124350_1757124352': 3, 'gneJ143': 0, 'gneJ207': 1, 'cluster_306484187_cluster_1200363791_1200363826_1200363834_1200363898_1200363927_1200363938_1200363947_1200364074_1200364103_1507566554_1507566556_255882157_306484190': 2, '32564122': 0, 'gneJ260': 0, 'gneJ210': 0}, {'cluster_1757124350_1757124352': 6, 'gneJ143': 0, 'gneJ207': 2, 'cluster_306484187_cluster_1200363791_1200363826_1200363834_1200363898_1200363927_1200363938_1200363947_1200364074_1200364103_1507566554_1507566556_255882157_306484190': 4, '32564122': 0, 'gneJ260': 0, 'gneJ210': 0}, 
60700.0, {'cluster_1757124350_1757124352': -0.017857144, 'gneJ143': -0.058035713, 'gneJ207': -0.04910714, 'cluster_306484187_cluster_1200363791_1200363826_1200363834_1200363898_1200363927_1200363938_1200363947_1200364074_1200364103_1507566554_1507566556_255882157_306484190': -0.06696428, '32564122': -0.017857144, 'gneJ260': -0.013392857, 'gneJ210': 0.0}, {'cluster_1757124350_1757124352': 1, 'gneJ143': 2, 'gneJ207': 1, 'cluster_306484187_cluster_1200363791_1200363826_1200363834_1200363898_1200363927_1200363938_1200363947_1200364074_1200364103_1507566554_1507566556_255882157_306484190': 1, '32564122': 1, 'gneJ260': 1, 'gneJ210': 0}, {'cluster_1757124350_1757124352': 1, 'gneJ143': 3, 'gneJ207': 1, 'cluster_306484187_cluster_1200363791_1200363826_1200363834_1200363898_1200363927_1200363938_1200363947_1200364074_1200364103_1507566554_1507566556_255882157_306484190': 1, '32564122': 1, 'gneJ260': 1, 'gneJ210': 0}, 
60710.0, {'cluster_1757124350_1757124352': -0.0625, 'gneJ143': 0.0, 'gneJ207': -0.09375, 'cluster_306484187_cluster_1200363791_1200363826_1200363834_1200363898_1200363927_1200363938_1200363947_1200364074_1200364103_1507566554_1507566556_255882157_306484190': -0.14732143, '32564122': 0.0, 'gneJ260': -0.102678575, 'gneJ210': 0.0}, {'cluster_1757124350_1757124352': 1, 'gneJ143': 0, 'gneJ207': 2, 'cluster_306484187_cluster_1200363791_1200363826_1200363834_1200363898_1200363927_1200363938_1200363947_1200364074_1200364103_1507566554_1507566556_255882157_306484190': 3, '32564122': 0, 'gneJ260': 2, 'gneJ210': 0}, {'cluster_1757124350_1757124352': 1, 'gneJ143': 0, 'gneJ207': 4, 'cluster_306484187_cluster_1200363791_1200363826_1200363834_1200363898_1200363927_1200363938_1200363947_1200364074_1200364103_1507566554_1507566556_255882157_306484190': 5, '32564122': 0, 'gneJ260': 2, 'gneJ210': 0}, 
60720.0, {'cluster_1757124350_1757124352': -0.116071425, 'gneJ143': 0.0, 'gneJ207': -0.20535715, 'cluster_306484187_cluster_1200363791_1200363826_1200363834_1200363898_1200363927_1200363938_1200363947_1200364074_1200364103_1507566554_1507566556_255882157_306484190': -0.05357143, '32564122': -0.017857144, 'gneJ260': 0.0, 'gneJ210': 0.0}, {'cluster_1757124350_1757124352': 2, 'gneJ143': 0, 'gneJ207': 4, 'cluster_306484187_cluster_1200363791_1200363826_1200363834_1200363898_1200363927_1200363938_1200363947_1200364074_1200364103_1507566554_1507566556_255882157_306484190': 1, '32564122': 1, 'gneJ260': 0, 'gneJ210': 0}, {'cluster_1757124350_1757124352': 2, 'gneJ143': 0, 'gneJ207': 5, 'cluster_306484187_cluster_1200363791_1200363826_1200363834_1200363898_1200363927_1200363938_1200363947_1200364074_1200364103_1507566554_1507566556_255882157_306484190': 1, '32564122': 1, 'gneJ260': 0, 'gneJ210': 0}, 
60730.0, {'cluster_1757124350_1757124352': -0.20535715, 'gneJ143': -0.04464286, 'gneJ207': -0.45982143, 'cluster_306484187_cluster_1200363791_1200363826_1200363834_1200363898_1200363927_1200363938_1200363947_1200364074_1200364103_1507566554_1507566556_255882157_306484190': 0.0, '32564122': -0.0625, 'gneJ260': -0.08928572, 'gneJ210': -0.013392857}, {'cluster_1757124350_1757124352': 2, 'gneJ143': 1, 'gneJ207': 6, 'cluster_306484187_cluster_1200363791_1200363826_1200363834_1200363898_1200363927_1200363938_1200363947_1200364074_1200364103_1507566554_1507566556_255882157_306484190': 0, '32564122': 1, 'gneJ260': 1, 'gneJ210': 1}, {'cluster_1757124350_1757124352': 2, 'gneJ143': 1, 'gneJ207': 8, 'cluster_306484187_cluster_1200363791_1200363826_1200363834_1200363898_1200363927_1200363938_1200363947_1200364074_1200364103_1507566554_1507566556_255882157_306484190': 0, '32564122': 1, 'gneJ260': 3, 'gneJ210': 1}, 
60740.0, {'cluster_1757124350_1757124352': -0.29464287, 'gneJ143': -0.02232143, 'gneJ207': -0.8526786, 'cluster_306484187_cluster_1200363791_1200363826_1200363834_1200363898_1200363927_1200363938_1200363947_1200364074_1200364103_1507566554_1507566556_255882157_306484190': 0.0, '32564122': 0.0, 'gneJ260': -0.22321428, 'gneJ210': 0.0}, {'cluster_1757124350_1757124352': 2, 'gneJ143': 1, 'gneJ207': 7, 'cluster_306484187_cluster_1200363791_1200363826_1200363834_1200363898_1200363927_1200363938_1200363947_1200364074_1200364103_1507566554_1507566556_255882157_306484190': 0, '32564122': 0, 'gneJ260': 1, 'gneJ210': 0}, {'cluster_1757124350_1757124352': 2, 'gneJ143': 1, 'gneJ207': 10, 'cluster_306484187_cluster_1200363791_1200363826_1200363834_1200363898_1200363927_1200363938_1200363947_1200364074_1200364103_1507566554_1507566556_255882157_306484190': 0, '32564122': 0, 'gneJ260': 3, 'gneJ210': 0}, 
60750.0, {'cluster_1757124350_1757124352': 0.0, 'gneJ143': 0.0, 'gneJ207': -0.4955357, 'cluster_306484187_cluster_1200363791_1200363826_1200363834_1200363898_1200363927_1200363938_1200363947_1200364074_1200364103_1507566554_1507566556_255882157_306484190': 0.0, '32564122': 0.0, 'gneJ260': -0.26339287, 'gneJ210': 0.0}, {'cluster_1757124350_1757124352': 0, 'gneJ143': 0, 'gneJ207': 4, 'cluster_306484187_cluster_1200363791_1200363826_1200363834_1200363898_1200363927_1200363938_1200363947_1200364074_1200364103_1507566554_1507566556_255882157_306484190': 0, '32564122': 0, 'gneJ260': 2, 'gneJ210': 0}, {'cluster_1757124350_1757124352': 0, 'gneJ143': 0, 'gneJ207': 6, 'cluster_306484187_cluster_1200363791_1200363826_1200363834_1200363898_1200363927_1200363938_1200363947_1200364074_1200364103_1507566554_1507566556_255882157_306484190': 0, '32564122': 0, 'gneJ260': 3, 'gneJ210': 0}, 
60760.0, {'cluster_1757124350_1757124352': -0.03125, 'gneJ143': -0.017857144, 'gneJ207': -0.4107143, 'cluster_306484187_cluster_1200363791_1200363826_1200363834_1200363898_1200363927_1200363938_1200363947_1200364074_1200364103_1507566554_1507566556_255882157_306484190': -0.035714287, '32564122': 0.0, 'gneJ260': -0.39732143, 'gneJ210': 0.0}, {'cluster_1757124350_1757124352': 1, 'gneJ143': 1, 'gneJ207': 3, 'cluster_306484187_cluster_1200363791_1200363826_1200363834_1200363898_1200363927_1200363938_1200363947_1200364074_1200364103_1507566554_1507566556_255882157_306484190': 1, '32564122': 0, 'gneJ260': 2, 'gneJ210': 0}, {'cluster_1757124350_1757124352': 1, 'gneJ143': 1, 'gneJ207': 4, 'cluster_306484187_cluster_1200363791_1200363826_1200363834_1200363898_1200363927_1200363938_1200363947_1200364074_1200364103_1507566554_1507566556_255882157_306484190': 1, '32564122': 0, 'gneJ260': 3, 'gneJ210': 0}, 
60770.0, {'cluster_1757124350_1757124352': 0.0, 'gneJ143': 0.0, 'gneJ207': -0.04910714, 'cluster_306484187_cluster_1200363791_1200363826_1200363834_1200363898_1200363927_1200363938_1200363947_1200364074_1200364103_1507566554_1507566556_255882157_306484190': 0.0, '32564122': -0.017857144, 'gneJ260': -0.013392857, 'gneJ210': 0.0}, {'cluster_1757124350_1757124352': 0, 'gneJ143': 0, 'gneJ207': 1, 'cluster_306484187_cluster_1200363791_1200363826_1200363834_1200363898_1200363927_1200363938_1200363947_1200364074_1200364103_1507566554_1507566556_255882157_306484190': 0, '32564122': 1, 'gneJ260': 1, 'gneJ210': 0}, {'cluster_1757124350_1757124352': 0, 'gneJ143': 0, 'gneJ207': 2, 'cluster_306484187_cluster_1200363791_1200363826_1200363834_1200363898_1200363927_1200363938_1200363947_1200364074_1200364103_1507566554_1507566556_255882157_306484190': 0, '32564122': 1, 'gneJ260': 1, 'gneJ210': 0}, 
60780.0, {'cluster_1757124350_1757124352': 0.0, 'gneJ143': -0.008928572, 'gneJ207': -0.07589286, 'cluster_306484187_cluster_1200363791_1200363826_1200363834_1200363898_1200363927_1200363938_1200363947_1200364074_1200364103_1507566554_1507566556_255882157_306484190': 0.0, '32564122': 0.0, 'gneJ260': -0.12053572, 'gneJ210': 0.0}, {'cluster_1757124350_1757124352': 0, 'gneJ143': 1, 'gneJ207': 3, 'cluster_306484187_cluster_1200363791_1200363826_1200363834_1200363898_1200363927_1200363938_1200363947_1200364074_1200364103_1507566554_1507566556_255882157_306484190': 0, '32564122': 0, 'gneJ260': 3, 'gneJ210': 0}, {'cluster_1757124350_1757124352': 0, 'gneJ143': 1, 'gneJ207': 4, 'cluster_306484187_cluster_1200363791_1200363826_1200363834_1200363898_1200363927_1200363938_1200363947_1200364074_1200364103_1507566554_1507566556_255882157_306484190': 0, '32564122': 0, 'gneJ260': 3, 'gneJ210': 0}, 
60790.0, {'cluster_1757124350_1757124352': 0.0, 'gneJ143': -0.071428575, 'gneJ207': -0.375, 'cluster_306484187_cluster_1200363791_1200363826_1200363834_1200363898_1200363927_1200363938_1200363947_1200364074_1200364103_1507566554_1507566556_255882157_306484190': 0.0, '32564122': -0.017857144, 'gneJ260': -0.26785713, 'gneJ210': 0.0}, {'cluster_1757124350_1757124352': 0, 'gneJ143': 2, 'gneJ207': 3, 'cluster_306484187_cluster_1200363791_1200363826_1200363834_1200363898_1200363927_1200363938_1200363947_1200364074_1200364103_1507566554_1507566556_255882157_306484190': 0, '32564122': 1, 'gneJ260': 4, 'gneJ210': 0}, {'cluster_1757124350_1757124352': 0, 'gneJ143': 5, 'gneJ207': 8, 'cluster_306484187_cluster_1200363791_1200363826_1200363834_1200363898_1200363927_1200363938_1200363947_1200364074_1200364103_1507566554_1507566556_255882157_306484190': 0, '32564122': 2, 'gneJ260': 4, 'gneJ210': 0}, 
60800.0, {'cluster_1757124350_1757124352': 0.0, 'gneJ143': 0.0, 'gneJ207': 0.0, 'cluster_306484187_cluster_1200363791_1200363826_1200363834_1200363898_1200363927_1200363938_1200363947_1200364074_1200364103_1507566554_1507566556_255882157_306484190': -0.02232143, '32564122': -0.026785715, 'gneJ260': -0.44642857, 'gneJ210': 0.0}, {'cluster_1757124350_1757124352': 0, 'gneJ143': 0, 'gneJ207': 0, 'cluster_306484187_cluster_1200363791_1200363826_1200363834_1200363898_1200363927_1200363938_1200363947_1200364074_1200364103_1507566554_1507566556_255882157_306484190': 2, '32564122': 1, 'gneJ260': 4, 'gneJ210': 0}, {'cluster_1757124350_1757124352': 0, 'gneJ143': 0, 'gneJ207': 0, 'cluster_306484187_cluster_1200363791_1200363826_1200363834_1200363898_1200363927_1200363938_1200363947_1200364074_1200364103_1507566554_1507566556_255882157_306484190': 2, '32564122': 1, 'gneJ260': 4, 'gneJ210': 0}, 
60810.0, {'cluster_1757124350_1757124352': -0.008928572, 'gneJ143': 0.0, 'gneJ207': -0.0625, 'cluster_306484187_cluster_1200363791_1200363826_1200363834_1200363898_1200363927_1200363938_1200363947_1200364074_1200364103_1507566554_1507566556_255882157_306484190': -0.05357143, '32564122': -0.02232143, 'gneJ260': -0.102678575, 'gneJ210': 0.0}, {'cluster_1757124350_1757124352': 1, 'gneJ143': 0, 'gneJ207': 3, 'cluster_306484187_cluster_1200363791_1200363826_1200363834_1200363898_1200363927_1200363938_1200363947_1200364074_1200364103_1507566554_1507566556_255882157_306484190': 1, '32564122': 1, 'gneJ260': 1, 'gneJ210': 0}, {'cluster_1757124350_1757124352': 1, 'gneJ143': 0, 'gneJ207': 3, 'cluster_306484187_cluster_1200363791_1200363826_1200363834_1200363898_1200363927_1200363938_1200363947_1200364074_1200364103_1507566554_1507566556_255882157_306484190': 2, '32564122': 2, 'gneJ260': 1, 'gneJ210': 0}, 
60820.0, {'cluster_1757124350_1757124352': -0.09375, 'gneJ143': -0.0625, 'gneJ207': -0.22321428, 'cluster_306484187_cluster_1200363791_1200363826_1200363834_1200363898_1200363927_1200363938_1200363947_1200364074_1200364103_1507566554_1507566556_255882157_306484190': -0.004464286, '32564122': 0.0, 'gneJ260': -0.20535715, 'gneJ210': 0.0}, {'cluster_1757124350_1757124352': 2, 'gneJ143': 2, 'gneJ207': 5, 'cluster_306484187_cluster_1200363791_1200363826_1200363834_1200363898_1200363927_1200363938_1200363947_1200364074_1200364103_1507566554_1507566556_255882157_306484190': 1, '32564122': 0, 'gneJ260': 4, 'gneJ210': 0}, {'cluster_1757124350_1757124352': 3, 'gneJ143': 4, 'gneJ207': 5, 'cluster_306484187_cluster_1200363791_1200363826_1200363834_1200363898_1200363927_1200363938_1200363947_1200364074_1200364103_1507566554_1507566556_255882157_306484190': 1, '32564122': 0, 'gneJ260': 5, 'gneJ210': 0}, 
60830.0, {'cluster_1757124350_1757124352': -0.22767857, 'gneJ143': 0.0, 'gneJ207': -0.59375, 'cluster_306484187_cluster_1200363791_1200363826_1200363834_1200363898_1200363927_1200363938_1200363947_1200364074_1200364103_1507566554_1507566556_255882157_306484190': -0.071428575, '32564122': -0.008928572, 'gneJ260': -0.16964285, 'gneJ210': -0.03125}, {'cluster_1757124350_1757124352': 2, 'gneJ143': 0, 'gneJ207': 5, 'cluster_306484187_cluster_1200363791_1200363826_1200363834_1200363898_1200363927_1200363938_1200363947_1200364074_1200364103_1507566554_1507566556_255882157_306484190': 2, '32564122': 1, 'gneJ260': 3, 'gneJ210': 1}, {'cluster_1757124350_1757124352': 3, 'gneJ143': 0, 'gneJ207': 12, 'cluster_306484187_cluster_1200363791_1200363826_1200363834_1200363898_1200363927_1200363938_1200363947_1200364074_1200364103_1507566554_1507566556_255882157_306484190': 5, '32564122': 1, 'gneJ260': 3, 'gneJ210': 1}, 
60840.0, {'cluster_1757124350_1757124352': -0.375, 'gneJ143': 0.0, 'gneJ207': -1.1607143, 'cluster_306484187_cluster_1200363791_1200363826_1200363834_1200363898_1200363927_1200363938_1200363947_1200364074_1200364103_1507566554_1507566556_255882157_306484190': -0.07589286, '32564122': 0.0, 'gneJ260': 0.0, 'gneJ210': 0.0}, {'cluster_1757124350_1757124352': 2, 'gneJ143': 0, 'gneJ207': 5, 'cluster_306484187_cluster_1200363791_1200363826_1200363834_1200363898_1200363927_1200363938_1200363947_1200364074_1200364103_1507566554_1507566556_255882157_306484190': 1, '32564122': 0, 'gneJ260': 0, 'gneJ210': 0}, {'cluster_1757124350_1757124352': 4, 'gneJ143': 0, 'gneJ207': 13, 'cluster_306484187_cluster_1200363791_1200363826_1200363834_1200363898_1200363927_1200363938_1200363947_1200364074_1200364103_1507566554_1507566556_255882157_306484190': 3, '32564122': 0, 'gneJ260': 0, 'gneJ210': 0}, 
60850.0, {'cluster_1757124350_1757124352': -0.5535714, 'gneJ143': -0.03125, 'gneJ207': -0.5223214, 'cluster_306484187_cluster_1200363791_1200363826_1200363834_1200363898_1200363927_1200363938_1200363947_1200364074_1200364103_1507566554_1507566556_255882157_306484190': -0.071428575, '32564122': 0.0, 'gneJ260': -0.084821425, 'gneJ210': 0.0}, {'cluster_1757124350_1757124352': 2, 'gneJ143': 1, 'gneJ207': 4, 'cluster_306484187_cluster_1200363791_1200363826_1200363834_1200363898_1200363927_1200363938_1200363947_1200364074_1200364103_1507566554_1507566556_255882157_306484190': 1, '32564122': 0, 'gneJ260': 1, 'gneJ210': 0}, {'cluster_1757124350_1757124352': 4, 'gneJ143': 1, 'gneJ207': 7, 'cluster_306484187_cluster_1200363791_1200363826_1200363834_1200363898_1200363927_1200363938_1200363947_1200364074_1200364103_1507566554_1507566556_255882157_306484190': 1, '32564122': 0, 'gneJ260': 2, 'gneJ210': 0}, 
60860.0, {'cluster_1757124350_1757124352': -0.73214287, 'gneJ143': -0.08035714, 'gneJ207': -0.22321428, 'cluster_306484187_cluster_1200363791_1200363826_1200363834_1200363898_1200363927_1200363938_1200363947_1200364074_1200364103_1507566554_1507566556_255882157_306484190': -0.12053572, '32564122': 0.0, 'gneJ260': -0.013392857, 'gneJ210': -0.02232143}, {'cluster_1757124350_1757124352': 2, 'gneJ143': 1, 'gneJ207': 1, 'cluster_306484187_cluster_1200363791_1200363826_1200363834_1200363898_1200363927_1200363938_1200363947_1200364074_1200364103_1507566554_1507566556_255882157_306484190': 1, '32564122': 0, 'gneJ260': 1, 'gneJ210': 1}, {'cluster_1757124350_1757124352': 4, 'gneJ143': 2, 'gneJ207': 3, 'cluster_306484187_cluster_1200363791_1200363826_1200363834_1200363898_1200363927_1200363938_1200363947_1200364074_1200364103_1507566554_1507566556_255882157_306484190': 2, '32564122': 0, 'gneJ260': 1, 'gneJ210': 1}, 
60870.0, {'cluster_1757124350_1757124352': -0.91071427, 'gneJ143': -0.26339287, 'gneJ207': -0.21875, 'cluster_306484187_cluster_1200363791_1200363826_1200363834_1200363898_1200363927_1200363938_1200363947_1200364074_1200364103_1507566554_1507566556_255882157_306484190': -0.2857143, '32564122': -0.004464286, 'gneJ260': 0.0, 'gneJ210': -0.071428575}, {'cluster_1757124350_1757124352': 2, 'gneJ143': 3, 'gneJ207': 2, 'cluster_306484187_cluster_1200363791_1200363826_1200363834_1200363898_1200363927_1200363938_1200363947_1200364074_1200364103_1507566554_1507566556_255882157_306484190': 3, '32564122': 1, 'gneJ260': 0, 'gneJ210': 1}, {'cluster_1757124350_1757124352': 4, 'gneJ143': 6, 'gneJ207': 4, 'cluster_306484187_cluster_1200363791_1200363826_1200363834_1200363898_1200363927_1200363938_1200363947_1200364074_1200364103_1507566554_1507566556_255882157_306484190': 6, '32564122': 1, 'gneJ260': 0, 'gneJ210': 2}, 
60880.0, {'cluster_1757124350_1757124352': 0.0, 'gneJ143': 0.0, 'gneJ207': -0.12946428, 'cluster_306484187_cluster_1200363791_1200363826_1200363834_1200363898_1200363927_1200363938_1200363947_1200364074_1200364103_1507566554_1507566556_255882157_306484190': -0.25892857, '32564122': -0.004464286, 'gneJ260': 0.0, 'gneJ210': -0.16071428}, {'cluster_1757124350_1757124352': 0, 'gneJ143': 0, 'gneJ207': 2, 'cluster_306484187_cluster_1200363791_1200363826_1200363834_1200363898_1200363927_1200363938_1200363947_1200364074_1200364103_1507566554_1507566556_255882157_306484190': 1, '32564122': 1, 'gneJ260': 0, 'gneJ210': 1}, {'cluster_1757124350_1757124352': 0, 'gneJ143': 0, 'gneJ207': 3, 'cluster_306484187_cluster_1200363791_1200363826_1200363834_1200363898_1200363927_1200363938_1200363947_1200364074_1200364103_1507566554_1507566556_255882157_306484190': 2, '32564122': 1, 'gneJ260': 0, 'gneJ210': 2}, 
60890.0, {'cluster_1757124350_1757124352': -0.013392857, 'gneJ143': -0.084821425, 'gneJ207': -0.004464286, 'cluster_306484187_cluster_1200363791_1200363826_1200363834_1200363898_1200363927_1200363938_1200363947_1200364074_1200364103_1507566554_1507566556_255882157_306484190': -0.45982143, '32564122': 0.0, 'gneJ260': 0.0, 'gneJ210': 0.0}, {'cluster_1757124350_1757124352': 1, 'gneJ143': 1, 'gneJ207': 1, 'cluster_306484187_cluster_1200363791_1200363826_1200363834_1200363898_1200363927_1200363938_1200363947_1200364074_1200364103_1507566554_1507566556_255882157_306484190': 3, '32564122': 0, 'gneJ260': 0, 'gneJ210': 0}, {'cluster_1757124350_1757124352': 1, 'gneJ143': 4, 'gneJ207': 1, 'cluster_306484187_cluster_1200363791_1200363826_1200363834_1200363898_1200363927_1200363938_1200363947_1200364074_1200364103_1507566554_1507566556_255882157_306484190': 7, '32564122': 0, 'gneJ260': 0, 'gneJ210': 0}, 
60900.0, {'cluster_1757124350_1757124352': 0.0, 'gneJ143': 0.0, 'gneJ207': -0.05357143, 'cluster_306484187_cluster_1200363791_1200363826_1200363834_1200363898_1200363927_1200363938_1200363947_1200364074_1200364103_1507566554_1507566556_255882157_306484190': -0.29464287, '32564122': 0.0, 'gneJ260': -0.02232143, 'gneJ210': -0.004464286}, {'cluster_1757124350_1757124352': 0, 'gneJ143': 0, 'gneJ207': 2, 'cluster_306484187_cluster_1200363791_1200363826_1200363834_1200363898_1200363927_1200363938_1200363947_1200364074_1200364103_1507566554_1507566556_255882157_306484190': 1, '32564122': 0, 'gneJ260': 1, 'gneJ210': 1}, {'cluster_1757124350_1757124352': 0, 'gneJ143': 0, 'gneJ207': 2, 'cluster_306484187_cluster_1200363791_1200363826_1200363834_1200363898_1200363927_1200363938_1200363947_1200364074_1200364103_1507566554_1507566556_255882157_306484190': 1, '32564122': 0, 'gneJ260': 1, 'gneJ210': 1}, 
60910.0, {'cluster_1757124350_1757124352': -0.035714287, 'gneJ143': -0.026785715, 'gneJ207': -0.15178572, 'cluster_306484187_cluster_1200363791_1200363826_1200363834_1200363898_1200363927_1200363938_1200363947_1200364074_1200364103_1507566554_1507566556_255882157_306484190': 0.0, '32564122': 0.0, 'gneJ260': -0.035714287, 'gneJ210': 0.0}, {'cluster_1757124350_1757124352': 2, 'gneJ143': 1, 'gneJ207': 3, 'cluster_306484187_cluster_1200363791_1200363826_1200363834_1200363898_1200363927_1200363938_1200363947_1200364074_1200364103_1507566554_1507566556_255882157_306484190': 0, '32564122': 0, 'gneJ260': 1, 'gneJ210': 0}, {'cluster_1757124350_1757124352': 3, 'gneJ143': 2, 'gneJ207': 3, 'cluster_306484187_cluster_1200363791_1200363826_1200363834_1200363898_1200363927_1200363938_1200363947_1200364074_1200364103_1507566554_1507566556_255882157_306484190': 0, '32564122': 0, 'gneJ260': 1, 'gneJ210': 0}, 
60920.0, {'cluster_1757124350_1757124352': 0.0, 'gneJ143': -0.1875, 'gneJ207': -0.54910713, 'cluster_306484187_cluster_1200363791_1200363826_1200363834_1200363898_1200363927_1200363938_1200363947_1200364074_1200364103_1507566554_1507566556_255882157_306484190': -0.05357143, '32564122': 0.0, 'gneJ260': -0.10714286, 'gneJ210': 0.0}, {'cluster_1757124350_1757124352': 0, 'gneJ143': 2, 'gneJ207': 6, 'cluster_306484187_cluster_1200363791_1200363826_1200363834_1200363898_1200363927_1200363938_1200363947_1200364074_1200364103_1507566554_1507566556_255882157_306484190': 2, '32564122': 0, 'gneJ260': 1, 'gneJ210': 0}, {'cluster_1757124350_1757124352': 0, 'gneJ143': 4, 'gneJ207': 12, 'cluster_306484187_cluster_1200363791_1200363826_1200363834_1200363898_1200363927_1200363938_1200363947_1200364074_1200364103_1507566554_1507566556_255882157_306484190': 2, '32564122': 0, 'gneJ260': 3, 'gneJ210': 0}, 
60930.0, {'cluster_1757124350_1757124352': 0.0, 'gneJ143': 0.0, 'gneJ207': -0.35714287, 'cluster_306484187_cluster_1200363791_1200363826_1200363834_1200363898_1200363927_1200363938_1200363947_1200364074_1200364103_1507566554_1507566556_255882157_306484190': -0.05357143, '32564122': 0.0, 'gneJ260': -0.1875, 'gneJ210': 0.0}, {'cluster_1757124350_1757124352': 0, 'gneJ143': 0, 'gneJ207': 3, 'cluster_306484187_cluster_1200363791_1200363826_1200363834_1200363898_1200363927_1200363938_1200363947_1200364074_1200364103_1507566554_1507566556_255882157_306484190': 1, '32564122': 0, 'gneJ260': 1, 'gneJ210': 0}, {'cluster_1757124350_1757124352': 0, 'gneJ143': 0, 'gneJ207': 5, 'cluster_306484187_cluster_1200363791_1200363826_1200363834_1200363898_1200363927_1200363938_1200363947_1200364074_1200364103_1507566554_1507566556_255882157_306484190': 1, '32564122': 0, 'gneJ260': 2, 'gneJ210': 0}, 
60940.0, {'cluster_1757124350_1757124352': -0.013392857, 'gneJ143': 0.0, 'gneJ207': 0.0, 'cluster_306484187_cluster_1200363791_1200363826_1200363834_1200363898_1200363927_1200363938_1200363947_1200364074_1200364103_1507566554_1507566556_255882157_306484190': -0.04017857, '32564122': 0.0, 'gneJ260': -0.2767857, 'gneJ210': -0.004464286}, {'cluster_1757124350_1757124352': 1, 'gneJ143': 0, 'gneJ207': 0, 'cluster_306484187_cluster_1200363791_1200363826_1200363834_1200363898_1200363927_1200363938_1200363947_1200364074_1200364103_1507566554_1507566556_255882157_306484190': 2, '32564122': 0, 'gneJ260': 1, 'gneJ210': 1}, {'cluster_1757124350_1757124352': 1, 'gneJ143': 0, 'gneJ207': 0, 'cluster_306484187_cluster_1200363791_1200363826_1200363834_1200363898_1200363927_1200363938_1200363947_1200364074_1200364103_1507566554_1507566556_255882157_306484190': 3, '32564122': 0, 'gneJ260': 2, 'gneJ210': 1}, 
60950.0, {'cluster_1757124350_1757124352': 0.0, 'gneJ143': -0.04464286, 'gneJ207': 0.0, 'cluster_306484187_cluster_1200363791_1200363826_1200363834_1200363898_1200363927_1200363938_1200363947_1200364074_1200364103_1507566554_1507566556_255882157_306484190': 0.0, '32564122': 0.0, 'gneJ260': -0.026785715, 'gneJ210': -0.04910714}, {'cluster_1757124350_1757124352': 0, 'gneJ143': 2, 'gneJ207': 0, 'cluster_306484187_cluster_1200363791_1200363826_1200363834_1200363898_1200363927_1200363938_1200363947_1200364074_1200364103_1507566554_1507566556_255882157_306484190': 0, '32564122': 0, 'gneJ260': 1, 'gneJ210': 1}, {'cluster_1757124350_1757124352': 0, 'gneJ143': 3, 'gneJ207': 0, 'cluster_306484187_cluster_1200363791_1200363826_1200363834_1200363898_1200363927_1200363938_1200363947_1200364074_1200364103_1507566554_1507566556_255882157_306484190': 0, '32564122': 0, 'gneJ260': 1, 'gneJ210': 1}, 
60960.0, {'cluster_1757124350_1757124352': 0.0, 'gneJ143': 0.0, 'gneJ207': 0.0, 'cluster_306484187_cluster_1200363791_1200363826_1200363834_1200363898_1200363927_1200363938_1200363947_1200364074_1200364103_1507566554_1507566556_255882157_306484190': -0.03125, '32564122': 0.0, 'gneJ260': -0.071428575, 'gneJ210': -0.09375}, {'cluster_1757124350_1757124352': 0, 'gneJ143': 0, 'gneJ207': 0, 'cluster_306484187_cluster_1200363791_1200363826_1200363834_1200363898_1200363927_1200363938_1200363947_1200364074_1200364103_1507566554_1507566556_255882157_306484190': 1, '32564122': 0, 'gneJ260': 1, 'gneJ210': 1}, {'cluster_1757124350_1757124352': 0, 'gneJ143': 0, 'gneJ207': 0, 'cluster_306484187_cluster_1200363791_1200363826_1200363834_1200363898_1200363927_1200363938_1200363947_1200364074_1200364103_1507566554_1507566556_255882157_306484190': 1, '32564122': 0, 'gneJ260': 1, 'gneJ210': 1}, 
60970.0, {'cluster_1757124350_1757124352': 0.0, 'gneJ143': -0.04464286, 'gneJ207': -0.004464286, 'cluster_306484187_cluster_1200363791_1200363826_1200363834_1200363898_1200363927_1200363938_1200363947_1200364074_1200364103_1507566554_1507566556_255882157_306484190': -0.11160714, '32564122': -0.026785715, 'gneJ260': -0.008928572, 'gneJ210': -0.13839285}, {'cluster_1757124350_1757124352': 0, 'gneJ143': 2, 'gneJ207': 1, 'cluster_306484187_cluster_1200363791_1200363826_1200363834_1200363898_1200363927_1200363938_1200363947_1200364074_1200364103_1507566554_1507566556_255882157_306484190': 1, '32564122': 1, 'gneJ260': 1, 'gneJ210': 1}, {'cluster_1757124350_1757124352': 0, 'gneJ143': 3, 'gneJ207': 1, 'cluster_306484187_cluster_1200363791_1200363826_1200363834_1200363898_1200363927_1200363938_1200363947_1200364074_1200364103_1507566554_1507566556_255882157_306484190': 3, '32564122': 1, 'gneJ260': 1, 'gneJ210': 1}, 
60980.0, {'cluster_1757124350_1757124352': 0.0, 'gneJ143': 0.0, 'gneJ207': -0.16071428, 'cluster_306484187_cluster_1200363791_1200363826_1200363834_1200363898_1200363927_1200363938_1200363947_1200364074_1200364103_1507566554_1507566556_255882157_306484190': -0.071428575, '32564122': -0.071428575, 'gneJ260': 0.0, 'gneJ210': 0.0}, {'cluster_1757124350_1757124352': 0, 'gneJ143': 0, 'gneJ207': 3, 'cluster_306484187_cluster_1200363791_1200363826_1200363834_1200363898_1200363927_1200363938_1200363947_1200364074_1200364103_1507566554_1507566556_255882157_306484190': 1, '32564122': 1, 'gneJ260': 0, 'gneJ210': 0}, {'cluster_1757124350_1757124352': 0, 'gneJ143': 0, 'gneJ207': 7, 'cluster_306484187_cluster_1200363791_1200363826_1200363834_1200363898_1200363927_1200363938_1200363947_1200364074_1200364103_1507566554_1507566556_255882157_306484190': 1, '32564122': 1, 'gneJ260': 0, 'gneJ210': 0}, 
60990.0, {'cluster_1757124350_1757124352': -0.008928572, 'gneJ143': -0.03125, 'gneJ207': -0.05357143, 'cluster_306484187_cluster_1200363791_1200363826_1200363834_1200363898_1200363927_1200363938_1200363947_1200364074_1200364103_1507566554_1507566556_255882157_306484190': -0.15178572, '32564122': -0.06696428, 'gneJ260': 0.0, 'gneJ210': 0.0}, {'cluster_1757124350_1757124352': 1, 'gneJ143': 1, 'gneJ207': 1, 'cluster_306484187_cluster_1200363791_1200363826_1200363834_1200363898_1200363927_1200363938_1200363947_1200364074_1200364103_1507566554_1507566556_255882157_306484190': 1, '32564122': 2, 'gneJ260': 0, 'gneJ210': 0}, {'cluster_1757124350_1757124352': 1, 'gneJ143': 1, 'gneJ207': 1, 'cluster_306484187_cluster_1200363791_1200363826_1200363834_1200363898_1200363927_1200363938_1200363947_1200364074_1200364103_1507566554_1507566556_255882157_306484190': 2, '32564122': 3, 'gneJ260': 0, 'gneJ210': 0}, 
61000.0, {'cluster_1757124350_1757124352': -0.05357143, 'gneJ143': -0.20535715, 'gneJ207': -0.03125, 'cluster_306484187_cluster_1200363791_1200363826_1200363834_1200363898_1200363927_1200363938_1200363947_1200364074_1200364103_1507566554_1507566556_255882157_306484190': 0.0, '32564122': 0.0, 'gneJ260': 0.0, 'gneJ210': 0.0}, {'cluster_1757124350_1757124352': 1, 'gneJ143': 2, 'gneJ207': 1, 'cluster_306484187_cluster_1200363791_1200363826_1200363834_1200363898_1200363927_1200363938_1200363947_1200364074_1200364103_1507566554_1507566556_255882157_306484190': 0, '32564122': 0, 'gneJ260': 0, 'gneJ210': 0}, {'cluster_1757124350_1757124352': 1, 'gneJ143': 6, 'gneJ207': 1, 'cluster_306484187_cluster_1200363791_1200363826_1200363834_1200363898_1200363927_1200363938_1200363947_1200364074_1200364103_1507566554_1507566556_255882157_306484190': 0, '32564122': 0, 'gneJ260': 0, 'gneJ210': 0}, 
61010.0, {'cluster_1757124350_1757124352': 0.0, 'gneJ143': -0.5848214, 'gneJ207': 0.0, 'cluster_306484187_cluster_1200363791_1200363826_1200363834_1200363898_1200363927_1200363938_1200363947_1200364074_1200364103_1507566554_1507566556_255882157_306484190': -0.017857144, '32564122': -0.04910714, 'gneJ260': 0.0, 'gneJ210': -0.02232143}, {'cluster_1757124350_1757124352': 0, 'gneJ143': 4, 'gneJ207': 0, 'cluster_306484187_cluster_1200363791_1200363826_1200363834_1200363898_1200363927_1200363938_1200363947_1200364074_1200364103_1507566554_1507566556_255882157_306484190': 1, '32564122': 1, 'gneJ260': 0, 'gneJ210': 2}, {'cluster_1757124350_1757124352': 0, 'gneJ143': 10, 'gneJ207': 0, 'cluster_306484187_cluster_1200363791_1200363826_1200363834_1200363898_1200363927_1200363938_1200363947_1200364074_1200364103_1507566554_1507566556_255882157_306484190': 1, '32564122': 3, 'gneJ260': 0, 'gneJ210': 2}, 
61020.0, {'cluster_1757124350_1757124352': 0.0, 'gneJ143': -1.03125, 'gneJ207': -0.004464286, 'cluster_306484187_cluster_1200363791_1200363826_1200363834_1200363898_1200363927_1200363938_1200363947_1200364074_1200364103_1507566554_1507566556_255882157_306484190': 0.0, '32564122': 0.0, 'gneJ260': -0.02232143, 'gneJ210': -0.19642857}, {'cluster_1757124350_1757124352': 0, 'gneJ143': 4, 'gneJ207': 1, 'cluster_306484187_cluster_1200363791_1200363826_1200363834_1200363898_1200363927_1200363938_1200363947_1200364074_1200364103_1507566554_1507566556_255882157_306484190': 0, '32564122': 0, 'gneJ260': 1, 'gneJ210': 4}, {'cluster_1757124350_1757124352': 0, 'gneJ143': 10, 'gneJ207': 1, 'cluster_306484187_cluster_1200363791_1200363826_1200363834_1200363898_1200363927_1200363938_1200363947_1200364074_1200364103_1507566554_1507566556_255882157_306484190': 0, '32564122': 0, 'gneJ260': 1, 'gneJ210': 6}, 
61030.0, {'cluster_1757124350_1757124352': 0.0, 'gneJ143': -0.24553572, 'gneJ207': -0.071428575, 'cluster_306484187_cluster_1200363791_1200363826_1200363834_1200363898_1200363927_1200363938_1200363947_1200364074_1200364103_1507566554_1507566556_255882157_306484190': 0.0, '32564122': 0.0, 'gneJ260': 0.0, 'gneJ210': 0.0}, {'cluster_1757124350_1757124352': 0, 'gneJ143': 2, 'gneJ207': 1, 'cluster_306484187_cluster_1200363791_1200363826_1200363834_1200363898_1200363927_1200363938_1200363947_1200364074_1200364103_1507566554_1507566556_255882157_306484190': 0, '32564122': 0, 'gneJ260': 0, 'gneJ210': 0}, {'cluster_1757124350_1757124352': 0, 'gneJ143': 2, 'gneJ207': 2, 'cluster_306484187_cluster_1200363791_1200363826_1200363834_1200363898_1200363927_1200363938_1200363947_1200364074_1200364103_1507566554_1507566556_255882157_306484190': 0, '32564122': 0, 'gneJ260': 0, 'gneJ210': 0}, 
61040.0, {'cluster_1757124350_1757124352': -0.017857144, 'gneJ143': 0.0, 'gneJ207': -0.15178572, 'cluster_306484187_cluster_1200363791_1200363826_1200363834_1200363898_1200363927_1200363938_1200363947_1200364074_1200364103_1507566554_1507566556_255882157_306484190': 0.0, '32564122': 0.0, 'gneJ260': 0.0, 'gneJ210': 0.0}, {'cluster_1757124350_1757124352': 1, 'gneJ143': 0, 'gneJ207': 3, 'cluster_306484187_cluster_1200363791_1200363826_1200363834_1200363898_1200363927_1200363938_1200363947_1200364074_1200364103_1507566554_1507566556_255882157_306484190': 0, '32564122': 0, 'gneJ260': 0, 'gneJ210': 0}, {'cluster_1757124350_1757124352': 2, 'gneJ143': 0, 'gneJ207': 3, 'cluster_306484187_cluster_1200363791_1200363826_1200363834_1200363898_1200363927_1200363938_1200363947_1200364074_1200364103_1507566554_1507566556_255882157_306484190': 0, '32564122': 0, 'gneJ260': 0, 'gneJ210': 0}, 
61050.0, {'cluster_1757124350_1757124352': -0.2544643, 'gneJ143': 0.0, 'gneJ207': 0.0, 'cluster_306484187_cluster_1200363791_1200363826_1200363834_1200363898_1200363927_1200363938_1200363947_1200364074_1200364103_1507566554_1507566556_255882157_306484190': 0.0, '32564122': -0.004464286, 'gneJ260': -0.12053572, 'gneJ210': 0.0}, {'cluster_1757124350_1757124352': 3, 'gneJ143': 0, 'gneJ207': 0, 'cluster_306484187_cluster_1200363791_1200363826_1200363834_1200363898_1200363927_1200363938_1200363947_1200364074_1200364103_1507566554_1507566556_255882157_306484190': 0, '32564122': 1, 'gneJ260': 2, 'gneJ210': 0}, {'cluster_1757124350_1757124352': 6, 'gneJ143': 0, 'gneJ207': 0, 'cluster_306484187_cluster_1200363791_1200363826_1200363834_1200363898_1200363927_1200363938_1200363947_1200364074_1200364103_1507566554_1507566556_255882157_306484190': 0, '32564122': 1, 'gneJ260': 4, 'gneJ210': 0}, 
61060.0, {'cluster_1757124350_1757124352': -0.5223214, 'gneJ143': 0.0, 'gneJ207': 0.0, 'cluster_306484187_cluster_1200363791_1200363826_1200363834_1200363898_1200363927_1200363938_1200363947_1200364074_1200364103_1507566554_1507566556_255882157_306484190': -0.04464286, '32564122': 0.0, 'gneJ260': -0.29910713, 'gneJ210': -0.04017857}, {'cluster_1757124350_1757124352': 3, 'gneJ143': 0, 'gneJ207': 0, 'cluster_306484187_cluster_1200363791_1200363826_1200363834_1200363898_1200363927_1200363938_1200363947_1200364074_1200364103_1507566554_1507566556_255882157_306484190': 1, '32564122': 0, 'gneJ260': 2, 'gneJ210': 1}, {'cluster_1757124350_1757124352': 6, 'gneJ143': 0, 'gneJ207': 0, 'cluster_306484187_cluster_1200363791_1200363826_1200363834_1200363898_1200363927_1200363938_1200363947_1200364074_1200364103_1507566554_1507566556_255882157_306484190': 2, '32564122': 0, 'gneJ260': 4, 'gneJ210': 2}, 
61070.0, {'cluster_1757124350_1757124352': -0.79464287, 'gneJ143': -0.071428575, 'gneJ207': 0.0, 'cluster_306484187_cluster_1200363791_1200363826_1200363834_1200363898_1200363927_1200363938_1200363947_1200364074_1200364103_1507566554_1507566556_255882157_306484190': 0.0, '32564122': 0.0, 'gneJ260': -0.47767857, 'gneJ210': -0.04017857}, {'cluster_1757124350_1757124352': 3, 'gneJ143': 1, 'gneJ207': 0, 'cluster_306484187_cluster_1200363791_1200363826_1200363834_1200363898_1200363927_1200363938_1200363947_1200364074_1200364103_1507566554_1507566556_255882157_306484190': 0, '32564122': 0, 'gneJ260': 2, 'gneJ210': 1}, {'cluster_1757124350_1757124352': 7, 'gneJ143': 3, 'gneJ207': 0, 'cluster_306484187_cluster_1200363791_1200363826_1200363834_1200363898_1200363927_1200363938_1200363947_1200364074_1200364103_1507566554_1507566556_255882157_306484190': 0, '32564122': 0, 'gneJ260': 4, 'gneJ210': 2}, 
61080.0, {'cluster_1757124350_1757124352': 0.0, 'gneJ143': -0.15625, 'gneJ207': 0.0, 'cluster_306484187_cluster_1200363791_1200363826_1200363834_1200363898_1200363927_1200363938_1200363947_1200364074_1200364103_1507566554_1507566556_255882157_306484190': 0.0, '32564122': -0.026785715, 'gneJ260': -0.65625, 'gneJ210': -0.026785715}, {'cluster_1757124350_1757124352': 0, 'gneJ143': 2, 'gneJ207': 0, 'cluster_306484187_cluster_1200363791_1200363826_1200363834_1200363898_1200363927_1200363938_1200363947_1200364074_1200364103_1507566554_1507566556_255882157_306484190': 0, '32564122': 1, 'gneJ260': 2, 'gneJ210': 2}, {'cluster_1757124350_1757124352': 0, 'gneJ143': 6, 'gneJ207': 0, 'cluster_306484187_cluster_1200363791_1200363826_1200363834_1200363898_1200363927_1200363938_1200363947_1200364074_1200364103_1507566554_1507566556_255882157_306484190': 0, '32564122': 1, 'gneJ260': 4, 'gneJ210': 2}, 
61090.0, {'cluster_1757124350_1757124352': 0.0, 'gneJ143': -0.54910713, 'gneJ207': -0.071428575, 'cluster_306484187_cluster_1200363791_1200363826_1200363834_1200363898_1200363927_1200363938_1200363947_1200364074_1200364103_1507566554_1507566556_255882157_306484190': -0.017857144, '32564122': -0.071428575, 'gneJ260': -0.03125, 'gneJ210': 0.0}, {'cluster_1757124350_1757124352': 0, 'gneJ143': 4, 'gneJ207': 3, 'cluster_306484187_cluster_1200363791_1200363826_1200363834_1200363898_1200363927_1200363938_1200363947_1200364074_1200364103_1507566554_1507566556_255882157_306484190': 1, '32564122': 1, 'gneJ260': 3, 'gneJ210': 0}, {'cluster_1757124350_1757124352': 0, 'gneJ143': 14, 'gneJ207': 4, 'cluster_306484187_cluster_1200363791_1200363826_1200363834_1200363898_1200363927_1200363938_1200363947_1200364074_1200364103_1507566554_1507566556_255882157_306484190': 1, '32564122': 1, 'gneJ260': 3, 'gneJ210': 0}, 
61100.0, {'cluster_1757124350_1757124352': 0.0, 'gneJ143': -1.1919643, 'gneJ207': -0.26339287, 'cluster_306484187_cluster_1200363791_1200363826_1200363834_1200363898_1200363927_1200363938_1200363947_1200364074_1200364103_1507566554_1507566556_255882157_306484190': -0.04464286, '32564122': -0.026785715, 'gneJ260': -0.24553572, 'gneJ210': -0.008928572}, {'cluster_1757124350_1757124352': 0, 'gneJ143': 4, 'gneJ207': 3, 'cluster_306484187_cluster_1200363791_1200363826_1200363834_1200363898_1200363927_1200363938_1200363947_1200364074_1200364103_1507566554_1507566556_255882157_306484190': 1, '32564122': 1, 'gneJ260': 3, 'gneJ210': 1}, {'cluster_1757124350_1757124352': 0, 'gneJ143': 16, 'gneJ207': 6, 'cluster_306484187_cluster_1200363791_1200363826_1200363834_1200363898_1200363927_1200363938_1200363947_1200364074_1200364103_1507566554_1507566556_255882157_306484190': 1, '32564122': 2, 'gneJ260': 7, 'gneJ210': 1}, 
61110.0, {'cluster_1757124350_1757124352': 0.0, 'gneJ143': -0.40625, 'gneJ207': -0.09375, 'cluster_306484187_cluster_1200363791_1200363826_1200363834_1200363898_1200363927_1200363938_1200363947_1200364074_1200364103_1507566554_1507566556_255882157_306484190': -0.026785715, '32564122': -0.19196428, 'gneJ260': -0.2857143, 'gneJ210': 0.0}, {'cluster_1757124350_1757124352': 0, 'gneJ143': 2, 'gneJ207': 1, 'cluster_306484187_cluster_1200363791_1200363826_1200363834_1200363898_1200363927_1200363938_1200363947_1200364074_1200364103_1507566554_1507566556_255882157_306484190': 1, '32564122': 2, 'gneJ260': 4, 'gneJ210': 0}, {'cluster_1757124350_1757124352': 0, 'gneJ143': 4, 'gneJ207': 1, 'cluster_306484187_cluster_1200363791_1200363826_1200363834_1200363898_1200363927_1200363938_1200363947_1200364074_1200364103_1507566554_1507566556_255882157_306484190': 1, '32564122': 5, 'gneJ260': 4, 'gneJ210': 0}, 
61120.0, {'cluster_1757124350_1757124352': 0.0, 'gneJ143': -0.6339286, 'gneJ207': -0.19196428, 'cluster_306484187_cluster_1200363791_1200363826_1200363834_1200363898_1200363927_1200363938_1200363947_1200364074_1200364103_1507566554_1507566556_255882157_306484190': -0.071428575, '32564122': -0.5848214, 'gneJ260': -0.17410715, 'gneJ210': -0.02232143}, {'cluster_1757124350_1757124352': 0, 'gneJ143': 3, 'gneJ207': 3, 'cluster_306484187_cluster_1200363791_1200363826_1200363834_1200363898_1200363927_1200363938_1200363947_1200364074_1200364103_1507566554_1507566556_255882157_306484190': 1, '32564122': 6, 'gneJ260': 2, 'gneJ210': 1}, {'cluster_1757124350_1757124352': 0, 'gneJ143': 8, 'gneJ207': 3, 'cluster_306484187_cluster_1200363791_1200363826_1200363834_1200363898_1200363927_1200363938_1200363947_1200364074_1200364103_1507566554_1507566556_255882157_306484190': 1, '32564122': 10, 'gneJ260': 7, 'gneJ210': 1}, 
61130.0, {'cluster_1757124350_1757124352': -0.0625, 'gneJ143': -0.04910714, 'gneJ207': -0.375, 'cluster_306484187_cluster_1200363791_1200363826_1200363834_1200363898_1200363927_1200363938_1200363947_1200364074_1200364103_1507566554_1507566556_255882157_306484190': 0.0, '32564122': -1.0491072, 'gneJ260': -0.4732143, 'gneJ210': -0.06696428}, {'cluster_1757124350_1757124352': 2, 'gneJ143': 1, 'gneJ207': 7, 'cluster_306484187_cluster_1200363791_1200363826_1200363834_1200363898_1200363927_1200363938_1200363947_1200364074_1200364103_1507566554_1507566556_255882157_306484190': 0, '32564122': 8, 'gneJ260': 3, 'gneJ210': 1}, {'cluster_1757124350_1757124352': 3, 'gneJ143': 1, 'gneJ207': 7, 'cluster_306484187_cluster_1200363791_1200363826_1200363834_1200363898_1200363927_1200363938_1200363947_1200364074_1200364103_1507566554_1507566556_255882157_306484190': 0, '32564122': 12, 'gneJ260': 9, 'gneJ210': 1}, 
61140.0, {'cluster_1757124350_1757124352': 0.0, 'gneJ143': 0.0, 'gneJ207': -0.40625, 'cluster_306484187_cluster_1200363791_1200363826_1200363834_1200363898_1200363927_1200363938_1200363947_1200364074_1200364103_1507566554_1507566556_255882157_306484190': 0.0, '32564122': -1.6919643, 'gneJ260': -0.5089286, 'gneJ210': -0.013392857}, {'cluster_1757124350_1757124352': 0, 'gneJ143': 0, 'gneJ207': 8, 'cluster_306484187_cluster_1200363791_1200363826_1200363834_1200363898_1200363927_1200363938_1200363947_1200364074_1200364103_1507566554_1507566556_255882157_306484190': 0, '32564122': 11, 'gneJ260': 2, 'gneJ210': 1}, {'cluster_1757124350_1757124352': 0, 'gneJ143': 0, 'gneJ207': 8, 'cluster_306484187_cluster_1200363791_1200363826_1200363834_1200363898_1200363927_1200363938_1200363947_1200364074_1200364103_1507566554_1507566556_255882157_306484190': 0, '32564122': 16, 'gneJ260': 5, 'gneJ210': 1}, 
61150.0, {'cluster_1757124350_1757124352': 0.0, 'gneJ143': -0.03125, 'gneJ207': -0.3125, 'cluster_306484187_cluster_1200363791_1200363826_1200363834_1200363898_1200363927_1200363938_1200363947_1200364074_1200364103_1507566554_1507566556_255882157_306484190': 0.0, '32564122': -2.4151785, 'gneJ260': -0.73214287, 'gneJ210': -0.02232143}, {'cluster_1757124350_1757124352': 0, 'gneJ143': 1, 'gneJ207': 4, 'cluster_306484187_cluster_1200363791_1200363826_1200363834_1200363898_1200363927_1200363938_1200363947_1200364074_1200364103_1507566554_1507566556_255882157_306484190': 0, '32564122': 11, 'gneJ260': 2, 'gneJ210': 1}, {'cluster_1757124350_1757124352': 0, 'gneJ143': 2, 'gneJ207': 5, 'cluster_306484187_cluster_1200363791_1200363826_1200363834_1200363898_1200363927_1200363938_1200363947_1200364074_1200364103_1507566554_1507566556_255882157_306484190': 0, '32564122': 17, 'gneJ260': 5, 'gneJ210': 1}, 
61160.0, {'cluster_1757124350_1757124352': -0.035714287, 'gneJ143': 0.0, 'gneJ207': -0.20535715, 'cluster_306484187_cluster_1200363791_1200363826_1200363834_1200363898_1200363927_1200363938_1200363947_1200364074_1200364103_1507566554_1507566556_255882157_306484190': -0.09821428, '32564122': -1.2901785, 'gneJ260': -1.0, 'gneJ210': -0.008928572}, {'cluster_1757124350_1757124352': 1, 'gneJ143': 0, 'gneJ207': 2, 'cluster_306484187_cluster_1200363791_1200363826_1200363834_1200363898_1200363927_1200363938_1200363947_1200364074_1200364103_1507566554_1507566556_255882157_306484190': 2, '32564122': 8, 'gneJ260': 2, 'gneJ210': 1}, {'cluster_1757124350_1757124352': 1, 'gneJ143': 0, 'gneJ207': 2, 'cluster_306484187_cluster_1200363791_1200363826_1200363834_1200363898_1200363927_1200363938_1200363947_1200364074_1200364103_1507566554_1507566556_255882157_306484190': 5, '32564122': 9, 'gneJ260': 6, 'gneJ210': 1}, 
61170.0, {'cluster_1757124350_1757124352': -0.008928572, 'gneJ143': 0.0, 'gneJ207': 0.0, 'cluster_306484187_cluster_1200363791_1200363826_1200363834_1200363898_1200363927_1200363938_1200363947_1200364074_1200364103_1507566554_1507566556_255882157_306484190': 0.0, '32564122': -0.73660713, 'gneJ260': -0.02232143, 'gneJ210': 0.0}, {'cluster_1757124350_1757124352': 1, 'gneJ143': 0, 'gneJ207': 0, 'cluster_306484187_cluster_1200363791_1200363826_1200363834_1200363898_1200363927_1200363938_1200363947_1200364074_1200364103_1507566554_1507566556_255882157_306484190': 0, '32564122': 4, 'gneJ260': 2, 'gneJ210': 0}, {'cluster_1757124350_1757124352': 1, 'gneJ143': 0, 'gneJ207': 0, 'cluster_306484187_cluster_1200363791_1200363826_1200363834_1200363898_1200363927_1200363938_1200363947_1200364074_1200364103_1507566554_1507566556_255882157_306484190': 0, '32564122': 5, 'gneJ260': 2, 'gneJ210': 0}, 
61180.0, {'cluster_1757124350_1757124352': -0.09821428, 'gneJ143': -0.03125, 'gneJ207': -0.013392857, 'cluster_306484187_cluster_1200363791_1200363826_1200363834_1200363898_1200363927_1200363938_1200363947_1200364074_1200364103_1507566554_1507566556_255882157_306484190': -0.125, '32564122': -0.09821428, 'gneJ260': -0.11160714, 'gneJ210': -0.017857144}, {'cluster_1757124350_1757124352': 1, 'gneJ143': 1, 'gneJ207': 1, 'cluster_306484187_cluster_1200363791_1200363826_1200363834_1200363898_1200363927_1200363938_1200363947_1200364074_1200364103_1507566554_1507566556_255882157_306484190': 2, '32564122': 1, 'gneJ260': 2, 'gneJ210': 1}, {'cluster_1757124350_1757124352': 2, 'gneJ143': 1, 'gneJ207': 2, 'cluster_306484187_cluster_1200363791_1200363826_1200363834_1200363898_1200363927_1200363938_1200363947_1200364074_1200364103_1507566554_1507566556_255882157_306484190': 4, '32564122': 1, 'gneJ260': 2, 'gneJ210': 1}, 
61190.0, {'cluster_1757124350_1757124352': -0.26339287, 'gneJ143': 0.0, 'gneJ207': -0.22321428, 'cluster_306484187_cluster_1200363791_1200363826_1200363834_1200363898_1200363927_1200363938_1200363947_1200364074_1200364103_1507566554_1507566556_255882157_306484190': -0.64285713, '32564122': -0.058035713, 'gneJ260': -0.14732143, 'gneJ210': -0.026785715}, {'cluster_1757124350_1757124352': 2, 'gneJ143': 0, 'gneJ207': 5, 'cluster_306484187_cluster_1200363791_1200363826_1200363834_1200363898_1200363927_1200363938_1200363947_1200364074_1200364103_1507566554_1507566556_255882157_306484190': 4, '32564122': 3, 'gneJ260': 2, 'gneJ210': 1}, {'cluster_1757124350_1757124352': 4, 'gneJ143': 0, 'gneJ207': 8, 'cluster_306484187_cluster_1200363791_1200363826_1200363834_1200363898_1200363927_1200363938_1200363947_1200364074_1200364103_1507566554_1507566556_255882157_306484190': 16, '32564122': 3, 'gneJ260': 3, 'gneJ210': 1}, 
61200.0, {'cluster_1757124350_1757124352': 0.0, 'gneJ143': -0.008928572, 'gneJ207': -0.10714286, 'cluster_306484187_cluster_1200363791_1200363826_1200363834_1200363898_1200363927_1200363938_1200363947_1200364074_1200364103_1507566554_1507566556_255882157_306484190': -1.3883928, '32564122': -0.19196428, 'gneJ260': -0.22321428, 'gneJ210': -0.035714287}, {'cluster_1757124350_1757124352': 0, 'gneJ143': 1, 'gneJ207': 2, 'cluster_306484187_cluster_1200363791_1200363826_1200363834_1200363898_1200363927_1200363938_1200363947_1200364074_1200364103_1507566554_1507566556_255882157_306484190': 4, '32564122': 3, 'gneJ260': 2, 'gneJ210': 2}, {'cluster_1757124350_1757124352': 0, 'gneJ143': 1, 'gneJ207': 2, 'cluster_306484187_cluster_1200363791_1200363826_1200363834_1200363898_1200363927_1200363938_1200363947_1200364074_1200364103_1507566554_1507566556_255882157_306484190': 18, '32564122': 3, 'gneJ260': 4, 'gneJ210': 3}, 
